510427227
37095630
406524291
510427227
37095630
406524291
510427227
37095630
510427227
37095630
510427227
37095630
510427227
37095630
510427227
37095630
510427227
510427227
510427227
37095630
510427227
510427227
510427227
510427227
510427227
510427227
510427227
510427227
510427227
510427227
510427227
510427227
510427227
510427227
510427227
510427227
510427227
510427227
510427227
510427227
510427227
510427227
510427227
510427227
510427227
510427227
510427227
510427227
510427227
510427227
510427227
510427227
510427227
510427227
510427227
510427227
510427227
510427227
510427227
510427227
510427227
510427227
510427227
510427227
