34621376
35512636
423088508
582177108
35512636
57718363
63884861
564765885
268941177
346173202
34621376
588449476
35503986
43584848
34621376
43584848
283937933
34621376
587337939
34621376
435584353
43584848
587337939
322382934
285053884
263772746
410978448
589958177
263772746
589958177
34621376
460467675
266442802
589958177
34621376
263772746
583357636
425950264
589958177
425950264
460467675
589958177
460467675
589958177
583357636
410978448
589958177
589958177
583357636
589958177
43584848
589958177
43584848
589958177
583357636
407050182
589958177
589958177
589958177
583357636
589958177
582091377
67252692
589958177
34621376
589958177
583357636
35512636
587337939
583357636
589958177
37920832
583357636
589958177
43584848
589958177
582177108
43584848
35512636
589958177
583357636
57718363
583357636
583357636
583357636
583357636
