472890895
447552403
431595276
22543504
321091318
373191188
429900069
361606381
465867948
363776740
400297311
50385180
380035465
403275753
358183839
583641763
443578225
378271856
426503965
404152058
472890895
463381278
22543504
22815117
395525819
395312996
378271856
380035465
22815117
380035465
398719046
426933421
439978510
398719046
380035465
430062523
319216447
461084939
380035465
398719046
42095561
22543504
486113243
472890895
431595276
483162152
429955503
472890895
400465852
40698959
428263842
404152058
443404468
21812755
400297311
363776740
350927195
472890895
398719046
22543504
349752144
416535479
378271856
483368877
363776740
40698959
404152058
398719046
472890895
439569759
40698959
447552403
421936630
431595276
457928128
396409704
472890895
40698959
421936630
435900741
429955503
463946410
381562371
444536757
429955503
401409465
465867948
472890895
438817560
431595276
50385180
429955503
431595276
404152058
431595276
431595276
379310880
431595276
431595276
588396822
561975891
472890895
595098870
22543504
321091318
19967504
43476342
373191188
361606381
443578225
447552403
22815117
463381278
395312996
461822707
380035465
22815117
475781534
380035465
588162149
380035465
430062523
398719046
386316505
568241847
22543504
456587070
363776740
588162149
588162149
588396822
588396822
431595276
436890008
404152058
431595276
431595276
467071663
467275610
585600816
62173666
588396822
431595276
385072462
431595276
