493312042
496230078
465685634
493312042
459591640
460345965
459591640
460649784
493312042
465685634
496625165
493312042
465685634
460649784
493312042
460649784
461511344
493312042
459591640
460649784
462536580
459591640
460649784
460345965
459591640
496625165
547354177
459591640
496625165
459591640
497955424
462536580
494907111
469497123
465685634
493312042
475402000
462536580
493312042
517330897
493312042
496625165
496382014
493312042
493312042
478710271
495119531
547354177
493312042
478710271
493312042
517330897
496382014
496625165
460649784
494907111
493312042
495119531
493312042
496625165
