19750380
19557957
308903852
20111200
24106189
308903852
20576614
20222403
20355474
308903852
24853558
20178834
24853558
308903852
308903852
20222403
590844282
22038644
308903852
19565092
353999105
308903852
20111200
308903852
24853235
20111200
20111200
308903852
21663315
308903852
24853558
308903852
319603360
308903852
24087889
359205525
308903852
591038431
308903852
20111200
353999105
308903852
349383765
308903852
348224876
318456142
308903852
308903852
308903852
20111200
584004742
308903852
19557957
19565092
308903852
20111200
308903852
20111200
308903852
20111200
589139092
308903852
389190187
308903852
22037955
31693540
20111200
24853558
308903852
24853558
308903852
308903852
308903852
547244260
308903852
19565092
308903852
365779112
318456142
308903852
29586564
20111200
308903852
20111200
61217832
308903852
20111200
308903852
34847126
20111200
308903852
20111200
308903852
308903852
24375516
24853235
20462572
308903852
308903852
36218488
20839496
30184961
19593851
308903852
19557957
19565092
29220922
23046588
20812344
20032547
20812344
20032547
19919127
19705638
20465895
