362036469
359231309
382411707
388966314
53701710
36012019
386114087
404453141
382411707
290642137
36012019
531155405
542929105
384482533
450303117
386114087
472384615
22160716
507924520
438140531
383880832
480987801
267481658
382411707
26818731
472384615
348902953
382411707
388966314
472600355
382411707
450303117
22160716
472600355
383880832
542553082
348902953
388966314
578314868
383880832
348902953
267481658
348902953
383880832
470463898
348902953
267481658
383880832
382411707
22160716
388966314
510023532
348902953
438140531
579293677
348902953
450303117
382411707
450303117
348902953
450303117
348902953
567205289
542553312
537638826
348902953
472600355
450303117
383880832
592053190
540205960
348902953
579293677
290642137
271565118
472384615
348902953
472600355
472384615
540205960
450303117
579293677
592053190
450303117
472384615
579293677
348902953
348902953
450303117
592053190
472384615
359231309
450303117
450303117
589428941
290642137
450303117
383880832
450303117
590676566
579293677
450303117
348902953
450303117
590676566
450303117
348902953
450303117
348902953
450303117
40260010
450303117
386114087
450303117
348902953
450303117
584741360
450303117
579293677
348902953
450303117
539432509
348902953
450303117
348902953
450303117
472384615
382411707
388966314
472384615
21019948
362036469
359231309
438140531
438140531
472384615
450303117
472600355
382411707
383880832
470463898
438140531
383880832
510023532
450303117
383880832
472600355
22160716
472384615
383880832
450303117
348902953
472384615
450303117
290642137
450303117
450303117
450303117
450303117
40260010
450303117
472384615
388966314
