292369449
46835030
41476832
476043703
36303800
562357492
452873548
289089229
452873548
477131662
352236810
43690020
19942068
408385390
41476832
510787777
348746678
274100165
586058887
452873548
292369449
40084678
41476832
292369449
318474874
344303445
29224038
452873548
586625205
40084678
27873328
401044948
371179069
19942068
538140267
433219307
452873548
41476832
589497183
395606638
397962012
452873548
275956001
452873548
41476832
31044894
477131662
452873548
397962012
477008179
388447851
397962012
457919642
477008179
29224038
274100165
370841540
41476832
63803000
477131662
430665133
333041432
41476832
499682298
403043860
392726949
432037331
29224038
28859096
452873548
403043860
452873548
30699817
288848342
41476832
41476832
469118740
403043860
445326907
41476832
41476832
452873548
31044894
41476832
525017226
477008179
483864512
41476832
333041432
31044894
392726949
41476832
19942068
41476832
332514909
31044894
428677169
477008179
41476832
31044894
19942068
31044894
371179069
371179069
586058887
386114087
351120291
41476832
46835030
446913246
326431989
372768228
41476832
524277875
29224038
65566447
41476832
452873548
370841540
359103187
41476832
498278339
338168933
274100165
359103187
370841540
517219409
31044894
41476832
265421668
41476832
34683941
452873548
333041432
530287854
359103187
452873548
403043860
433265499
392726949
338168933
27873328
452873548
403043860
19942068
20048713
403043860
452873548
426267406
20048713
370841540
333041432
338168933
392726949
26740284
41476832
19942068
41476832
29224038
19942068
475315550
286975622
63008649
452873548
274100165
275956001
287719008
371391188
352236810
452873548
303012777
19976022
442303126
27952897
452873548
43690020
65964411
452873548
20053382
65964411
566231911
270572116
340951292
527346088
491916898
343820305
23748134
452873548
452873548
507723872
403043860
392726949
29224038
370841540
371179069
371391188
401044948
31044894
403043860
437034374
436568171
370841540
333041432
41476832
452873548
392726949
41476832
31044894
41476832
370841540
359103187
378111942
41476832
380455534
57820556
458641505
303012777
48167082
63008649
408385390
20731703
371787219
493311623
293223862
29224038
401044948
275956001
36303800
386115701
292369449
551112707
46835030
303981211
432954517
349531834
442303126
33252369
34950223
338168933
275956001
63524908
24579968
452873548
305678132
326037767
362106000
286975622
359103187
41476832
41867280
283581195
477131662
421815036
414600531
286975622
445031864
401044948
381964462
385372553
397962012
314139298
24757482
381964462
513823160
435417603
59032996
27591908
423972590
350296618
21444522
324670685
49691793
333041432
320541491
373877125
26377103
298663298
446913246
403043860
392726949
370841540
48167082
316206433
401044948
348746678
371179069
296528242
403043860
288848342
41476832
403043860
62722667
20053382
397962012
452873548
21487768
65069174
420604572
476043703
380687953
461837840
328952918
435811209
452873548
392726949
370841540
461837840
410514396
371391188
41476832
41476832
267782364
31044894
461837840
286975622
34683941
586058887
291935169
458887617
493311623
62405426
491916898
29224038
371101268
404550187
386115701
329115040
41476832
354960829
461837840
29224038
345513558
349440477
354960829
19942068
410514396
433213082
41867280
397962012
477008179
264395039
491916898
