57770141
440659402
47421264
558085542
436253716
57770141
441608736
47421264
57770141
502556861
66781134
441608736
47421264
263918461
441608736
502556861
66781134
55132486
502556861
441608736
428342264
292858542
502556861
430523554
421502791
502556861
57714438
464924544
502556861
558085542
47421264
419474719
502556861
47421264
47421264
356231304
440659402
588405681
601714398
504034788
436253716
477328185
431054700
47421264
601714398
55132486
502556861
440659402
392311257
502556861
549302397
393962301
421502791
57714438
430523554
421502791
383352971
502556861
421502791
502556861
441608736
421502791
356405506
