52149636
22836010
383481387
37865162
22836010
325803461
37865162
52149636
37865162
292275470
37865162
52149636
278476688
292275470
37865162
37865162
292275470
37865162
37865162
37865162
37865162
37865162
37865162
37865162
37865162
292275470
37865162
37865162
37865162
37865162
292275470
37865162
37865162
37865162
37865162
292275470
37865162
37865162
37865162
37865162
292275470
37865162
37865162
37865162
37865162
37865162
37865162
37865162
37865162
37865162
37865162
37865162
37865162
37865162
37865162
