467516318
467516318
435225279
454039710
467516318
435225279
515273794
435225279
435642264
515273794
435225279
515273794
435225279
515273794
435225279
436606351
515273794
435225279
515273794
435225279
515273794
435225279
435225279
435505630
435225279
435505630
443637306
435225279
435631483
435225279
435225279
435225279
435225279
435225279
435225279
435225279
435225279
435225279
435225279
435225279
435225279
435225279
435225279
435225279
435225279
435225279
435225279
435225279
435225279
435225279
