444974799
28628114
29418467
338773376
347601613
266258345
375660908
28628114
449264618
64401659
23811630
28628114
532793074
35108974
525469794
321036074
314820595
28628114
449264618
28628114
480722436
328036536
542431429
344346993
28628114
387050708
35108974
541600803
23811630
28628114
23811630
28628114
21095633
346456553
366054250
42191143
542840669
583895941
23811630
321036074
28628114
347601613
36951135
28628114
23811630
530443912
589435962
23811630
28628114
589435962
63324795
453076433
306720180
263982820
589435962
583895941
321036074
589435962
28628114
23811630
321036074
588679528
542840669
589435962
28628114
589435962
23811630
318930355
321036074
542840669
453076433
589435962
583895941
589435962
23811630
364652100
589435962
542840669
28628114
530443912
589435962
430738094
28628114
589435962
23811630
589435962
589435962
589435962
589435962
352859104
453076433
589435962
525469794
589435962
589435962
483643181
589435962
453076433
589435962
548174891
589435962
591906788
444974799
28628114
30547908
449264618
47979529
35108974
338773376
28628114
369233555
40877791
268683483
321036074
23273813
397412082
437426099
304966148
330430540
26923923
448556797
335506408
542431429
318930355
326773709
517147220
28628114
367368230
542840669
338773376
542431429
318930355
372690728
338773376
347601613
23811630
335506408
386417933
542431429
23811630
348353891
522429763
542431429
320240565
335421086
542840669
30547908
28628114
23811630
321036074
21365459
347601613
47979529
449264618
589435962
28628114
347601613
366054250
340442860
28628114
322372781
49223288
423465900
370872346
366054250
23811630
532793074
359675150
368130614
379355112
350784056
28628114
47979529
448556797
348374523
358341176
525469794
448556797
362290718
448556797
39908455
542431429
444974799
294979304
23811630
602843948
413195285
449264618
30638674
28628114
377002548
23811630
542840669
28628114
64374982
430738094
26975359
23811630
38465386
448556797
28628114
47979529
31068712
335506408
321036074
551485238
364652100
533314380
352553417
542431429
551485238
338702780
530443912
551485238
347601613
542431429
551485238
480722436
64374982
542431429
370872346
430738094
23811630
28628114
319842677
542840669
68307881
26726182
47979529
551485238
30638674
589435962
28628114
27627614
518056124
267599860
28628114
461206968
480722436
520862909
28628114
461206968
58300334
420581056
593421231
28628114
26822332
47979529
371172175
394757336
320945933
532793074
448556797
424328712
23811630
287305833
449264618
304966148
30638674
328036536
449264618
31433854
430255437
410632933
344346993
58300334
318930355
30515573
324021453
452105405
46245249
413110889
359675150
573667384
435912716
338773376
29418467
28628114
348374523
551485238
63324795
330430540
28628114
386417933
315043677
387289230
335399002
28628114
318930355
26822332
63324795
28628114
542431429
350612156
318376250
28628114
335506408
371172175
23811630
541600803
449264618
370858277
314820595
56930323
391347041
323472765
335506408
602843948
328036536
28628114
463342329
449264618
445056457
394445433
324021453
294613552
268683483
387978225
323472765
542431429
362587364
379355112
378093615
339802486
452105405
30638674
542431429
348374523
269601275
450142183
65048849
444974799
364652100
324021453
353547049
295074662
28628114
322820848
353547049
318930355
335421086
364652100
363524247
28628114
438488541
532793074
20355651
480722436
445056457
394445433
446030969
23811630
435912716
367368230
370872346
449264618
532793074
26726182
493608220
338702780
28628114
47979529
533130164
435912716
319574035
29906983
263982820
338773376
268239851
386417933
357366601
542840669
589435962
542431429
362587364
350783550
444974799
24604142
551485238
47979529
318930355
20355651
344137720
551485238
287305833
541600803
589435962
386417933
295084829
335421086
328036536
340323033
21582913
29418467
591906788
27495698
29438601
29418467
40877791
542431429
28628114
386417933
40969731
396123470
42191143
314791320
26822332
28628114
28628114
321036074
335421086
518223518
28628114
28628114
542431429
324021453
449264618
321036074
328593729
350952879
26822332
49223288
542840669
452105405
530443912
348178167
589435962
551485238
453076433
551485238
589435962
589435962
589435962
310205610
589435962
589435962
591906788
589435962
589435962
28628114
589435962
28628114
