268004685
21567179
453489671
320000959
312187268
42221947
561226050
478513307
312187268
416882321
561226050
454593945
312187268
453489671
416882321
478513307
271730943
312187268
268004685
271730943
423378534
561226050
373800851
454593945
271730943
453489671
373800851
439443890
271730943
561226050
312187268
423378534
584871215
561226050
373800851
271730943
454593945
561226050
373800851
271730943
581331028
561226050
271730943
453489671
561226050
271730943
561226050
271730943
509197585
416882321
561226050
271730943
585812775
561226050
312187268
271730943
439443890
561226050
373800851
576935941
561226050
561226050
50463140
327974665
24445960
561226050
590732215
416882321
271730943
583132114
271730943
514204176
561226050
271730943
576935941
271730943
514204176
271730943
561226050
514204176
422260311
271730943
268004685
373800851
271730943
590567783
561226050
271730943
561226050
271730943
561226050
423378534
271730943
561226050
268004685
271730943
423378534
561226050
514204176
271730943
572738652
271730943
581331028
453489671
271730943
581331028
561226050
271730943
561226050
271730943
320000959
572738652
561226050
271730943
590732215
271730943
581331028
561226050
271730943
585812775
561226050
271730943
423378534
561226050
561226050
271730943
561226050
271730943
439443890
271730943
561226050
561226050
561226050
24445960
453489671
561226050
454593945
271730943
50463140
561226050
312187268
423378534
561226050
373800851
271730943
373800851
561226050
271730943
271730943
373800851
561226050
271730943
561226050
271730943
271730943
423378534
561226050
561226050
561226050
561226050
271730943
561226050
