31586957
23138758
324910107
48013206
428320469
31586957
396798589
23138758
28671839
41693800
37185128
21508974
22232088
41693800
575117333
471157719
296856094
35100489
351920653
22636212
21508974
351920653
54458179
371343556
37701752
394897694
351920653
23138758
477428083
36305495
351920653
559959517
31001231
351920653
471157719
41693800
351920653
471157719
351920653
351920653
327159430
40793569
351920653
500715856
501929004
351920653
351920653
583058434
327159430
39231798
351920653
351920653
310622936
588450075
351920653
21508974
351920653
54458179
40793569
21508974
288495474
330010346
