30024041
22109510
264837362
48484446
24984956
23087254
52288424
264837362
48484446
24984956
23087254
52288424
264837362
22109510
24984956
23087254
551832278
264837362
22109510
24984956
23680530
551832278
22109510
264837362
23089488
22610600
22109510
551832278
23087254
48484446
264837362
551832278
24984956
48484446
264837362
22120374
38244599
22109510
24984956
264837362
22610600
52288424
22109510
35079866
40000588
40000568
264837362
22109510
39524235
24984956
23087254
264837362
23087254
264837362
