313596239
302960927
437874988
302960927
321941092
440953119
440953119
345161110
440953119
440953119
319244394
422523005
434431161
591698007
382988052
311610783
489136408
437874988
382988052
440953119
321941092
382988052
440953119
308312843
302960927
382988052
321941092
345161110
326679904
302960927
380436225
440953119
349181261
325876144
419312170
591698007
302960927
302960927
577164978
440953119
321941092
54280155
431792363
472592660
348068393
302960927
302062368
45087260
315722393
382988052
313596239
507821902
337660537
265854169
321941092
326679904
322163256
321941092
352898218
384115757
395900706
382988052
265854169
325876144
434431161
524055833
55880807
319803721
382988052
302062368
331256145
51734203
325876144
356810400
347104050
325876144
314175263
45476018
398810627
