583008792
583974114
587877465
583944125
583008792
569601416
550571777
569601416
510565682
507019031
554425169
569601416
541695627
507019031
541695627
507019031
515704934
507019031
519004517
525904820
507019031
507019031
376378137
512914369
297668821
507019031
512914369
507019031
512914369
515704934
495657771
361980377
489980269
495657771
300546420
447500802
346292462
388035696
447500802
376378137
380216363
447500802
310102525
361980377
346292462
447500802
388035696
358819128
388035696
314023618
300533071
305974567
311576709
297668821
305252014
300546420
300546420
301780301
300546420
305252014
300533071
300546420
305252014
300546420
305252014
300533071
300546420
297668821
300546420
300533071
297668821
300546420
300533071
300546420
300546420
300546420
