35368304
386543822
524429314
329536436
35368304
383496985
479159666
292327773
35368304
479159666
343617324
383496985
35368304
383449455
492446869
383496985
35368304
383496985
35368304
564409487
383496985
343617324
35368304
451599850
524429314
35368304
329536436
35368304
560124665
307013283
383449455
35368304
343617324
383496985
63013516
35368304
588176589
63013516
35368304
441700809
383449455
35368304
383449455
383496985
35368304
396382385
292327773
35368304
383449455
35368304
479159666
292327773
387034466
35368304
383449455
35368304
343617324
35368304
383449455
35368304
480825078
35368304
329536436
292327773
35368304
329536436
478014922
480825078
35368304
451599850
480825078
35368304
480825078
35368304
332231859
476984365
480825078
35368304
329536436
35368304
451599850
35368304
387034466
480825078
35368304
406587238
35368304
480825078
571776336
379577100
35368304
480825078
35368304
383496985
480825078
35368304
480825078
35368304
480825078
307013283
35368304
451599850
480825078
528480310
35368304
480825078
35368304
480825078
35368304
480825078
35368304
35368304
480825078
35368304
35368304
35368304
35368304
480825078
35368304
35368304
35368304
35368304
480825078
35368304
35368304
480825078
35368304
35368304
35368304
480825078
35368304
480825078
480825078
480825078
480825078
35368304
480825078
480825078
480825078
480825078
480825078
480825078
480825078
480825078
555313637
406587238
53136504
365913946
35368304
340287904
485093080
577733352
329536436
332231859
35368304
35368304
292327773
35368304
383449455
35368304
564923241
35368304
35368304
560124665
476984365
35368304
547924300
35368304
35368304
480825078
564923241
35368304
555313637
35368304
480825078
35368304
555313637
480825078
451599850
35368304
402799785
480825078
35368304
564923241
555313637
480825078
383496985
486274813
555313637
480825078
35368304
555313637
480825078
513384578
555313637
480825078
336922903
485048904
480825078
480825078
