588847252
587627791
404934847
591792925
588847252
587627791
471502408
591792925
486454546
345833350
419266001
430309787
426042430
464324894
416575369
471502408
430231770
426928580
355467287
432786398
430231770
345833350
434331942
425855246
432742365
426042430
432208542
430309787
416575369
439164252
296429216
431864128
426042430
425855246
296429216
427843119
427107273
425562147
427359711
404934847
426042430
416575369
425855246
426042430
427994805
428539520
428498791
425666688
426142767
426834308
355467287
426042430
428539520
426834308
413615894
426042430
417608863
404934847
296429216
416575369
404934847
426042430
425636584
407748868
416575369
425579393
404934847
416575369
393320203
404934847
416575369
417608863
355467287
404934847
416575369
407748868
393320203
404934847
416575369
393320203
349890570
404934847
416575369
355467287
296429216
404934847
393320203
296429216
404934847
296429216
404934847
357367279
355467287
404934847
296429216
357367279
404934847
296429216
365307915
404934847
362490633
404934847
365307915
362490633
357367279
404934847
344409301
345833350
362490633
357367279
348743916
354715285
362490633
357367279
346699949
330298350
362490633
345434461
347149096
344409301
345434461
353105048
330298350
345433148
296429216
345434461
345433148
330298350
345434461
353105048
345433148
362490633
345434461
345433148
354715285
345434461
345281543
362490633
345434461
330298350
296429216
330298350
345434461
330298350
330298350
330298350
471502408
541569826
345833350
486454546
516528411
355467287
479890927
486454546
487645420
470929205
428539520
471570012
470929205
464261153
486454546
476007645
479890927
296429216
471502408
426834308
428539520
471502408
425855246
464324894
455480520
464324894
464261153
472233226
416575369
456639585
445225385
448222446
456639585
432208542
427967626
439697713
425594443
416575369
438873713
430309787
425579393
442052233
429455073
438873713
439164252
296429216
425562147
425594443
428539520
425729612
358349426
427107273
426042430
430231770
425579393
427107273
426042430
404934847
433328600
428345267
426042430
426142767
427157195
428539520
426042430
426142767
425594443
425536008
429015515
426042430
426834308
425594443
416575369
428771312
426042430
426971160
413663232
425579393
427379898
425546568
413663232
296429216
426142767
425855246
416575369
404934847
426142767
417167107
425538454
425666688
427107273
412632136
404374243
355467287
425579393
406963634
393320203
416575369
404934847
425855246
417608863
393320203
404934847
348743916
416575369
407748868
393320203
404934847
406313016
416575369
393320203
404934847
395581614
416575369
393320203
404934847
416575369
296429216
407748868
404934847
393320203
355467287
388119655
404934847
395581614
355467287
296429216
404934847
357367279
395581614
355467287
346940802
404934847
357367279
355467287
364493351
404934847
362490633
355467287
355106141
357367279
362490633
344409301
357367279
355467287
362490633
348973905
354715285
357367279
355467287
362490633
348743916
346525071
346940802
357367279
362490633
345281543
362490633
346940802
357367279
330298350
346525071
362490633
357367279
345434461
353105048
588847252
426834308
479890927
416575369
464324894
416575369
464261153
413615894
427107273
476007645
445893549
470929205
426529243
458247563
439697713
447242744
453049032
357367279
438873713
448222446
448933264
425538454
428498791
444372350
438873713
444372350
449306402
456639585
438873713
357367279
432786398
437289699
444372350
453049032
426042430
425579393
425594443
458128694
441618537
426529243
432208542
425855246
442161277
427107273
393320203
432208542
432742365
429517264
425880253
425536008
430557222
427107273
432786398
416575369
426042430
355467287
427107273
428539520
427379898
430513734
427916662
427107273
426042430
428498791
430657310
430309787
426142767
425579393
428498791
425536008
426042430
426142767
425562147
425579393
425594443
423189532
413663232
430309787
426142767
425594443
427107273
426042430
417608863
428771312
425594443
428345267
425579393
430657310
425594443
426142767
409256617
416575369
425538454
421467818
426142767
425666688
407748868
425579393
425729612
423189532
416575369
425545903
425579393
404934847
371882190
353105048
418921789
425855246
404934847
357367279
417608863
393320203
412632136
355467287
407748868
393320203
404934847
416575369
393320203
404934847
416575369
355467287
393320203
404934847
422494546
296429216
393320203
395581614
368800052
393320203
404934847
355467287
346940802
393320203
404934847
355467287
357367279
393320203
404934847
371882190
365307915
357367279
362490633
404934847
357367279
365307915
404934847
362490633
345833350
357367279
353105048
404934847
362490633
345434461
357367279
361953492
404934847
362490633
365307915
357367279
354715285
348743916
362490633
360001642
357367279
348743916
362490633
418183541
577282294
430513734
587627791
354380341
581534858
438873713
296429216
448222446
438283544
438873713
438283544
296429216
404934847
464324894
471570012
432946055
486454546
427107273
470929205
464261153
464324894
453476296
432786398
446864094
432786398
449306402
464261153
453460337
438283544
445135590
432208542
442003911
453402238
437405958
438873713
426042430
433328600
296429216
443333457
432208542
427503011
427107273
418628678
425666688
432943372
427503011
431622119
426142767
430557222
432208542
427893838
428771312
426971160
433328600
430657310
427994805
425579393
425538454
426042430
425536008
430557222
426971160
422061284
424090712
425579393
430557222
425538454
426142767
427994805
425579393
425538454
425762995
425536008
425579393
425538454
417608863
296429216
426142767
427379898
425538454
427359711
426042430
428771312
425538454
425579393
425546568
427893838
409256617
405112547
425579393
425546568
416575369
421553326
425855246
427107273
413615894
416575369
417167107
427070401
417100858
404934847
416575369
413655592
407748868
404934847
393320203
407748868
404934847
416575369
409256617
407748868
404934847
416575369
406963634
393320203
388119655
404934847
416575369
377438514
357367279
368800052
404934847
373402328
355467287
357367279
348779610
404934847
365307915
357367279
346525071
404934847
365307915
357367279
348743916
404934847
346525071
353105048
357367279
330298350
404934847
362490633
357367279
346940802
404934847
362490633
348831394
357367279
353105048
404934847
362490633
348743916
404934847
362490633
347373177
357367279
346699949
348743916
354936550
448933264
588847252
508850302
443007762
577282294
406960865
588847252
404934847
577282294
581534858
427107273
591792925
577282294
578226720
581534858
439697713
577282294
578226720
581534858
577282294
581534858
577282294
345833350
577282294
577282294
577282294
577282294
296429216
430231770
459345381
456639585
