20997688
21791450
495419108
398544680
20997688
456106363
21791450
41393752
41442256
464388356
20997688
38580688
24642565
20692215
22602336
41393752
568589054
22602336
41393752
40959160
22829968
20997688
22265091
278762398
53863494
296131271
576357571
20997688
37744146
30374102
283782479
53863494
53863494
37744146
22602336
20997688
37744146
50391975
51570860
59124763
51570860
20692215
51570860
372486156
498785432
50439148
48277717
35587964
50439148
48277717
386837134
46838963
50439148
22602336
47115737
44332376
37744146
36601294
41620781
266734854
46890491
36601294
41620781
398544680
41393752
51570860
52115232
48232253
59339071
51570860
48277717
51570860
50439148
510204687
456106363
41442256
53863494
20997688
41393752
264167709
603483777
53863494
30374102
21791450
53863494
400459937
576527270
24642565
278974452
464388356
581547006
568589054
336432090
464388356
27442034
603483777
581547006
461504486
503700370
20692215
42057176
20997688
372486156
24642565
566474483
268029240
48277717
35587964
20121746
581547006
48277717
386837134
46838963
50439148
566474483
44332376
400341797
36601294
41620781
61723802
46890491
36601294
581547006
398544680
59613438
603483777
296131271
52115232
48232253
48277717
24117088
50439148
523378459
46890491
58814152
58814152
44332376
