270664811
441519234
491756817
495633219
487640532
491756817
495633219
481524641
491756817
495633219
487640532
491756817
270664811
487640532
491756817
459460744
487640532
491756817
487640532
491756817
459460744
487640532
491756817
445722360
270664811
487640532
491756817
445722360
450335063
447145177
487640532
491756817
445722360
487640532
491756817
445722360
274196363
487640532
491756817
445722360
432495584
274196363
487640532
491756817
445722360
423400708
274196363
487640532
491756817
445722360
417391531
423400708
487640532
491756817
445722360
274196363
423400708
487640532
491756817
445722360
424056990
423400708
487640532
491756817
445722360
424056990
423400708
487640532
491756817
445722360
414651901
423400708
487640532
491756817
445722360
423400708
487640532
445722360
417391531
423400708
491756817
414651901
414515055
423400708
487640532
491756817
407682414
414515055
423400708
487640532
491756817
407682414
414651901
423400708
491756817
417391531
394711791
423400708
414515055
491756817
417391531
410591362
423400708
417391531
407656079
423400708
407775282
491756817
417391531
407682414
423400708
414515055
491756817
417391531
423400708
408326830
491756817
417391531
407670420
407775282
491756817
417391531
407670420
407682414
417391531
407656079
407670420
407775282
407682414
417391531
394711791
395914415
407682414
417391531
394711791
268146597
417391531
394711791
393556406
417391531
394711791
361304293
274196363
417391531
343222476
361304293
324739484
417391531
275580509
417391531
306787841
272030026
275580509
317095604
417391531
306787841
324739484
275580509
323639008
417391531
306787841
264796998
417391531
306787841
275580509
417391531
306787841
275580509
306787841
524415682
586837249
459460744
548318367
565506161
64922181
563357115
555474480
553824334
275747512
551854485
553824334
548318367
551854485
553824334
563423019
548318367
553824334
551854485
548318367
553824334
551854485
264796998
548318367
551745676
551854485
555474480
548318367
551745676
551854485
548318367
551854485
548318367
317095604
551854485
551854485
547833500
496816497
551854485
547833500
551854485
547670656
551854485
487640532
496378741
491756817
487640532
481524641
495633219
487640532
495633219
491756817
487640532
487640532
487640532
445722360
447145177
407682414
423400708
328624805
410591362
423400708
414651901
407682414
417391531
407670420
407682414
393556406
306787841
306787841
275580509
268146597
272030026
277036303
277036303
268146597
268277782
268146597
264796998
271437151
268146597
264796998
268146597
268146597
264796998
264796998
264796998
264796998
264796998
264796998
264796998
264796998
