48736409
24225610
557594279
48736409
24225610
21090484
48736409
24225610
48736409
24225610
21090484
48736409
24225610
48736409
489595902
48736409
21090484
48736409
48736409
48736409
388047514
48736409
21090484
24225610
48736409
21090484
48736409
560680461
561735639
388047514
48736409
560680461
48736409
557284274
48736409
48736409
24225610
48736409
557284274
48736409
48736409
557594279
48736409
560680461
405657920
24225610
421250123
24225610
557594279
564533742
561735639
557284274
560680461
557284274
557594279
561735639
557284274
557594279
557284274
561735639
48736409
557594279
557284274
561735639
557284274
561735639
48736409
489595902
48736409
48736409
557284274
48736409
48736409
48736409
48736409
48736409
48736409
