28739754
28667677
464030905
21234093
21932857
44925659
28667677
457717946
318654112
28667677
44925659
30222367
411160381
36778060
22689964
28667677
318654112
464030905
521089870
318654112
373947977
38491691
21234093
38491691
457717946
44925659
38491691
518078044
21234093
38491691
501890464
587703290
44925659
21916705
267853626
30888633
44925659
38491691
36778060
44925659
373947977
38491691
521089870
527630940
341253526
518078044
585109512
518078044
342114443
44925659
361662120
367367242
341253526
44925659
342114443
36338565
363070912
341253526
400879447
342114443
44925659
510244135
342114443
44925659
31292883
44925659
267853626
518078044
382324805
373947977
28667677
518078044
44925659
402252027
24947871
357162117
518078044
342114443
21234093
341253526
44925659
342114443
318654112
341253526
342114443
44925659
267853626
585109942
521089870
341253526
27344977
406305013
357162117
344401874
361662120
36338565
363070912
267853626
446480402
44925659
382324805
267853626
317091707
44925659
267853626
44925659
267853626
363070912
21234093
520141777
480959431
28667677
584301194
28739754
28667677
342114443
342114443
29602287
24887053
44925659
20332485
464030905
24947871
44925659
36778060
28667677
36338565
44925659
36778060
318654112
27464770
25116842
27500155
38491691
373947977
342114443
510244135
342114443
28667677
382324805
373947977
44925659
402252027
24947871
342114443
44925659
28667677
317091707
39786576
38656997
