44927439
39378185
587448829
413752761
44927439
28763298
56402211
357208888
44927439
46801083
432436403
313884457
576569843
44927439
372834048
313884457
44927439
39378185
56402211
44927439
39378185
313884457
57794012
44927439
39378185
294983273
413752761
356169483
372834048
410554570
362050879
294983273
313884457
412737768
372834048
44927439
39378185
413752761
372834048
546024030
357208888
372834048
294983273
39378185
576569843
46801083
372834048
413752761
327205941
372834048
357208888
313884457
39378185
372834048
60154295
313884457
421534272
294983273
372834048
39378185
318831428
327205941
46801083
357208888
39378185
46801083
60154295
313884457
44928316
46801083
413752761
356169483
39378185
56402211
372834048
313884457
413752761
313884457
294983273
432436403
60154295
571224602
589266196
368283948
46801083
44928316
318831428
413752761
294983273
357208888
413752761
46801083
55910590
413752761
432436403
413752761
294983273
372834048
413752761
39378185
313884457
372834048
546024030
413752761
391893496
313884457
576569843
413752761
294983273
44928316
413752761
372834048
294983273
56402211
413752761
372834048
294983273
356169483
39378185
44927439
413752761
546024030
413752761
385842540
413752761
313884457
571224602
413752761
413752761
276586974
413752761
413752761
413752761
413752761
587448829
413752761
571224602
39378185
313884457
56402211
39378185
412737768
413752761
313884457
44928316
413752761
46801083
44928316
413752761
44927439
571224602
60241510
294983273
413752761
571224602
44927439
329723613
413752761
576569843
413752761
576569843
44927439
413752761
586433333
44927439
413752761
571224602
413752761
44928316
571224602
571224602
46801083
44928316
44928316
294983273
