382013464
47587448
387195395
44078624
305618934
416600722
47587448
276510382
44078624
387195395
304023857
264912451
44078624
417654317
47587448
304023857
44078624
47587448
304023857
44078624
305618934
276510382
47587448
304023857
44078624
304023857
44078624
51618623
264912451
412851553
47587448
304023857
51618623
44078624
304023857
305626327
387195395
304023857
47587448
305626205
412851553
304023857
47587448
387195395
304023857
47587448
44078624
305422154
304023857
63524908
47587448
304023857
51618623
304023857
387195395
51618623
304023857
390307116
304023857
47587448
63524908
68770047
276510382
47587448
264912451
44078624
276510382
412851553
387195395
44078624
412851553
57830726
304023857
390307116
353478816
433922510
47587448
304023857
304023857
305626327
271050751
390307116
304023857
264912451
412851553
276510382
53416715
47587448
47587448
44078624
264912451
276510382
47587448
44078624
264912451
304023857
304023857
47587448
47587448
305705311
264912451
382013464
305705311
353478816
264912451
44078624
304023857
305618934
51618623
387195395
304023857
264912451
47587448
304023857
44078624
47587448
387195395
304023857
51618623
412851553
51618623
353478816
276510382
47587448
304023857
275128890
304023857
276510382
390307116
