20956344
580648906
20956344
580648906
20956344
580648906
580648906
580648906
580648906
580648906
580648906
580648906
580648906
580648906
580648906
580648906
580648906
580648906
580648906
580648906
580648906
580648906
580648906
580648906
580648906
580648906
580648906
580648906
580648906
580648906
580648906
580648906
580648906
580648906
580648906
580648906
580648906
580648906
580648906
580648906
580648906
580648906
580648906
580648906
580648906
580648906
580648906
580648906
580648906
580648906
580648906
580648906
580648906
580648906
580648906
580648906
580648906
580648906
