362988333
493159345
478782133
510427227
392189907
303246351
48040579
376186399
451886985
504127870
48040579
24113539
511003371
362988333
275554326
528231162
303246351
332945669
48040579
566986278
48040579
46720776
452055394
370064579
21351899
270425530
24113539
392189907
20775301
392189907
570593030
316181606
362988333
265754729
430840515
48040579
303246351
292262836
29679547
270425530
351941058
392189907
385124169
48040579
30860755
392189907
19798259
48040579
22158873
293916524
19823754
334197308
564587835
456362061
24113539
564587835
493159345
289599760
452055394
576925840
445968666
297367237
600903860
445968666
62147585
610740876
317733533
525734758
544389921
23033452
57569577
58428694
600903860
24113539
20708070
564587835
23033452
391670653
20748120
289599760
564587835
48040579
456362061
22896159
265754729
564587835
26390584
445968666
48040579
609534432
289599760
591969963
28709439
289599760
322956268
583601530
392189907
24113539
392189907
591363871
46720776
564587835
426145932
58428694
450799948
591693501
305937689
345276570
362988333
564587835
610065289
292353949
362988333
24113539
320931711
31530642
26814125
391670653
289599760
362988333
430840515
289599760
600903860
28341125
30095080
436114015
289599760
20748120
316181606
289599760
48040579
48040579
305937689
564587835
48040579
48040579
376186399
610551013
601586753
564587835
30095080
567977169
322956268
289599760
392189907
528231162
482871183
289599760
392189907
528231162
506403893
59534769
359033554
457500055
551887309
388565648
27154255
51539258
24113539
452055394
438098964
19798259
58428694
457500055
271103676
19580414
551887309
48040579
456362061
457500055
322956268
58428694
392189907
403338819
376186399
24113539
529482939
392189907
353576216
26814125
528627412
265754729
580496219
531732092
271780462
26649929
351941058
48040579
30095080
303246351
510636602
20775301
48040579
592022938
20903168
482871183
19798259
27686037
395139983
509165028
450225063
313780285
383496985
397127695
476280078
46720776
445968666
287749062
375735424
289599760
62147585
24113539
375735424
19823754
322956268
372691460
30095080
578482566
354977329
311867876
507487179
439715420
430840515
289599760
591967784
57569577
53529369
31280043
28709439
48040579
48040579
22896159
24113539
426145932
19580414
353576216
322956268
436114015
389376323
392189907
592022938
392189907
303246351
30095080
445968666
430840515
46720776
48040579
295913366
523118450
24113539
564587835
48040579
397182739
289599760
332945669
457500055
497365836
303246351
362988333
26390584
370064579
19580414
289599760
66132365
30095080
289599760
293109318
23033452
289599760
564587835
489752337
576925840
452055394
20775301
30095080
48040579
362988333
376186399
30095080
457500055
362988333
57569577
30095080
319764527
445968666
29679547
519176732
298319196
21351899
48040579
19989748
452055394
30095080
21351899
356276287
271780462
452055394
30383772
303246351
29679547
26390584
316181606
58428694
528627412
48040579
334197308
448703335
305937689
293916524
457386019
311867876
430763723
26390584
362988333
354957899
362988333
528627412
315277828
305937689
29679547
346325354
57569577
392189907
30095080
512886035
23033452
29679547
40729955
24113539
319352547
354977329
23033452
57569577
311867876
334692453
369726565
459186465
29564567
289599760
376186399
48040579
26390584
57569577
26996036
66132365
292262836
340454352
392902165
493159345
57569577
436114015
289599760
289599760
321973441
62366214
24113539
322956268
355014399
354492483
456075025
456362061
391670653
430840515
269053219
467970035
48040579
60022535
41044446
426145932
289599760
19580414
48040579
452740829
48040579
19798259
305937689
305937689
528231162
58428694
28341125
303246351
287749062
20961302
359033554
29527810
493159345
376186399
19580414
31369661
48040579
28709439
322956268
19823754
372542848
31280043
29679547
317733533
20748120
19823754
20291514
20835238
499275114
30383772
291397382
48040579
303246351
62366214
29679547
329688594
35368304
295173171
360538012
400549668
400549668
24113539
564587835
56873418
482871183
305937689
295913366
26814125
26390584
355014399
46720776
369863472
391369207
303246351
32390981
28341125
581837037
24113539
66132365
19580414
528231162
321973441
48040579
48040579
489752337
34306950
24113539
268321116
41752272
20961302
428555856
377102188
368809289
568190450
26814125
512211492
376186399
353576216
26814125
400549668
266042231
478014922
484137115
459186465
459186465
353576216
303246351
21351899
462615293
24113539
24113539
48040579
21351899
311867876
280506188
48040579
391670653
392189907
544389921
26814125
303246351
48040579
439678293
392189907
35368304
439715420
430840515
566986278
359033554
289599760
392189907
30095080
528231162
274220285
48040579
19798259
20748120
265134497
28341125
61530956
20835238
445968666
448703335
24113539
58428694
20775301
543677705
58428694
58775065
48040579
268321116
376186399
353576216
465248250
22896159
30860755
504209947
24113539
427149015
372691460
48040579
549829660
46720776
19823754
378915634
376186399
311867876
419234824
26814125
370064579
48040579
271780462
359033554
401764672
329688594
383496985
448182657
359033554
437472000
370064579
20775301
293916524
511189740
347217208
35368304
287749062
452892801
439715420
266985767
493159345
378747789
48040579
318516065
372646159
384661184
499189081
48040579
