266424105
379096323
300091677
266424105
423779962
408362613
404176535
373810169
408362613
368498160
404176535
382537945
265563009
408362613
297125029
264825038
382537945
266424105
297125029
264825038
382537945
265563009
284567940
297125029
266256984
264825038
265563009
267762134
297125029
266256984
264825038
265563009
297125029
297125029
266256984
264825038
265563009
297125029
297125029
297125029
297125029
266256984
266256984
266256984
266256984
266256984
266256984
266256984
266256984
266256984
