274318518
440320799
432808197
266410317
503545000
464654358
440320799
444722554
455403496
440320799
274318518
554440949
432808197
273860586
22227380
444722554
22227380
62836474
22227380
449806638
503545000
62836474
22227380
463416293
503545000
549864774
266410317
47147476
465580880
62836474
274318518
48133474
266410317
465580880
274318518
431451433
465580880
443224339
274318518
58138973
274318518
22227380
62836474
555891381
419940821
58138973
22227380
62836474
552604782
62836474
549864774
461827465
22227380
22227380
549864774
462253513
22227380
412507736
431451433
503545000
22227380
553457481
432808197
419940821
22227380
62836474
47147476
497629797
22227380
503545000
553776055
274318518
273860586
444722554
553668357
419940821
555891381
419940821
266001894
497629797
62836474
