534707921
268293282
465191800
491042752
576265002
496227495
493688650
265467604
282345576
372375219
268293282
493688650
491042752
282345576
534707921
500333945
493688650
332415423
372375219
332415423
555773227
282345576
436767867
282345576
482821624
369234981
67766672
332415423
268293282
482821624
490540134
332415423
414204685
386005872
372402762
527627697
264338611
465191800
332415423
434561672
449083696
265483128
282345576
349115838
58148447
469583363
384078199
369234981
60644185
482821624
436767867
61305684
58148447
372375219
534707921
482821624
337292872
465191800
332415423
462341407
265483128
501065988
25376231
465191800
282345576
482821624
591218448
25376231
30988705
282345576
493733596
493733596
268293282
482821624
282345576
493733596
492211748
282345576
482821624
436767867
465191800
482821624
500333945
482821624
477108413
265483128
465191800
465191800
534707921
414204685
488710583
436767867
414204685
501065988
534707921
282345576
30988705
449083696
457107124
332415423
282345576
482821624
465191800
534707921
449083696
265483128
436767867
493688650
482821624
439506644
61455507
434436492
365620377
534707921
285793897
465191800
382649821
282345576
268293282
534707921
282345576
268293282
30988705
42146684
265483128
372375219
337292872
282345576
268293282
449083696
60644185
340950271
268293282
534707921
282345576
340950271
414204685
299748642
377561639
433130717
282345576
299748642
482821624
282345576
534707921
282345576
534707921
348039001
337292872
332415423
493688650
449083696
465191800
491042752
449083696
265483128
268293282
534707921
482821624
465914888
379974185
282345576
362500210
268293282
583812071
457107124
482821624
482821624
26687623
534707921
457107124
433130717
265483128
332415423
489355058
534707921
482821624
265483128
482821624
436767867
477108413
436767867
369234981
534707921
384078199
282345576
27865616
436767867
337292872
369234981
414204685
282345576
482821624
265483128
40743442
265483128
465191800
282345576
414204685
268293282
382649821
465191800
282345576
268293282
31843327
58148447
534707921
268293282
331011596
264338611
268293282
382016801
282345576
482821624
493733596
282345576
331011596
268293282
493688650
482821624
265483128
299748642
493733596
500333945
265483128
477108413
282345576
299748642
436767867
534707921
414204685
534707921
436767867
282345576
534707921
58148447
359204998
389875758
436767867
534707921
465191800
534707921
326362424
534707921
414204685
64432533
501065988
500333945
353414747
500333945
332415423
465191800
501065988
436767867
534707921
398270370
282345576
534707921
285793897
265483128
365620377
534707921
42146684
282345576
477108413
457107124
265483128
384078199
500333945
356341943
268293282
465191800
299748642
282345576
264338611
58148447
265483128
384078199
282345576
455112271
337401712
356341943
432049125
311563179
282345576
25279487
332415423
282345576
454000849
332415423
282345576
534707921
448543908
291114257
282345576
384078199
493733596
496227495
268293282
402916468
432049125
534707921
282345576
331011596
478477022
534707921
337292872
282345576
534707921
492211748
326362424
290246738
331011596
299748642
433130717
282345576
282345576
403888446
384078199
501065988
534707921
38934303
331011596
265483128
384078199
311563179
534707921
382635258
264338611
326362424
382635258
454000849
492211748
507167375
478477022
492211748
282345576
436767867
482821624
402916468
352081576
399474301
331011596
359204998
500333945
268293282
534707921
268293282
534707921
353414747
268293282
336711726
282345576
332415423
482821624
436767867
496227495
402916468
534707921
465191800
282345576
63298696
534707921
265483128
458773384
534707921
326362424
414204685
534707921
265483128
422333244
493688650
358269968
414204685
457107124
482821624
265483128
534707921
482821624
67766672
436767867
265483128
534707921
331011596
534707921
423765769
500333945
268293282
534707921
265483128
58968969
331011596
40743442
534707921
27865616
282345576
349115838
534707921
454000849
493733596
282345576
534707921
265483128
395764945
27633805
497561122
33869343
312928314
503734540
350297544
450270373
501065988
436767867
268293282
455670863
401451456
282345576
414204685
265483128
353611034
282345576
414204685
31843327
67766672
325027040
377710216
477108413
433879479
534707921
268293282
265483128
282345576
265467604
501065988
64768434
382016801
265483128
282345576
457107124
38641642
476580503
377710216
282345576
327310374
331011596
334557260
383056003
265483128
414204685
268293282
372402762
