385950125
443482478
47614197
445537251
488959440
443482478
47614197
445537251
400677363
443482478
439598823
47614197
383181238
385950125
480587878
47614197
432375183
504512769
47614197
356170861
47614197
504512769
494429195
536929383
504512769
385950125
512791915
501896614
504512769
414046759
47614197
318090209
497991254
500833120
47614197
458441135
366724409
47614197
443482478
466488387
432375183
478924827
504512769
324111190
285868207
566097881
504512769
536929383
432375183
318090209
432375183
497991254
47614197
461493198
504512769
536929383
466488387
588690579
324111190
432375183
439598823
531903150
318090209
466488387
400677363
504512769
556049693
385950125
504512769
488959440
497991254
318090209
439598823
504512769
488959440
458441135
286176574
497991254
47614197
504512769
466488387
366724409
504512769
466488387
566202620
504512769
342839113
414046759
318090209
480196401
504512769
565961376
432375183
466488387
504512769
356170861
318090209
565313175
606671368
329883946
566101063
565659151
566101063
20817018
580545723
578607289
385950125
566101063
318090209
433208330
504512769
566101063
436670543
566101063
566097881
602244784
566101063
421626580
588690579
480196401
439598823
566202620
566131076
565961376
568932556
466488387
480575599
583248778
566202620
432375183
276664141
565961376
480196401
566202620
566101063
21857778
47614197
554309132
480587878
385950125
47614197
35537298
414834811
385950125
47614197
321942509
475968082
512791915
443482478
466488387
554309132
311794931
504512769
356170861
439598823
504512769
318090209
497991254
526101231
448934900
447346725
466488387
383075064
332247121
462988165
528996685
385950125
441762789
439237387
357691003
566097881
432375183
468470467
318090209
456138464
291144187
310500616
504512769
376036084
588690579
478706018
480196401
35537298
414046759
443482478
482318934
383075064
421626580
566202620
22958116
444292548
565961376
565961376
400677363
385950125
439237387
385950125
504512769
356170861
565313175
402832123
501816990
329883946
306831043
566101063
566101063
466488387
565659151
580545723
578607289
442834254
57900373
536929383
566101063
366724409
421626580
566101063
385950125
566101063
566097881
448934900
566101063
555172355
324111190
588690579
579851412
499240930
566202620
566131076
440039071
565961376
568932556
504512769
583248778
566202620
318090209
565961376
400677363
480196401
566202620
566101063
566131076
566101063
578607289
385950125
515126625
462535567
566131076
553563134
565961376
586902724
20817018
530096225
341142418
24987284
342839113
340523943
325724713
47614197
342839113
385950125
462882987
439237387
274100165
388465118
432375183
385950125
356170861
460113999
393696832
393696832
366724409
47614197
24987284
394474864
324111190
462940829
566097881
372215387
588690579
324111190
455254791
285938813
466488387
469621554
324446896
499240930
504512769
414046759
275956001
26514297
265215111
374812155
477008179
566202620
441027019
25264897
565961376
385950125
63466959
356170861
565313175
329883946
566101063
430404331
566101063
565659151
580545723
578607289
566101063
464696802
478924827
444292548
566101063
566097881
439063768
441027019
444292548
588690579
566202620
566131076
443482478
565961376
568932556
439237387
583248778
566202620
428681596
565961376
39972334
480196401
566202620
480196401
566101063
566131076
578607289
566101063
566131076
553563134
349676240
565961376
586902724
402832123
565961376
47614197
460113999
21857778
22079348
30704847
342839113
274533765
512626795
356170861
480587878
276664141
35373804
442834254
407385660
21857778
432375183
281836831
385950125
566097881
445537251
318090209
315319993
421626580
466488387
57269442
588690579
432375183
453590542
466488387
318090209
432375183
464696802
592138355
432375183
497991254
369417514
324111190
367601658
566202620
280255575
480196401
565961376
442834254
318090209
432375183
439237387
491916898
478924827
356170861
565313175
462535567
329883946
342839113
566101063
566101063
306831043
565659151
580545723
578607289
566101063
318090209
466488387
566101063
480587878
566101063
566097881
566101063
588690579
422129841
439237387
566202620
566131076
565961376
568932556
480575599
583248778
566202620
478924827
565961376
446055497
480196401
566202620
566101063
566131076
566101063
578607289
478924827
400677363
274100165
356170861
383075064
385950125
22079348
288501345
24987284
324111190
500934741
462984029
439348909
439237387
566097881
468470467
276664141
342839113
588690579
480196401
400677363
504512769
488959440
23177553
324111190
332247121
366724409
477008179
566202620
359345040
393696832
565961376
385950125
432375183
356170861
565313175
329883946
20817018
