24195955
291091821
23652113
33931612
30284479
29888924
19790788
30284479
33931612
24195955
565072072
33931612
30284479
19790788
583476399
546918410
51284944
30284479
48164496
23652113
51284944
30284479
573411014
21129650
567618135
51284944
21129650
27133058
30284479
546716948
23652113
21129650
39760401
29888924
563023041
547087941
546716948
21129650
27133058
21129650
547087941
546918410
27133058
546716948
19790788
546918410
33931612
549316921
546918410
33931612
21129650
565072072
21129650
25841768
561572210
546918410
19790788
582089884
561572210
21129650
547087941
552285992
563072744
19790788
546918410
561572210
19790788
21129650
19790788
567618135
19790788
