497991254
448419438
384187483
272080999
316840680
519676146
383075064
530479945
533191191
519676146
384187483
316840680
515036071
530479945
439598823
497991254
339445681
504512769
295187468
530479945
480587878
21945749
316840680
458441135
553338956
561005124
530479945
22281218
504512769
471983693
561005124
56310477
504512769
471983693
592439437
533191191
504512769
494429195
536929383
512791915
504512769
530479945
32233850
471983693
587326646
316840680
519676146
318090209
497991254
471983693
458441135
516713566
471983693
555955686
561005124
32233850
471983693
466488387
536929383
530479945
471983693
36378041
61095358
471983693
600287618
504512769
21945749
536929383
504512769
318090209
497991254
471983693
61095358
504512769
536929383
471983693
466488387
549587113
439598823
318090209
471983693
32233850
497991254
383075064
471983693
587901582
32233850
466488387
530479945
504512769
471983693
497991254
272080999
504512769
471983693
318090209
21945749
471983693
504512769
439598823
458441135
286176574
519676146
497991254
341214298
504512769
530479945
466488387
477008179
379230604
504512769
466488387
519676146
47765364
504512769
466488387
515036071
471983693
342839113
318090209
516699983
472929805
504512769
295187468
466488387
471983693
504512769
610850468
578143570
307473010
587901582
307349639
318090209
479585840
587901582
591561946
471983693
359315141
20817018
587901582
272080999
406356419
591561946
519676146
341214298
318090209
605244787
471983693
591561946
504512769
268570825
605244787
436670543
311471549
587901582
519676146
36623714
471983693
22281218
469118740
24916144
471983693
591561946
587901582
471983693
592099208
36623714
471983693
439598823
21287345
340255891
19705160
20745431
28103491
530479945
456153626
480587878
30650891
339445681
530479945
545428662
24916144
587901582
465193204
20817018
496703195
339529508
275656511
321942509
545935116
340255891
512791915
313032142
530479945
269926333
466488387
471983693
311794931
504512769
306924330
439598823
61095358
298293474
471983693
494429195
563191225
592099208
471983693
458441135
586058887
21945749
587901582
471983693
340255891
315319993
318090209
497991254
316840680
471983693
383075064
32233850
332247121
545428662
326940467
591561946
471983693
587326646
519676146
471983693
379230604
339529508
272080999
21786505
318090209
515036071
519676146
471983693
310500616
504512769
341214298
319230662
55753122
587326646
488575813
22281218
530479945
496703195
477131662
383075064
21468925
298293474
587901582
474972738
359315141
508792507
545670692
316840680
457919642
488575813
274100165
22958116
427526346
347744137
339529508
21945749
42256260
477131662
589256183
504512769
561005124
496703195
504512769
455699208
587326646
20817018
563044549
346145091
275522681
504512769
466488387
591561946
341214298
536929383
406356419
549235454
275656511
407154930
587326646
587901582
359315141
563044549
455699208
498593904
471983693
504512769
19978670
471983693
555172355
552064247
543433575
562005455
519676146
579851412
525017226
504512769
30650891
519676146
471983693
325576766
504512769
477008179
471983693
335808890
591561946
471983693
20817018
27425158
23851571
339529508
272080999
497991254
295187468
341142418
268428323
342839113
274100165
455699208
587326646
24559147
477131662
456153655
347744137
312577366
504512769
549235454
56310477
313767237
498267883
433997393
549235454
340255891
472929805
536929383
315319993
466488387
394474864
344303445
347744137
66849150
318090209
29053537
471983693
339529508
466488387
505908003
324446896
36623714
28103491
58402026
359315141
471983693
272080999
383075064
28125878
472929805
339445681
471983693
298293474
352286028
312399277
477008179
504512769
587326646
504512769
347744137
272080999
339529508
63466959
307473010
430665133
474676101
402832123
22281218
587901582
504512769
339529508
343135042
442834254
21945749
587326646
436670543
22179133
23851571
498593904
339529508
471983693
288848342
587901582
22281218
307473010
339529508
36623714
587326646
498593904
30650891
36623714
471983693
347744137
471983693
488575813
39972334
474676101
36378041
471983693
465316249
349676240
20817018
381500532
448419438
342839113
274533765
319777427
519676146
464228987
350294008
586058887
56310477
23851571
540558937
298293474
480587878
351106114
371699582
393696832
309325336
339529508
561005124
50819849
471983693
347744137
455699208
339529508
497991254
318090209
315319993
439598823
536929383
504512769
471983693
504512769
510680864
68137630
455699208
488575813
268428323
321493639
307473010
504512769
497705497
406356419
471983693
41245766
318135007
498593904
428706809
332247121
339445681
21471129
28125878
21945749
36378041
466488387
498593904
480587878
587901582
471983693
52677005
494429195
582621956
21945749
471983693
339445681
347744137
26740284
552064247
342839113
22625000
446055497
36623714
488575813
474972738
56310477
36623714
465193204
316840680
498593904
339445681
63008649
488575813
30704847
342839113
60012085
561005124
274100165
388465118
22281218
383075064
68585046
393696832
417710059
326940467
439598823
315994356
21945749
21945749
279658077
30704847
350294008
313032142
22281218
20053382
