450357172
33441010
477264420
34456230
434499807
45772979
446468536
324810747
480823965
358012822
54113816
45772979
434499807
43415613
58011348
372794116
445813661
434499807
387822667
414716493
41112689
34456230
45123215
33745912
384529317
45123215
452011687
303697642
45123215
519609578
325596157
35227809
434499807
59425145
440190382
324810747
57272489
434499807
28184106
37063214
434499807
23647800
434499807
430996255
432076342
268427719
389100227
441929874
34456230
434499807
448506032
406330321
63160015
64938131
489015965
43415613
434499807
59425145
36558325
467883980
450357172
33974431
520034557
68757429
286960614
586937932
65055861
387822667
435230905
586937932
45390783
464483181
450357172
454840939
406330321
324810747
404971681
434499807
45772979
58011348
406551300
587993691
387822667
576320150
35227809
66515786
434499807
543423485
270507491
286850291
406330321
557361345
286816608
404971681
28184106
54242225
519609578
433913357
33441010
59425145
45772979
41507540
434499807
41331681
446468536
35227809
45123215
23647800
41507540
50080569
34456230
434499807
270507491
434499807
59425145
34456230
23647800
50080569
446468536
34456230
45123215
34456230
68757429
404971681
