317751035
314566974
325647646
489011939
275874243
25874614
317751035
25874614
413859994
312006633
409313109
25874614
438805395
31047589
25874614
582558519
332509925
560567150
495853427
25874614
561128384
482145107
533960046
341719697
393991879
326469358
412550359
339815052
561128384
581589206
581017025
336955271
275874243
547768253
360823630
474403056
581017025
312720202
336955271
405628716
559267864
581589206
336955271
328819964
561128384
581017025
462011369
275874243
46494824
474403056
561128384
328819964
516504195
275874243
363260498
328819964
535331184
516504195
516504195
413859994
516504195
331626805
474403056
516504195
590134795
516504195
474403056
550398494
533960046
413859994
474403056
407807658
516504195
512673255
516504195
560567150
360823630
517797984
488924058
516504195
516504195
435299445
516504195
364657761
418629412
