387697764
325725035
454474642
447357818
19880155
449588258
446013170
50768702
294414384
387697764
19880155
53557330
294414384
29969872
36307706
50768702
402397829
402530917
38703737
68564014
294414384
350922352
29969872
402530917
357457608
294414384
388162580
56629192
36307706
63449152
462351053
357457608
404508335
29969872
19880155
68564014
61074300
519217701
19880155
402397829
294414384
473220306
397476171
402397829
294414384
267911871
432548658
301668969
36307706
446013170
346695867
67354890
454474642
519217701
266817361
449588258
325725035
301668969
19880155
346695867
325725035
301668969
357457608
325725035
61074300
454474642
519217701
459668288
38703737
369204526
294414384
443248779
36307706
519217701
61074300
325725035
473220306
29969872
266817361
434973066
38233897
301668969
412356790
372078109
29969872
443248779
459668288
294414384
446013170
434973066
435813500
443248779
421457950
372078109
53353353
29969872
446013170
454474642
350922352
294414384
50768702
19880155
325725035
36307706
350922352
446013170
519217701
402530917
443248779
366083023
454474642
50768702
19880155
301668969
419131836
38233897
301668969
530127809
301668969
454474642
325725035
325725035
402530917
301668969
325725035
520137664
266817361
50768702
325725035
323567463
50768702
19880155
301668969
325725035
19880155
589698479
402530917
402397829
19880155
402530917
