392645738
53372229
373427971
363776740
576986029
576986029
383331699
392391565
376282564
376282564
392391565
398719046
386572145
399480530
386572145
316194227
548426385
363242609
363242609
376282564
576986029
499105375
400465852
363242609
383681672
53372229
62667961
403808986
53372229
373427971
380201910
53372229
376282564
363242609
53372229
376282564
396409704
376282564
354722543
376282564
53372229
53372229
376282564
53372229
267444093
53372229
53372229
53372229
376282564
382668129
38908970
576986029
53372229
53372229
373427971
53372229
53372229
53372229
376282564
53372229
53372229
53372229
562944489
392391565
22543504
386572145
366141776
499105375
371761898
499105375
377349147
302090188
380201910
576986029
499105375
357798631
395525819
383616480
53372229
392391565
386572145
363242609
461084939
364935724
392391565
383331699
270278997
499105375
386040746
22543504
376282564
376282564
489595593
373427971
392391565
53372229
373427971
399480530
32330825
342351997
53372229
379899627
316194227
392391565
386572145
376282564
383052560
53372229
53372229
363242609
576986029
53372229
53372229
53372229
53372229
53372229
383331699
376282564
53372229
53372229
53372229
373427971
53372229
376282564
53372229
342351997
53372229
53372229
53372229
376282564
499105375
53372229
489595593
382987088
392391565
270278997
393560251
576986029
363242609
386572145
398719046
489595593
378340956
386572145
363242609
588162149
489595593
319216447
46309140
316194227
392391565
356934528
384492007
398719046
42095561
401147022
392391565
32330825
390706504
53372229
383890345
267444093
363242609
489595593
62667961
363776740
22543504
398719046
363776740
362552449
376282564
379403573
398719046
588162149
386572145
369560268
389287288
376282564
401855565
365822216
40559134
363242609
435900741
318265426
376282564
400856985
342351997
588162149
404202892
489595593
53372229
376282564
401409465
53372229
376282564
376282564
62667961
53372229
384058623
399919458
384292559
376282564
551090439
376282564
376282564
62667961
53372229
586828692
376282564
376282564
376282564
53372229
376282564
363242609
53372229
53372229
62667961
373427971
542057933
316194227
32330825
376282564
