21105140
547293923
51436916
380630524
51436916
490287084
21105140
586688988
51802762
384415885
49307106
21930364
437062889
49977720
539372766
474700676
269841515
597284740
30207882
586688988
384415885
585476444
591195516
21105140
585476444
591195516
610670919
591277900
404192715
269841515
591598554
591277900
587427884
436725388
341176620
591598554
591277900
21105140
610670919
586688988
599518503
66812421
474700676
610670919
556172973
315291639
591277900
308398863
586895632
553941698
472110502
531459562
21105140
586688988
545532207
591195516
384415885
591277900
591195516
585476444
591195516
585476444
586688988
591195516
586688988
591195516
591195516
553883067
591597297
591195516
547293923
591195516
21105140
586688988
280254938
610886965
591195516
586688988
556172973
48561170
588441551
586688988
591597297
532085058
591195516
315291639
591195516
55835762
593564009
591195516
48561170
591828078
591195516
585476444
610886965
591195516
556172973
591828078
586688988
586688988
591195516
547293923
380630524
48561170
547293923
333637033
437062889
21105140
367180292
597284740
405966547
21105140
269841515
20454246
532085058
66812421
48494446
597408331
467004815
333637033
585476444
537478835
25360821
380630524
457922516
21105140
28497762
367180292
577293936
66812421
547293923
589105182
48432734
547293923
442807474
585476444
437062889
30207882
585476444
581862076
282777294
581862076
66812421
341176620
330792855
467004815
585476444
581862076
585476444
547293923
398344939
547293923
380630524
589105182
597284740
380630524
337582125
536448629
297694113
467004815
581862076
589105182
40766135
581862076
571020486
586688988
576890812
532085058
547456571
583788014
589105182
48302962
581862076
467004815
583788014
581862076
20454246
591542688
589105182
21105140
337580728
576890812
467004815
437062889
269841515
547293923
437062889
547293923
51802762
437062889
547293923
581862076
547293923
315291639
66812421
380630524
52166228
265405714
457922516
547293923
501177599
297694113
583788014
380630524
21105140
436725388
547456571
547293923
380630524
36189814
436725388
597284740
501177599
436725388
591195516
581862076
585476444
341176620
585476444
67932844
467004815
583788014
436925319
597408331
576890812
581862076
48428074
380630524
581862076
297694113
581862076
589105182
467004815
380630524
589105182
463845234
436725388
576890812
51801689
501177599
547456571
547293923
583788014
581862076
583788014
583788014
21105140
380630524
581862076
58472370
597284740
581862076
437062889
547293923
519988445
20454246
49307106
60272052
50389249
269841515
319437190
593862219
21105140
547293923
581862076
457922516
467004815
547456571
30207882
536448629
577293936
547293923
21105140
355626971
380630524
320205710
263725579
20454246
51802762
585476444
581862076
48432734
333637033
596718488
50389249
581862076
532085058
48432734
501177599
436725388
585572452
378957033
448235250
547293923
597284740
586688988
297694113
547456571
421538517
532085058
533038039
501177599
269841515
330539732
547293923
48432734
380630524
490277482
467004815
315291639
585476444
547293923
280721199
21105140
21105140
501177599
457922516
547293923
48439826
576890812
581862076
501177599
576890812
437062889
581862076
547293923
398546158
437062889
48432734
577293936
61713547
547456571
342370906
421538517
585476444
591195516
404192715
536158475
66812421
404192715
380630524
581862076
577293936
547456571
48561170
583788014
344587346
402748695
593564009
60272052
533038039
355755915
463845234
66812421
374268942
547293923
463845234
404192715
499858017
380630524
547456571
51436916
532085058
457922516
51159558
380630524
547293923
576890812
48428074
581862076
532085058
51159558
