264169474
590609525
300425583
41265507
333881005
360549700
22026283
64095300
329480755
26908879
495059487
51075975
505962126
64910160
36141571
390339353
51075975
66493773
39300088
404470000
41265507
27710947
24303796
573862358
23689233
585794034
419243383
29425614
24960021
51075975
55587557
22756754
278772120
580031889
27710947
270472085
66493773
414046194
26908879
494499900
51075975
494499900
495059487
361893506
66493773
22445524
38496786
499639050
585091136
27710947
421464371
608374544
38496786
66493773
587568138
39300088
568191152
309911857
39300088
22026283
68058966
29425614
52793814
22377019
351367193
495059487
39300088
27710947
66493773
51075975
264169474
22756754
565355136
351367193
39300088
309911857
408042871
55298535
585091136
39300088
577743293
68058966
495059487
29425614
499639050
495059487
39300088
585091136
499639050
526921162
39300088
528465053
39300088
495059487
531517859
61277430
351367193
495059487
39300088
41265507
495059487
39300088
577348136
495059487
39300088
22026283
584561332
608374544
39300088
583411040
585091136
39300088
499639050
41265507
39300088
351367193
448895899
488464398
26908879
495059487
607760236
39300088
277952629
608374544
494499900
39300088
573862358
495059487
590894300
577743293
308397809
585091136
608374544
277952629
495059487
66493773
495059487
447783052
495059487
577743293
495480809
381375553
495059487
605395721
495059487
351367193
499639050
55298535
351367193
577743293
26628636
490764047
583411040
585091136
573862358
22026283
26038686
431738247
329480755
26908879
499639050
27710947
57131689
26908879
41528698
351367193
41265507
66493773
270472085
279589562
26908879
41265507
34272646
385258118
381121008
294972242
41265507
501243274
26543542
51075975
25246821
27710947
319306468
365587411
41265507
351367193
573862358
495059487
41265507
27361477
419243383
29425614
66493773
41265507
20611684
26543542
499639050
329150505
419243383
371867556
438025826
29425614
424541614
499639050
500911142
406532987
35519214
390339353
39300088
66478016
416558962
22026283
495480809
395091761
406532987
24579562
579080065
396088271
28432784
36141571
348264816
495059487
432206311
439658393
381121008
329480755
568154385
608374544
421464371
60138323
39300088
421464371
583411040
406532987
279589562
381919485
313654928
39300088
479326497
495059487
388829070
39300088
20729564
499639050
64890673
568191152
499639050
300994682
37948593
495059487
41265507
39300088
28432784
448661950
499639050
270472085
419243383
334759925
304183437
362155387
308174243
393544214
274305022
363096034
456210110
55298535
421464371
499639050
390635864
39300088
396088271
280549334
374459920
39300088
316909260
583411040
385258118
36983909
354606423
419243383
351367193
55298535
499639050
351367193
421464371
351367193
39300088
329480755
22026283
39300088
41265507
66493773
279589562
24303796
41265507
26628636
27710947
22756754
24960021
329480755
51075975
23731091
29425614
41528698
39300088
329480755
404966165
494499900
59070567
66493773
306817193
294972242
385258118
499639050
404966165
329480755
279589562
499639050
385258118
39300088
329480755
356615741
41265507
27710947
499639050
20178792
385258118
385258118
40291911
404470000
404966165
57131689
404966165
20729564
495059487
390635864
38496786
404966165
385258118
39300088
280549334
577743293
404966165
294972242
408531007
277952629
448895899
23416889
61277430
495059487
501243274
40242970
26692032
329480755
26908879
329480755
351367193
22756754
27615064
41265507
51075975
276230456
390339353
286485056
41265507
26908879
42000758
573862358
312618776
41265507
28432784
524945413
25246821
319806251
376897131
22026283
26107649
351367193
39300088
329480755
36983909
421464371
329480755
22377019
385258118
418192462
386732630
419243383
363493782
279589562
51075975
499639050
332778775
55587557
35519214
25217594
37381758
26107649
305168656
29425614
499639050
392213228
25246821
357473639
295845478
66493773
385258118
577743293
277952629
329480755
333881005
365220620
270472085
385258118
41265507
385258118
25246821
264169474
41265507
49227059
277952629
419243383
268861560
380045452
57131689
329480755
426610129
308397809
351367193
390635864
26628636
270695393
404966165
295845478
270695393
385258118
264169474
495059487
385258118
39300088
495059487
385258118
61277430
476862774
27710947
29425614
330120488
329480755
404966165
26628636
329480755
330493278
346709615
39300088
29425614
526921162
305168656
360549700
499639050
410467484
275654109
377036138
404966165
20178792
404966165
20729564
39300088
495059487
424196584
404966165
39300088
577743293
39300088
329480755
495480809
495059487
26908879
404966165
495059487
51075975
414046194
26107649
41265507
41528698
26908879
36146056
365062296
39445847
438967573
316909260
24303796
36983909
23910722
277952629
31210015
457500397
26038686
31210015
41265507
495059487
31608056
441863895
427164430
41265507
329480755
23731091
26908879
41265507
65620318
498829203
66493773
495059487
404966165
480501027
493097956
499639050
38496786
385258118
419243383
455525373
295845478
425490247
329480755
410534374
385258118
64910160
574807807
38496786
277952629
62722754
365587411
352865560
380117104
58461041
404966165
38496786
41265507
57131689
39300088
477241879
28432784
432647619
309911857
385258118
41265507
421464371
56350575
