64928543
36345148
27786267
64928543
36345148
375099048
64928543
36345148
578953333
36345148
522474695
36345148
522474695
36345148
375099048
578953333
529272270
36345148
36345148
473011883
490180546
572952873
36345148
473011883
36345148
339155386
473011883
577079917
36345148
463711265
64928543
36345148
479131415
501344974
473011883
64928543
529272270
36345148
339155386
473011883
568819377
339155386
578953333
572952873
484790335
516028888
522474695
36345148
501344974
473011883
391113571
466059497
64928543
466059497
572952873
516028888
473011883
501344974
473011883
501344974
36345148
471882211
