55232796
566889787
531712354
373424427
427207975
35248538
55232796
497077601
55232796
323182062
566889787
373424427
55232796
566889787
55232796
373424427
566889787
323182062
35248538
55232796
373424427
539320470
323182062
55232796
521683197
373424427
55232796
566889787
304995524
498515556
55232796
323182062
497955024
498515556
55232796
52047051
55232796
25269371
55232796
566889787
55232796
566889787
55232796
323182062
566889787
497955024
55232796
497955024
497974655
55232796
497955024
499178449
566889787
55232796
497955024
497077601
55232796
497077601
497187225
55232796
497955024
497187225
497974655
55232796
497955024
566889787
497187225
55232796
497955024
501198045
497974655
55232796
352049741
497077601
497955024
499178449
55232796
497187225
497077601
497955024
55232796
566889787
497974655
499178449
55232796
495030950
497955024
35248538
497187225
55232796
497077601
497955024
27549870
497187225
55232796
499178449
497955024
55232796
499178449
497955024
497077601
55232796
499178449
497077601
55232796
499178449
497955024
55232796
497077601
499178449
55232796
497077601
55232796
497077601
55232796
497077601
564133450
55232796
497077601
499178449
55232796
55232796
497077601
55232796
55232796
497077601
55232796
55232796
55232796
55232796
497077601
55232796
55232796
55232796
55232796
497077601
55232796
55232796
497077601
55232796
497077601
497077601
497077601
497077601
55232796
497077601
497077601
497077601
497077601
497077601
497077601
497077601
566889787
269269593
25979887
314327286
55232796
566889787
497077601
497066487
55232796
566889787
496958435
23840750
55232796
566889787
264726236
55232796
447679722
580189099
55232796
589002391
482250988
373424427
501198045
55232796
497974655
497187225
428802945
495030950
55232796
566889787
55232796
497955024
579055665
55232796
497187225
564133450
566889787
55232796
497955024
384437815
583630832
55232796
497955024
323982260
295935185
55232796
497187225
55232796
497187225
55232796
577952858
495030950
499178449
496958435
497077601
499178449
580529461
497077601
497955024
55232796
497187225
497077601
496958435
55232796
445625829
497187225
578728124
495047241
497955024
499178449
497077601
497077601
584517329
36718754
497077601
55232796
36718754
499178449
497077601
55232796
585269172
497187225
