453850130
274358425
469144805
434470120
469144805
359524853
434971262
469144805
266410160
434971262
266410160
542913370
469850859
469144805
462836970
438805486
559433878
586493023
469144805
457094953
453850130
469144805
545363088
470965865
520726554
469144805
479333318
520726554
469144805
445056466
469144805
520726554
470965865
469144805
580744173
469144805
482428692
266410160
469144805
469144805
469144805
520726554
470675574
469144805
457094953
479333318
463335101
469144805
469144805
469144805
528961103
469144805
469144805
469144805
469144805
469144805
469144805
469144805
469144805
