469923848
438258582
402657704
309179641
64285006
350658691
469923848
521832507
64580043
469923848
389359028
420838233
498806528
521832507
402657704
263404162
469923848
481604562
64580043
389359028
498806528
431709843
453944400
64580043
507847803
480744575
431709843
389359028
264331874
309179641
64580043
481604562
389359028
402657704
438258582
480744575
498806528
410683968
449905003
389359028
421029707
405945687
324542803
389359028
469923848
438942617
481566502
423845100
420838233
468463645
501993079
498806528
389359028
360971517
469923848
420950131
350658691
309932044
473040487
402657704
277009524
374400780
389359028
420838233
490540502
264448086
324343015
435728188
264448086
481604562
371669435
437971580
389359028
371669435
402657704
486377954
371669435
420838233
486377954
389359028
452268296
420838233
438258582
444676712
420838233
438258582
481566502
370920944
507847803
420838233
498806528
420838233
420838233
438258582
389359028
420838233
473040487
350658691
480744575
420838233
431709843
438258582
420838233
473040487
381747411
442018287
317963021
450383993
367696603
420838233
486377954
425163432
325248772
420838233
465064318
480744575
350658691
421151629
480744575
402657704
507847803
420838233
402657704
420838233
421029707
324343015
507325067
490540502
487029486
420950131
402657704
473040487
469923848
420950131
420838233
402657704
420950131
300947938
420838233
420950131
402657704
420838233
361120762
420838233
420838233
519352818
365362463
451800493
350658691
469923848
365362463
64285006
428858897
420838233
421007580
405945687
454687891
64580043
421029707
324542803
420950131
420838233
426355903
471121101
498806528
431709843
321771023
406480862
500555408
454687891
498806528
431709843
426355903
420950131
494662359
265029166
460504890
431709843
64580043
425163432
374052646
520367904
498806528
457271408
517497452
309179641
421220898
407452246
309179641
469923848
420838233
272309908
309179641
420950131
486377954
519352818
395198541
469923848
486377954
420838233
435728188
421007580
458479492
486377954
420838233
309932044
473040487
389359028
420950131
406480862
431856741
460545850
454687891
284147499
461245527
460545850
402657704
406480862
426355903
420838233
460545850
420950131
458479492
460545850
402657704
498806528
374052646
480744575
492233327
449905003
420950131
389359028
420838233
461245527
435728188
365362463
465064318
64285006
474079505
473040487
420838233
426355903
410103811
421220898
471121101
420838233
265955047
389359028
420838233
423251911
365362463
420838233
64285006
420950131
431709843
420838233
304948877
498806528
39550896
435728188
420950131
431709843
365362463
451800493
420950131
309179641
431709843
520628220
498806528
420950131
460504890
420838233
420862912
501703080
406480862
480744575
423845100
365362463
64285006
420950131
420838233
421029707
482960057
420838233
39550896
420950131
420838233
434082860
473040487
420838233
421029707
420950131
420838233
420950131
420838233
439781908
420950131
420950131
420838233
420950131
420838233
469923848
438258582
64285006
39550896
389359028
64285006
420950131
438258582
498806528
64285006
365362463
460504890
309932044
324542803
469923848
460504890
406059432
481566502
295636553
498806528
435181388
469923848
420838233
460545850
588120591
371669435
325248772
510688994
570568133
454640529
460545850
420950131
498806528
469923848
494253645
420838233
64285006
473744853
420950131
389359028
498806528
64285006
389359028
368229306
480744575
421029707
420950131
420838233
421029707
264448086
461245527
420838233
591364051
420950131
420838233
454687891
420950131
421029707
586960913
421029707
558000964
420950131
588620261
507847803
420950131
420838233
420950131
421007580
420838233
500555408
420950131
420950131
588615882
420838233
585934419
420950131
389359028
