23246712
277836276
270690239
378344446
541593090
378799243
355021308
48040579
352787239
309084483
311563319
360353175
352787239
23246712
378799243
446807966
362988333
56406279
378799243
352787239
277836276
277960804
48040579
48493199
352787239
54630339
37610645
48040579
352787239
48493199
20166937
355584972
278439073
52940018
23246712
408762759
19987385
481520397
277836276
48040579
29434069
582508966
378799243
48493199
361855938
355021308
48040579
572620102
333937870
352787239
581048157
325725035
309084483
352787239
278439073
352787239
55902894
352787239
278278021
519217701
444591539
63798470
27925812
277836276
389145369
396467656
46772455
23033452
278278021
39837835
278439073
35043813
292045645
307023883
473045578
301668969
354883850
277836276
20401276
541809782
352787239
565943001
577818606
23246712
277836276
589220519
444591539
352787239
334694973
584416769
333937870
346741110
29263705
387893679
599872775
278278021
277836276
561852160
27700449
39614041
588929482
333937870
27700449
370917520
23246712
352787239
408035032
23246712
348084694
362988333
572620102
30095080
22378218
598108920
333937870
448556283
277836276
29291385
541593090
583508234
27925812
352787239
348084694
360353175
294414384
48040579
352787239
458696442
422857493
28431991
385541174
290629317
20834800
27925812
312408676
30692582
21988060
352787239
270970807
28470796
277836276
277960804
301324275
352787239
288558270
327694549
370959566
573398309
352787239
431424474
470388828
46720776
54189255
24432722
38702585
345228028
29313118
19880155
464820223
363190794
353071813
359068000
264050014
21857252
277836276
20834800
457159794
20692466
21996188
29679547
25063485
269384888
582508966
454474642
339174605
572620102
374746635
352787239
23246712
581048157
309807820
352787239
454978529
412368132
352787239
286735480
333937870
352787239
390096328
38703737
31026425
423420744
23923058
277836276
314692350
275289054
31407370
333937870
35043813
67800524
298370974
35182676
277836276
333937870
541809782
352787239
24008989
417563431
565943001
577818606
23246712
459319886
267261269
277836276
589220519
28431991
36802671
305577590
48040579
352787239
35043813
22378218
23246712
464307777
584416769
19880155
20166937
277836276
561852160
46720776
333937870
20804880
277836276
352787239
333937870
348084694
292045645
19709258
572620102
26400817
23246712
66813112
56308354
387697764
459319886
277836276
303235334
35043813
541593090
26400817
38357590
428867238
57815085
458672005
303076433
352787239
53080238
321138078
39837835
350569365
352787239
394948784
361334467
355121279
504430340
352787239
50963601
389145369
277836276
277960804
352787239
46573667
56416495
462351053
395248445
521467926
384027459
270690239
38702585
277836276
433499985
301668969
48386858
582508966
48040579
36210095
572620102
378868291
456961577
352787239
581048157
264790376
352787239
352768869
21676559
352787239
34812999
352787239
347782920
388134820
59785170
31381445
431994256
277836276
62147585
19852536
348084694
288558270
396513144
277836276
23246712
541809782
565943001
577818606
352787239
29313118
20748120
277836276
22288279
39837835
589220519
348084694
21404415
470389892
348084694
39614041
24391200
352787239
314692350
428034989
22378218
584416769
53080238
23246712
413977204
277836276
561852160
333937870
67676495
277836276
352787239
20166937
362988333
362988333
333937870
348084694
48040579
265293890
362988333
572620102
309084483
378020056
20166937
334694973
277836276
541593090
454474642
352787239
428292318
388141780
23968508
352787239
24145433
347932441
352787239
402397829
277836276
277960804
265293890
352787239
294414384
456961577
23517754
284363261
406092879
30851656
20870719
50609727
40401134
53395921
31381445
402397829
307248164
50918263
29507320
24271789
51564299
277836276
292045645
28431991
306520966
264444051
48040579
36210095
582508966
48040579
572620102
36994068
333937870
352787239
581048157
295079858
44757165
352787239
42103976
298733782
352787239
410477346
49626115
352787239
27925812
46720776
23246712
513838974
60102058
529972631
277836276
27323445
21180315
62147585
353077603
483190275
267261269
309787351
27240420
27609366
277836276
23246712
541809782
352787239
582803620
565943001
577818606
21404415
352787239
277836276
361032785
589220519
405512373
446013170
270690239
31381445
443248779
352787239
584416769
335517100
23246712
36162735
592146588
277836276
561852160
21676559
277836276
23246712
348084694
46720776
35182676
35182676
36210095
572620102
20166937
19709258
331225718
387871732
291381975
41793660
541593090
50963601
264358299
29568376
51456573
31167600
64030728
405513436
352787239
505687342
387871732
284363261
362988333
309898171
352787239
347782920
51456573
277836276
277960804
352787239
37873229
406733178
295079858
49030028
333937870
466211173
413977204
29679547
27731488
29313118
29014642
532562183
456961577
35107530
425464016
264050014
430672245
23246712
65165736
340740656
340338557
23246712
402397829
65165736
360353175
66878266
29434069
277836276
511909577
362589483
267261269
20834800
360178959
582508966
