372623392
591541386
372623392
577936954
430327955
591541386
565438610
591541386
591541386
372623392
268452531
591541386
351770625
582276479
487224005
573368785
565438610
573368785
587177665
591541386
372292523
299247891
268452531
573368785
591541386
573368785
430327955
372623392
268452531
591541386
573368785
430327955
591541386
430327955
379882234
299247891
591541386
591541386
378215413
430327955
430327955
611057889
573368785
591541386
591541386
591541386
430327955
430327955
591541386
372623392
573368785
372623392
573368785
372623392
372623392
573368785
372623392
320078735
299247891
348284233
587177665
274370111
372127508
380141949
378622660
299247891
299247891
268452531
309350695
430327955
372292523
299247891
573368785
523674412
342161213
448538763
523674412
565438610
372623392
383368536
299247891
299247891
372623392
372623392
372623392
317056607
268452531
372623392
372292523
372576269
523674412
299247891
372127508
372292523
320078735
459695157
309350695
320078735
372292523
530359521
433791028
268452531
304771741
383368536
351499615
372576269
309350695
320078735
299247891
425229773
540504962
351499615
573368785
569181076
383368536
299247891
524375016
371046770
385952526
351169502
299247891
351499615
407867699
407867699
383368536
299247891
407867699
351499615
372623392
407867699
383368536
407867699
299247891
372623392
268452531
384141154
383368536
299247891
351499615
573368785
268452531
407867699
407867699
268452531
299247891
372623392
372623392
351499615
522699837
268452531
573368785
68585606
320078735
569181076
540504962
353940817
540504962
430327955
413737269
372623392
351499615
30916154
299247891
351499615
421836915
299247891
398232573
372623392
372576269
372623392
351499615
414041891
372623392
433791028
299247891
407867699
383368536
351499615
351499615
355487079
385952526
268452531
433791028
407867699
372623392
68585606
351499615
385952526
413737269
372448135
540504962
299247891
433791028
371046770
351499615
268452531
407867699
320078735
372623392
268452531
407867699
394349944
372623392
407867699
372623392
351499615
320078735
407867699
407867699
540504962
351499615
372623392
407867699
421836915
421836915
384141154
372623392
407867699
372623392
407867699
355487079
372623392
354422035
491724492
535743586
372623392
351499615
406046630
372623392
420960458
351499615
355740453
375058579
372623392
414041891
320078735
351499615
410014650
372448135
320078735
351499615
372623392
521762566
375312499
274370111
407867699
372623392
