610661071
583500770
591684640
585873693
515671921
610762494
591684640
596549231
585873693
583500770
591684640
583686443
585873693
591684640
583500770
468672392
584922571
591684640
547148078
515671921
583500770
583139259
586518394
422696678
583686443
591684640
516971121
422696678
591684640
583686443
468672392
591684640
585873693
583686443
516971121
422696678
591684640
585873693
586518394
578064399
422696678
591684640
585873693
586518394
584922571
424065525
591684640
583686443
582049530
422696678
591684640
585873693
583500770
578064399
582327092
591684640
516971121
422696678
583500770
591684640
586518394
422696678
583500770
582327092
591684640
586518394
422696678
555295161
581574353
591684640
422696678
547148078
591684640
577110718
422696678
555295161
577921881
591684640
582327092
422696678
516971121
591684640
583500770
422696678
484273108
516971121
422696678
547148078
591684640
422696678
586518394
424065525
591684640
513534977
422696678
588037055
515671921
591684640
562386124
555295161
422696678
591684640
422696678
555295161
591684640
422696678
549573433
591684640
422696678
513534977
551220555
591684640
422696678
413743344
547441009
547148078
530236526
422696678
413743344
547277201
552686410
551421465
422696678
513534977
510145161
530236526
422696678
413743344
422696678
411048761
516971121
413743344
510145161
516971121
422696678
482914736
516971121
422696678
482914736
510145161
516971121
422696678
515671921
429700140
413743344
422696678
429700140
482914736
510145161
422696678
456452720
413743344
510145161
422696678
429700140
510145161
482914736
422696678
429700140
475183502
426208041
422696678
456452720
475183502
433209780
422696678
456452720
475183502
456452720
475183502
608843543
585873693
582049530
583500770
429700140
585873693
422696678
583500770
484273108
585873693
422696678
583500770
585873693
468672392
583500770
591684640
585873693
582327092
515671921
583500770
585873693
577116142
582327092
583500770
585873693
510145161
576769045
583500770
587615539
585873693
516971121
577116142
582049530
585873693
583500770
582327092
422696678
585873693
583500770
582327092
585873693
583500770
585873693
583500770
583686443
585873693
582327092
583500770
422696678
583500770
510145161
582327092
583500770
510145161
456452720
583500770
513534977
558474167
583500770
591684640
583500770
413743344
583500770
413743344
583500770
422696678
544381667
542882081
591684640
513534977
568433860
510145161
482914736
496845665
513534977
536149254
530236526
484273108
510145161
496845665
484273108
510145161
429700140
484273108
422696678
530236526
484273108
510145161
424065525
530236526
482914736
422696678
413743344
510145161
516971121
484273108
424065525
429700140
510145161
516971121
413743344
482914736
429700140
510145161
423522513
510145161
426208041
422696678
496845665
510145161
426208041
496845665
510145161
429700140
484273108
496845665
510145161
472681686
482914736
510145161
433209780
475183502
456452720
482914736
510145161
446170382
475183502
456452720
482914736
475183502
484273108
456452720
510145161
475183502
411920370
510145161
423522513
447994402
510145161
429700140
426208041
411391063
510145161
414533816
424065525
429700140
427387709
433209780
422696678
429700140
411055227
415698917
426208041
422696678
608843543
596549231
596668054
422696678
593495024
591684640
413743344
411048761
582327092
578064399
397960720
584205256
424065525
544381667
547148078
513534977
588037055
577110718
551421465
513534977
530236526
551421465
513534977
411920370
551421465
530236526
429700140
547277201
337522846
547148078
484273108
530236526
544735243
530236526
551421465
510145161
513534977
482914736
484273108
484273108
547441009
530236526
551819766
509834359
530236526
484273108
426208041
424065525
530236526
510145161
482914736
530236526
422696678
510145161
426208041
510145161
426208041
510145161
429700140
511500315
510145161
511826220
413743344
429700140
513534977
426208041
422696678
510145161
482914736
413743344
496845665
482914736
472681686
433209780
482914736
475183502
482914736
426208041
482914736
429700140
456452720
475183502
482914736
415698917
424065525
475183502
482914736
426208041
424065525
475183502
482914736
413889762
465883092
475183502
482914736
413743344
447994402
475183502
429700140
411048761
433209780
434433937
475183502
429700140
427387709
415698917
433209780
424065525
429700140
397960720
433209780
413743344
429700140
419745093
411588919
427387709
426208041
429700140
337522846
419745093
427387709
426208041
429700140
422696678
413743344
427387709
426208041
429700140
422696678
386331423
427387709
426208041
429700140
411463909
411518614
427387709
426208041
429700140
413743344
415698917
411416069
426208041
429700140
413743344
415698917
411344952
426208041
429700140
413743344
415698917
608843543
596549231
577116142
424065525
578064399
596549231
577921881
513534977
578064399
608843543
577921881
422696678
577116142
426208041
596549231
578064399
552686410
551819766
578064399
551421465
544735243
551819766
530236526
422696678
496845665
516971121
530236526
547277201
484273108
513534977
510145161
530236526
530236526
513534977
530236526
422696678
530236526
413743344
484273108
496845665
397960720
530236526
422696678
510145161
530236526
429700140
426208041
513534977
513534977
484273108
510145161
510145161
511500315
516971121
510145161
484273108
511500315
482914736
427387709
510145161
429700140
429700140
413743344
446170382
482914736
510145161
484273108
482914736
496845665
484273108
456452720
482914736
484273108
476697959
482914736
475183502
397960720
482914736
475183502
397960720
482914736
429700140
475183502
446581738
482914736
429700140
475183502
423522513
482914736
446581738
475183502
413743344
482914736
429700140
475183502
433209780
482914736
429700140
426208041
433209780
482914736
411857608
426208041
433209780
424065525
429700140
440972557
427387709
433209780
426208041
424065525
427387709
415698917
426208041
338110795
434149236
427387709
429700140
419745093
422696678
426208041
427387709
397960720
411391063
429700140
426208041
427387709
415698917
411588919
426208041
427387709
411416069
412930989
433209780
427387709
337710487
429700140
411344952
412930989
427387709
413743344
415698917
413637088
411857608
427387709
412562270
397960720
413190940
