39907342
310133547
19834302
35133714
506073568
40149352
506073568
40149352
20376053
524745185
47376570
266051092
22646257
21520021
313971223
19834302
30180100
352471634
322443498
296706208
63663871
30180100
29263567
473978282
352471634
19862294
322443498
266051092
511853234
296706208
30180100
20246142
36079531
397861009
506073568
30180100
31059577
40149352
30180100
313971223
297843546
487512860
296706208
40149352
66167982
24398907
403785364
66167982
548658526
589397721
473843995
352471634
524745185
30180100
39907342
31059577
19834302
452075622
506073568
266051092
507186160
296706208
522985575
55101110
511853234
591743830
527738087
511853234
591529394
63142079
557597184
19834302
22646257
511853234
21520021
591748838
40149352
506073568
403785364
543555904
322443498
591529394
28187933
66167982
584245948
40149352
506073568
591427358
555710225
508865977
19862294
35180018
591529394
22646257
19834302
506073568
40149352
508865977
590382721
568222940
22689579
508865977
19753196
549894286
546390030
47127248
21775016
473978282
19561126
55886635
20117417
423451505
511853234
20322475
266413725
36047676
570215392
436420036
22646257
415917502
22646257
423451505
29500000
383581311
21520021
36823157
34556725
321384043
452075622
21520021
302732785
431396342
66167982
41516143
337939566
453736239
307721919
35922411
30180100
296706208
266413725
591712117
28542816
591712215
63142079
437336576
393576289
378096032
19834302
506073568
383581311
55886635
31317160
31059577
313971223
20184987
22646257
322443498
349811156
66167982
