267582662
558043665
323385227
267582662
497118964
337679629
532385748
530236127
267582662
267582662
337679629
267582662
318692585
351002367
476861055
480607112
351002367
497118964
477813513
264307309
500301300
477813513
477813513
267582662
66272693
497118964
317244232
581449263
267582662
497118964
267582662
351002367
383356838
267582662
497118964
484634573
383356838
267582662
393746851
318692585
50265695
495145760
581449263
311416365
346373084
323385227
340117340
497118964
558043665
64469152
66955301
351002367
311416365
477813513
50265695
274185723
323385227
558043665
372908607
267582662
383356838
497118964
372908607
383356838
267582662
477813513
314364464
476861055
476861055
267582662
480607112
267582662
66223129
372908607
477813513
66218698
476861055
476858741
326278534
326278534
480607112
326278534
477813513
558043665
267582662
532518982
318075025
51302978
477813513
351002367
337679629
514743652
66808451
383356838
351002367
582591299
59122781
495145760
514743652
477813513
581449263
66313873
346373084
558043665
267582662
59122781
264307309
477813513
50276633
477813513
51302978
267582662
50276633
558096498
267582662
297841675
59122781
50265695
267582662
581989536
66955301
476861055
267582662
274185723
65619747
590133540
372908607
65619747
578290076
581449263
66218698
570697478
323385227
267582662
477813513
436983997
301227941
581449263
559570282
568967592
581449263
66313873
563215505
559039825
476858741
514743652
264307309
578290076
553503282
581449263
532518982
571237284
476861055
575627713
326278534
318692585
573715277
65619747
555060323
561684638
581449263
