529082588
529082588
459739439
57736754
588106735
63656258
543214975
530488862
502287581
303896489
483570748
329340443
610625314
590167672
444426871
543481884
303896489
436799222
34516250
451461584
22527928
451178678
454389608
585186623
422045168
485223367
558175040
585186623
588106735
581007331
455445447
316841487
548919899
436799222
440654889
313089336
477621630
436799222
585186623
543214975
318918722
292193251
436373743
349516833
380466501
585186623
436373743
57736754
586293790
318730775
303896489
318918722
313089336
57736754
312709782
311782397
318918722
548844410
349516833
312709782
436373743
26517009
581007331
480419288
436373743
34516250
436799222
331074433
263760409
46570411
316841487
436799222
57736754
452269395
590137303
319920645
312709782
530488862
594228903
590137303
313089336
307144385
436373743
57736754
312709782
453312669
372379009
34516250
57736754
588106735
395148140
307092443
436799222
585186623
26986242
508821312
566591483
436799222
312709782
452139563
318918722
380466501
270684445
57736754
313089336
307236986
312709782
450102712
544481001
436373743
313089336
57736754
458180489
436373743
31000102
57736754
601951196
590137303
382462947
515641085
46570411
312709782
57736754
303896489
452567524
350302488
57736754
395148140
307236986
270674901
26517009
267933471
318918722
303896489
57736754
303005399
57736754
475293473
349516833
57736754
533273813
436373743
544481001
53372229
585109573
57736754
529575402
590137303
26517009
436373743
324154881
451178678
318918722
436373743
48801470
318918722
303896489
318976760
312709782
522622235
312709782
305966486
382462947
453051286
57736754
312709782
307236986
398317649
311371787
313089336
487134339
511843527
22527928
549232751
447222568
26196977
267824230
546971020
588106735
400670164
533273813
318730775
545064547
583731625
499242676
57736754
316841487
373687079
518251072
316770994
266728576
453154699
329340443
517990749
521715966
511671134
329340443
57736754
440584612
316841487
548691349
57736754
512112526
511948636
316841487
447211803
589773263
584720624
57736754
396557088
319920645
451178678
389268944
370768199
57736754
411978879
424137704
447211803
479798817
318918722
436799222
307289551
447211803
451178678
26196977
440707188
533273813
329340443
382462947
307092443
278274679
433940976
586293790
387208758
540137319
520304062
480419288
394907242
458180489
312709782
316841487
334798075
46570411
512118074
350355987
307289551
549232751
312709782
51364870
562840017
440707188
454887922
475805911
271290200
437154737
267933471
584720624
520696371
453312669
391947004
472248571
349516833
530488862
312709782
329340443
445945591
334518238
458180489
452139563
585186623
447222568
334518238
458180489
521715966
395148140
303896489
574418226
452494763
318918722
395148140
475805911
270674901
349516833
270207223
280165583
22527928
480706882
53372229
280165583
521715966
46570411
57736754
292193251
583946505
553970517
266728576
270674901
318918722
20599386
57736754
521715966
318918722
382462947
31000102
48801470
318918722
57736754
307236986
305966486
440654889
445945591
439692716
312709782
584720624
312709782
483570748
586293790
453312669
22527928
530488862
387203938
307289551
454118824
57736754
267325056
312709782
356041460
546525913
313929839
49202054
397969353
502287581
316841487
418520127
370998347
373687079
330499708
483570748
519403978
521820802
444426871
475784933
329340443
533273813
517248521
511946471
583946505
551907944
57736754
376186399
498993087
452501162
498974653
436799222
546971020
521715966
368947102
510120283
477057646
548844410
307190583
452501162
487367981
520895261
480591736
511948636
475784933
433940976
57736754
539174253
511168642
26986242
22527928
387203938
360339962
509943368
316841487
303896489
318730775
391947004
482815233
489890918
519299899
440707188
275752619
268304392
549059017
22527928
437154737
480591736
585186623
428887114
329340443
288627835
315442726
475784933
444426871
24232424
309375317
585186623
526739845
531473329
453051286
475784933
436799222
498993087
465200286
263760409
506025392
401955144
486935099
312709782
485682210
26196977
369625685
570410431
385791096
437154737
31000102
379129901
57736754
439821210
319920645
529575402
586293790
585186623
63079623
436373743
318918722
529575402
401955144
453051286
270674901
586293790
440252929
458180489
270039573
57736754
458180489
521715966
292193251
334518238
482052495
584720624
436799222
517990749
318918722
436373743
267525946
436373743
313089336
318918722
437154737
312709782
452269395
475805911
461537419
387203938
