463187296
27005982
27005982
22265091
27005982
51330957
406149352
313088080
313088080
406149352
579354761
388169302
406149352
589978063
406149352
563944167
27005982
406149352
569753299
37744146
579420839
361961175
406149352
49460691
295588714
406149352
484241479
27005982
406149352
389192616
61168605
587636859
276472918
587636859
276610807
587636859
580800267
406149352
569753299
406149352
295588714
406149352
386837134
406149352
563944167
400341797
579354761
406149352
569753299
33696371
527245394
573666610
563944167
313088080
406149352
383197552
442777716
406149352
484241479
579354761
263687172
