582077373
438805395
586348704
589937330
457256444
582077373
585072844
495982570
586348704
551131605
560684984
586348704
582077373
586348704
582077373
537357700
586348704
551131605
559274599
586348704
451532485
551131605
582077373
487443145
586348704
551131605
582077373
451532485
586348704
485956459
582077373
451532485
586348704
487443145
542089775
582077373
451532485
586348704
487443145
541680271
582077373
451532485
487443145
541682179
582077373
586348704
539034489
544430538
542830974
539493577
410225154
586348704
490291939
495859930
541682179
586348704
543772282
541681838
586348704
495859930
450199134
461616982
586348704
333315724
343146385
495959396
490291939
495982570
479826202
499697147
495982570
495616060
495633411
495616060
495627122
495616060
495627122
495633411
495982570
495616060
480332577
486895704
495631331
495616060
489941022
490048732
495616060
486895704
490369542
495616060
468302915
459545080
407686087
451532485
450199134
343146385
424018566
343146385
417391531
420835451
410632040
416655828
420831042
411501138
420848901
392788066
411434392
414651901
407679016
407686087
413901856
402071919
407665095
411434392
394476003
411434392
388326215
361304293
442371429
582077373
490369542
586348704
487443145
551131605
487443145
539034489
544430538
542830974
539493577
543772282
541681838
495859930
495627122
490422162
486895704
494161164
495633411
494161164
495616060
479771741
495633411
494161164
480452598
495616060
495633411
494161164
484764930
495616060
494161164
466348692
479770513
495843659
494161164
486895704
495627122
490422162
494161164
495616060
495633411
484764930
479771741
494161164
484856871
494161164
484764930
480452598
494161164
449000188
464202790
494161164
486895704
490369542
494161164
475240607
484856871
494161164
486711385
495616060
484764930
494161164
490369542
484856871
494161164
494161164
466348692
459545080
451532485
392788066
450199134
343146385
424035832
432495584
424125813
429457734
407679016
414506308
424018566
409262807
402071919
343146385
424018566
416655828
420848901
392788066
412982155
402071919
392788066
407686087
392788066
407686087
416915355
409518004
414506308
409982083
414506308
411434392
411501138
407686087
424018566
409518004
402071919
412982155
412982133
407665095
411434392
402071919
407665095
394476003
394476003
407665095
391885038
268146597
336008283
487443145
549112373
541682179
539034489
544430538
542830974
539493577
543772282
541681838
491423803
495633411
493720432
495627122
494161164
490369542
493796892
494161164
495616060
492787082
491423803
493796892
495627122
494161164
495631331
490422162
495616060
494161164
484764930
491423803
486895704
494161164
479770513
484856871
490422162
495627122
494161164
485303422
491423803
484856871
494161164
484764930
485956459
495627122
494161164
479771741
484856871
495627122
490352843
495633411
495616060
484856871
490352843
490422162
491423803
494161164
486711385
484856871
494161164
466348692
494161164
484764930
464202790
479771741
494161164
495616060
466348692
494161164
392788066
480452598
495628498
480597218
495616060
490314880
467141079
466973038
486895704
466348692
494161164
480452598
466348692
486895704
468560341
428370592
491423803
466348692
464627178
461616982
494161164
429457734
412982183
424018566
424035832
412982133
428370592
428370592
420831042
424015481
424018566
415000866
424125813
412982133
428370592
424018566
416655828
429457734
409262807
424066915
411458075
414506308
424018566
420793635
423377350
423899748
420793635
428370592
414510527
408854339
402071919
410632040
420831042
424018566
412982183
412982133
416655828
423002139
424018566
409982083
402071919
420793635
412982155
412982133
424018566
407666097
409518004
409982083
413901856
418240366
414506308
411434392
413901856
412982133
418240366
409518004
414506308
411501138
420848901
416690940
409518004
413901856
420848901
418240366
409518004
414506308
394476003
414506308
396884251
394476003
582077373
563409808
343146385
537088119
539034489
544430538
542830974
539493577
538634445
543772282
541681838
493720432
496238304
493796892
495633411
490422162
496168983
488561926
493796892
494161164
491602041
495665673
494161164
480452598
494161164
495616060
485956459
481607360
494161164
490369542
495637129
495616060
491423803
494161164
495631331
496168983
494161164
495616060
485579942
479771741
494161164
495631331
479771741
495633411
494161164
495627122
480452598
495631331
494161164
485956459
484794211
479770513
484856871
464202790
490352843
495616060
495633411
464202790
495616060
487534019
495633411
490422162
495616060
496238304
490422162
484764930
494161164
480452598
484856871
490422162
494161164
485579942
484856871
490422162
494161164
486711385
494161164
490422162
481301033
494161164
467141079
494161164
461616982
464202790
466348692
480452598
466348692
480452598
495633411
464643075
494161164
480452598
459545080
450199134
407693232
428370592
418240366
424066915
429457734
424064738
407665095
411434392
429457734
417391531
424018566
409518004
411434392
412982155
412982133
424125813
409262807
412982155
415000866
412982133
424022553
424015481
411501138
424018566
424022553
417391531
409313109
416690940
424018566
420848901
412982133
412982155
410632040
420831042
412982133
420848901
409982083
418240366
413901856
412982133
412982183
424018566
413901856
409262807
392788066
409518004
407665095
413901856
411434392
420788004
412982133
418240366
407665095
409518004
409262807
410632040
407679016
406649981
392748666
