426565320
34576409
288235377
426579506
428947552
439874539
305559065
426565320
353440464
439874539
498446563
426565320
443430141
439874539
426565320
439874539
426565320
353440464
353448504
426565320
481461057
36683797
426565320
439874539
426565320
337536948
426565320
353440464
426565320
400631800
34576409
375106869
439874539
426565320
353440464
290016059
439874539
426565320
327996291
35019991
439992100
353440464
426565320
276906216
305559065
507672575
353440464
286605987
439874539
293578602
277258322
369963093
497975730
426565320
286764529
327996291
439874539
291143328
353440464
353469171
426565320
426581465
340082054
439992100
353466415
271278528
36683797
336449868
426565320
353440464
400631800
34576409
353440464
443430141
353466415
422648332
353440464
305559065
36562409
35019991
353440464
426565320
439874539
426581465
376128178
301651075
426581465
437079631
439874539
426581465
426565320
353440464
439874539
305559065
40491509
439874539
353440464
426581465
277258322
439874539
426565320
353440464
461808732
327996291
426565320
272323858
426581465
439874539
324113703
400631800
278062106
426581465
327996291
353506836
482394990
353440464
376128178
34576409
353440464
272323858
324113703
47936749
439874539
353440464
340082054
275268410
277258322
439874539
353440464
35063199
426565320
353440464
337536948
291143328
277258322
357505055
353440464
439874539
327996291
378934897
353440464
439874539
426581465
426565320
353440464
439874539
426581465
353440464
439874539
426581465
475336838
277258322
353440464
439874539
278386423
34576409
353440464
439874539
426565320
353440464
439874539
278386423
441308039
36562409
426760743
297753835
275852052
309075977
290016059
35016079
439874539
291143328
375106869
355754914
35017005
375106869
353440464
544223183
371795978
455803037
353440464
271580038
441477572
439874539
426581465
426602437
291143328
480606656
35044763
439874539
353466415
423044666
426565320
290016059
353437269
271580038
468887066
439874539
461637252
463401985
441309115
275852052
353440464
439874539
441477572
461808732
278386423
426581465
426579506
337536948
473646818
540628441
419891617
357505055
441309115
439874539
34576409
439874539
353440464
439992100
353506836
278861764
353440464
439992100
540628441
369963093
422648332
441314039
426581465
301262269
426565320
47936749
446206952
426565320
439874539
441316719
422648332
486727689
353440464
439874539
378440461
353440464
439874539
278062106
426565320
353440464
59720894
422648332
428615650
558801528
437079631
482394990
428416060
40491509
35246840
544223183
36659639
392498511
558801528
439874539
277258322
558801528
39722077
276906216
353440464
34576409
35017005
277258322
362850032
544223183
401144402
566837729
