588936295
590668472
588936295
588231998
590668472
588936295
590668472
588936295
590668472
588936295
533098656
588936295
590668472
499940122
588936295
590668472
588936295
590668472
569877539
588936295
296660802
590668472
588936295
548477924
590668472
564308796
588936295
292733705
316811885
299874073
588936295
550755317
548477924
391880460
300257954
547824917
519285316
547824917
300840453
550755317
547824917
533098656
519285316
399125006
292733705
371894546
384653941
371894546
369578986
364936238
371894546
334997581
364936238
368728523
367904603
364936238
358926735
354194543
364936238
292733705
334997581
354194543
364936238
359210209
300257954
354194543
364936238
351175655
343990158
364936238
345892864
329583937
364936238
334997581
338738903
335830025
336250174
300257954
332949490
327597501
300257954
332949490
305983806
300257954
332949490
305983806
292733705
300257954
292733705
300257954
300849265
305983806
292733705
301236460
292733705
301236460
305983806
292733705
300840453
305983806
292733705
300840453
305983806
292733705
300840453
292733705
292733705
300840453
292733705
292733705
292733705
292733705
292733705
292733705
292733705
