27910447
31451223
51931139
36512716
35787073
362404889
579797178
31451223
36512716
30055442
579797178
57608211
36512716
27910447
362404889
36512716
27910447
579797178
36512716
27910447
20577753
579797178
46554280
36512716
27910447
551338650
36512716
27910447
57608211
51931139
20577753
36512716
529220482
20577753
579797178
27910447
20115646
579797178
529220482
361132773
514025970
31451223
579797178
551338650
529220482
27910447
514025970
529220482
27910447
579797178
514025970
529220482
579797178
514025970
514025970
27910447
514025970
514025970
514025970
514025970
514025970
514025970
514025970
514025970
514025970
514025970
514025970
