43860918
424986988
302447059
263888560
51119384
59395380
49619446
346094863
541290371
21129118
59395380
49619446
25513108
569194541
59395380
265233694
553123999
49619446
59395380
548960207
49619446
346094863
506923007
566979041
509235986
20327859
511691926
560298061
265233694
49619446
528841975
560298061
546702700
49619446
546702700
338480429
424986988
545559103
431939138
546702700
424986988
49619446
59388737
59395380
385022325
546828295
49619446
51119384
560298061
370110783
424986988
265233694
424986988
535405953
346094863
49619446
59395380
424986988
263888560
49619446
275574427
59395380
536491324
408630760
498694347
424986988
362649244
424986988
292668401
564245668
263888560
49619446
59395380
546702700
263888560
432222648
424986988
49619446
49619446
265593307
49619446
362392508
275574427
362649244
498694347
20327859
