448457097
322319357
62475363
36403105
20539701
28070701
314798310
67371213
46720776
510456118
564599460
32255362
68068713
67371213
55896626
58834693
265514910
62475363
58834693
539745666
58834693
509571160
40188262
448457097
550650647
36247408
46720776
402237654
28070701
64466932
64251084
342188499
314798310
63320562
58834693
314798310
55896626
58834693
40034268
28070701
308223024
63825560
65597606
20539701
58834693
402237654
36403105
443796987
514715139
28709439
28709439
37894879
28709439
64251084
550650647
28070701
62549372
62475363
24132011
375807109
314798310
402237654
46720776
342182450
356685734
28070701
55896626
68068713
61235883
28070701
46720776
28070701
28070701
550650647
342182450
28070701
36574396
28070701
610637522
64598789
474872811
36403105
36574396
58834693
62475363
402237654
67371213
20539701
28070701
63954289
61235883
62475363
61235883
63981111
28709439
42238161
20539701
28070701
20539701
562627208
20539701
58834693
448457097
62475363
67371213
36403105
313720454
339771266
316451767
28709439
32014374
32255362
339516232
55896626
336689793
58834693
62475363
539745666
58834693
323555083
263802954
310720786
46720776
58834693
321304697
314798310
40188262
550650647
67371213
314798310
285014521
28070701
64466932
64251084
452391138
474872811
63320562
58834693
314798310
58834693
40034268
28070701
290707672
68068713
28070701
310720786
20539701
402237654
402237654
474872811
372060446
36403105
314798310
28070701
20539701
46720776
28709439
28709439
67371213
37894879
28709439
268865028
64251084
550650647
62549372
62475363
329945072
458645189
329665291
28070701
55896626
522498461
28070701
61235883
28070701
20108974
28709439
308223024
28070701
550650647
28070701
28070701
314798310
36574396
64598789
36403105
314798310
46720776
62475363
342182450
28070701
36247408
36403105
321304697
36247408
339771266
32014374
32255362
357009923
58834693
321304697
62475363
539745666
58834693
64758600
32014374
289854037
28709439
327719341
58834693
32014374
20539701
402237654
40188262
265027416
550650647
46720776
313720454
20539701
350110914
64466932
342182450
64251084
28070701
46720776
36247408
58834693
329942959
20539701
313720454
58834693
36247408
399904966
317858476
40034268
342182450
36574396
28070701
36247408
314798310
63825560
36247408
58834693
378726418
36403105
28070701
474872811
28070701
317858476
65597606
37894879
28709439
470304712
64251084
550650647
339771266
28709439
28070701
62549372
28070701
336787525
62475363
390250539
375807109
342182450
68068713
55896626
433623695
68068713
342182450
474872811
61235883
374596922
28070701
28709439
550650647
314798310
20539701
341279326
28709439
28709439
314798310
458645189
53232451
28709439
64598789
36403105
28709439
58834693
458937912
28709439
342182450
20539701
62475363
332487217
62475363
28070701
36403105
313720454
322319357
340123321
32014374
339771266
32255362
356685734
28709439
324737388
375807109
47015141
356685734
67371213
298289393
58834693
497418706
28070701
62475363
313720454
264047258
58834693
539745666
452391138
313720454
340116744
20108974
287089318
58834693
28070701
342182450
474527608
382436688
40188262
550650647
421112056
339771266
589797538
317858476
372060446
339771266
340116744
381862327
64466932
399463256
28070701
64251084
36247408
315213459
313720454
317858476
342182450
314798310
64758600
265514910
375807109
28070701
314798310
307594373
338947392
265643901
303716653
67371213
40034268
382290250
442273774
290707672
342182450
67371213
342182450
63825560
65597606
310720786
58834693
402237654
36403105
458645189
308223024
339771266
402237654
28709439
340116744
474872811
36247408
342182450
67371213
458645189
342182450
37894879
342182450
64251084
28070701
550650647
342182450
372060446
289854037
342182450
62549372
62475363
20108974
342182450
24132011
342182450
427772136
458645189
474872811
342182450
314798310
36574396
474872811
342182450
55896626
356685734
458645189
20539701
448457097
61235883
310720786
36574396
314798310
474872811
28070701
382290250
20539701
474872811
402237654
402237654
346585232
442273774
28070701
402237654
550650647
372060446
68068713
68068713
28070701
36574396
20539701
342182450
64598789
20539701
36403105
36574396
20539701
345533622
28070701
62475363
46720776
36403105
345533622
514639698
67371213
310720786
28709439
20539701
32255362
327719341
47015141
46720776
345533622
321304697
58834693
539745666
289854037
313720454
68068713
346379173
342188499
339771266
290707672
342182450
550650647
67371213
343639544
332487217
64466932
321304697
64251084
46720776
36574396
313720454
53232451
339771266
402237654
340116744
298289393
399904966
40034268
36574396
310720786
411068178
314798310
458975486
36574396
342182450
63825560
274907307
474872811
342182450
514715139
346585232
342182450
58834693
378520857
357346633
337294754
28070701
36403105
411068178
356685734
