410642683
487396173
478473233
313955651
410642683
487396173
477969172
458106786
410642683
487396173
478473233
279120277
410642683
487396173
478473233
483196800
410642683
481578434
478473233
487396173
376238175
410642683
487396173
410642683
460205788
478473233
487396173
478473233
487396173
411875098
478473233
410642683
478124465
487396173
478473233
453558285
270687755
487396173
478473233
354545057
407964766
487396173
478473233
343508484
487396173
478473233
487396173
478473233
487396173
487396173
487396173
487396173
