518390211
518390211
584993422
518390211
518390211
518390211
584993422
587030197
518390211
584993422
584993422
518390211
518390211
587030197
518390211
584993422
518390211
584993422
518390211
518390211
518390211
518390211
589311116
518390211
518390211
518390211
583545780
518390211
518390211
518390211
589311116
518390211
518390211
518390211
518390211
518390211
518390211
518390211
518390211
518390211
518390211
518390211
518390211
518390211
518390211
518390211
518390211
518390211
518390211
518390211
518390211
518390211
518390211
518390211
518390211
518390211
518390211
518390211
518390211
518390211
518390211
