329308841
24362474
298521066
25340011
325279707
437856634
577820800
298521066
38890974
525201638
525201638
325279707
437856634
425704108
42727136
38890974
435879884
325279707
39441338
24362474
35963650
21822074
513463046
317214175
268382431
38890974
298521066
420779312
325279707
49560665
437207687
330069839
325279707
21822074
38890974
35963650
268382431
325279707
525201638
34412636
447085848
435879884
299806452
577820800
268382431
437856634
299806452
307824166
298521066
325279707
299806452
298521066
325279707
425704108
299806452
513463046
437856634
325279707
425704108
299806452
27029591
577820800
325279707
268382431
298521066
513463046
425704108
325279707
382688357
35963650
35963650
325279707
425704108
299806452
325279707
425704108
325279707
35963650
24362474
556821088
325279707
35963650
425704108
556821088
325279707
425704108
437856634
525201638
299806452
325279707
268382431
346568982
268382431
325279707
298521066
435879884
325279707
268382431
437856634
610941189
325279707
299806452
298521066
447085848
325279707
299806452
298521066
329022566
447085848
299806452
325279707
298521066
329022566
420779312
24362474
325279707
298521066
435879884
298521066
435879884
325279707
577820800
268382431
299806452
325279707
298521066
298521066
325279707
490703140
325279707
610941189
577820800
577820800
325279707
298521066
425704108
325279707
299806452
610941189
325279707
299806452
265382880
325279707
299806452
329022566
298521066
299806452
325279707
329022566
298521066
299806452
325279707
380788312
318272621
325279707
24362474
298521066
425704108
325279707
318272621
268382431
325279707
268382431
420779312
325279707
298521066
490703140
325279707
27787716
325279707
268382431
325279707
298521066
299806452
325279707
298521066
437856634
318272621
525201638
35963650
35713301
435879884
38890974
314472784
298521066
301953449
329022566
420779312
330069839
298521066
300421625
435879884
420779312
39441338
35963650
329308841
437207687
420779312
346728173
542824481
429474839
24362474
420779312
38890974
447085848
328966379
308268014
420779312
572838310
35963650
425704108
299806452
268382431
298521066
425704108
437265184
301989464
425704108
268382431
308268014
35713301
268382431
435879884
566182601
298386594
35963650
27755071
35713301
425704108
35963650
299806452
551540129
435879884
437856634
329308841
317214175
572532399
35963650
420779312
437856634
265382880
34412636
271051094
298521066
572532399
34412636
327285145
21822074
38890974
300421625
420779312
435879884
329022566
299806452
268382431
21822074
437856634
42727136
286052584
298521066
420779312
24362474
42727136
298521066
334348577
268382431
298521066
42727136
420779312
311497800
299806452
35963650
435879884
437856634
425704108
556821088
420779312
27029591
299806452
301953449
21822074
268382431
425704108
299806452
27787716
298521066
437856634
383646549
265382880
437856634
383646549
320673607
318272621
265382880
435879884
298521066
317214175
420779312
35963650
435879884
523825268
53690148
299806452
298521066
513463046
435879884
24362474
298521066
268382431
420779312
299806452
298521066
520473814
579658165
298521066
425704108
27029591
268382431
299806452
21645954
420779312
299806452
329022566
577820800
35963650
298521066
435879884
35963650
310696955
425704108
435879884
24362474
298521066
577820800
299806452
265382880
525448965
268382431
425704108
27428976
299806452
430879886
298521066
435879884
27029591
429474839
298521066
38890974
350925113
340127772
383646549
298521066
38890974
35963650
508471916
299806452
27755071
39917544
38890974
42727136
38890974
577820800
298521066
35425842
27755071
285897845
49871257
38890974
437856634
373923086
454373282
525448965
325279707
420779312
38890974
298521066
330069839
334348577
596680059
437856634
298521066
285897845
27029591
320673607
301989464
308268014
286428884
21822074
301953449
27546472
577820800
352913333
42727136
314472784
565819613
531319304
35963650
425704108
420779312
35963650
435879884
318272621
38890974
314472784
534745386
577820800
340127772
53690148
42727136
496075352
435879884
27787716
67275648
487904220
298521066
268382431
314472784
425704108
318477906
21645954
525201638
298521066
299806452
318272621
577857549
300421625
329308841
437856634
556821088
525201638
437856634
328966379
299806452
383646549
581769674
329022566
318272621
38890974
299806452
317214175
24362474
328966379
298521066
435879884
383549086
451942625
298521066
25554666
20057773
35713301
298521066
299806452
317214175
299806452
346568982
298521066
490703140
24362474
435879884
27787716
314472784
300421625
298521066
437856634
525201638
329308841
425704108
24362474
38890974
330069839
49560665
325279707
420779312
34412636
425704108
420779312
435879884
298521066
307824166
520473814
299806452
548560405
35713301
437856634
425704108
24595297
490703140
318272621
447085848
268382431
299806452
21645954
318272621
328966379
425704108
35713301
38890974
525201638
35713301
299806452
318477906
435879884
299806452
437856634
49560665
298521066
565819613
318272621
38890974
329308841
298521066
532178671
559351467
339254167
24362474
420779312
328966379
35963650
313015018
38890974
42727136
24362474
314472784
38890974
318272621
329022566
437856634
435879884
329115580
23876242
49560665
301989464
570262349
27755071
437207687
268382431
27755071
487904220
263634430
314472784
24362474
265527745
268382431
298521066
35963650
27428976
268382431
373923086
317214175
318272621
49560665
299806452
21741407
268382431
42727136
265791375
327285145
293581109
300421625
525201638
21645954
437856634
383646549
27029591
447085848
49560665
38890974
27755071
265382880
520473814
437856634
425704108
299806452
435879884
420779312
425704108
285897845
525201638
382688357
420779312
317214175
35963650
354534383
329115580
534745386
35963650
301989464
34412636
490703140
330069839
508896953
556821088
299806452
24595297
425704108
299806452
21645954
38890974
27787716
437207687
451256830
299806452
35963650
265382880
301989464
27029591
327692511
425704108
298521066
329308841
420779312
308268014
268382431
542824481
318272621
420779312
330069839
38890974
577820800
329115580
348019843
432505811
314472784
299806452
268382431
42727136
435879884
31545119
577820800
299806452
525201638
298521066
383646549
577820800
298521066
265382880
21645954
29675961
425704108
380788312
383646549
38890974
346568982
425704108
513463046
525201638
318272621
436563065
298521066
513463046
24362474
513463046
298136762
38890974
299806452
42727136
35963650
27029591
513463046
35713301
299806452
318272621
38890974
266903315
542824481
298521066
24238842
36639782
383549086
327692511
318477906
268382431
24453688
301989464
314472784
49560665
429474839
577820800
453217431
329308841
317214175
314472784
425704108
24362474
265791375
544122720
24362474
317552985
287878217
20057773
420779312
375841029
34576708
329115580
443329779
320673607
577820800
328966379
35963650
35713301
434581377
38890974
329308841
513463046
318477906
38890974
446726381
307824166
325279707
329308841
24362474
34412636
327285145
314472784
302343998
437856634
435879884
445279258
298521066
271076738
521645902
329022566
298521066
