361796127
584449780
316531339
357678200
34640718
394961102
461781319
552708238
589160880
364009380
40582872
584449780
50292575
343294584
459929909
317888064
582616536
330241158
586198593
330241158
552288732
555027438
558219231
276578129
377243053
357678200
591676798
564833094
316531339
579744768
357678200
404878335
546755744
571624071
436206620
543740614
40582872
357678200
65279619
581700524
554394209
590943803
357678200
357678200
581616339
588042231
50292575
552294083
404878335
581616339
591484266
33734678
568574321
546755744
430965272
280973979
591484266
468813482
28581399
361796127
587528275
493612511
28306141
610798521
610798521
404878335
554394209
581616339
404878335
21453852
421701474
376564041
585974484
589160880
584449780
330241158
501174180
554394209
590943803
330241158
589160880
430965272
20857355
553415994
522666119
591676798
440919319
404878335
28581399
28581399
313732168
584449780
560977891
568574321
552294083
552294083
404878335
588042231
582814345
552288732
40570209
581700524
607654898
584449780
404878335
357678200
493240244
552288732
605261593
552288732
280973979
430965272
404878335
582814345
552294083
560977891
584449780
587528275
404878335
394961102
267725204
552288732
430965272
352661470
376564041
588042231
588042231
590943803
27343167
574941792
430965272
610798521
357678200
440919319
352387027
572886113
404878335
519933758
573247139
404878335
591353535
430965272
591676798
610846846
357678200
555368971
579797404
376564041
21036172
584449780
361796127
583726003
518641692
582616536
552708238
462240019
518425194
394961102
554394209
584449780
588042231
357678200
554394209
497506956
340492033
463903022
585974484
554394209
404878335
459929909
568574321
583102892
366288170
518641692
588042231
570157750
558219231
586198593
569965047
540645243
42235377
554310150
343294584
448640443
368969415
554394209
586198593
589367600
573892726
508408356
554394209
591484266
357678200
326494045
570157750
558219231
559698279
552294083
430965272
65569281
570968809
514682298
404878335
554394209
438156560
552294083
35504746
294456939
586181633
577526721
583955628
558219231
561361553
553959596
22780634
430011495
440975547
404878335
554394209
561361553
579201055
485003417
28306141
22278345
581923977
404878335
584449780
585974484
357678200
572063075
584449780
565573058
563483661
440919319
40582872
568597599
486919530
404878335
513275505
517554783
590943803
554394209
493240244
552294083
404878335
525046366
20857355
473854946
347390426
588261089
552288732
590321686
317948586
589160880
581773292
280973979
485003417
462240019
352387027
462240019
581616339
440919319
564340043
457784343
584449780
448640443
40582872
430965272
588042231
473854946
40582872
357678200
461781319
591353535
495342187
588042231
584449780
538888518
376564041
495342187
313732168
519933758
404878335
497506956
313732168
584449780
552677679
430542610
440919319
425533193
522646992
588311856
568574321
588042231
40582872
584449780
591353535
440919319
352387027
485003417
430965272
463903022
393146578
588042231
555977225
372643331
584449780
473854946
461781319
552276130
584449780
540429654
40570209
26573999
554394209
558219231
547095095
576426768
28306141
422498143
552677679
582764868
415847709
346139827
473854946
50292575
584561412
415847709
486216288
583102892
313732168
554394209
340106103
377243053
552294083
357678200
330241158
506662009
430965272
554394209
394961102
473854946
376564041
40570209
485003417
27699000
440919319
430965272
589367600
554201595
554394209
553568695
66692316
50250384
552294083
572063075
65569281
550174412
558219231
553959596
462240019
40570209
599414437
589160880
552708238
404878335
562381701
404878335
542772094
598594462
400316078
552353172
554394209
421701474
317948586
552294083
485003417
566901227
404878335
542772094
572063075
430011495
343294584
572063075
584449780
591676798
466720249
541630775
531193533
394961102
584449780
554394209
514682298
40582872
524929199
486796016
430011495
404878335
554394209
552288732
493240244
553873083
430965272
440919319
365486193
27699000
585974484
440919319
564833094
485003417
543159792
584449780
554394209
473854946
554394209
448301367
568574321
589160880
572967631
408161363
473854946
552288732
519933758
427696619
438156560
560977891
491593982
459929909
269471855
584449780
493240244
423713275
553568695
587528275
515480201
404878335
376564041
579651590
330241158
568490035
534945578
582814345
552708238
520473814
562381701
557423205
40582872
20176689
493240244
65421169
404878335
376564041
34640718
313732168
40582872
434592793
357678200
313732168
21036172
525046366
288321140
584449780
438156560
486796016
20857355
584449780
474661386
579744768
435047797
552467674
552353172
438156560
317888064
501187852
433358666
527088204
568574321
588042231
430965272
568395155
573247139
316531339
583102892
553442974
552508179
33867281
591203478
266909680
345833350
566828035
587528275
42235377
581618534
545849617
552360413
286175135
404878335
31497543
463903022
404934847
589367600
585974484
543159792
563343188
552294083
357678200
547095095
28581399
404878335
473854946
589252064
553649742
338267138
364751101
65569281
376564041
473854946
280973979
552294083
522666119
589160880
518641692
551478581
547095095
585326742
295984422
36414970
440919319
33734678
555413507
584449780
582418182
591676798
508408356
525290788
550174412
584449780
565435381
522646992
448640443
493197322
267483854
552677679
40582872
404878335
372207707
294689464
338267138
313732168
404878335
570157750
301689605
589160880
568574321
473854946
582814345
50292575
364009380
422498143
386905132
340761150
477722105
436206620
426473871
552677679
551916400
517554783
318051785
584449780
546098545
40582872
522666119
522112085
589160880
546755744
461256015
554394209
558980017
357678200
552294083
313732168
319570978
407475224
357678200
402590917
588311856
584449780
590943803
586927815
562731134
288321140
552288732
20857355
554310150
430011495
319507381
584449780
376564041
40582872
564340043
538534610
40582872
568574321
582418182
402374711
352387027
27343167
313732168
515480201
589375984
40582872
404878335
34640718
538534610
343294584
557298227
417543641
499831059
409230131
506662009
584449780
439851305
415847709
553959596
430011495
466720249
34640718
326494045
430011495
60071334
542772094
552294083
584449780
327631835
362121040
334061990
22780634
486216288
330241158
583102892
417543641
552353172
297821934
295984422
401450751
539111569
50292575
552467674
424480056
343294584
510602781
34640718
543860606
584971568
436206620
571226882
557884779
27453018
552677679
582616536
376937235
341695578
552677679
562381701
42235377
579744768
552375274
415847709
588311856
33734678
330241158
568154345
558199400
546098545
24251918
430965272
376564041
554297426
547198402
430965272
