449068287
514729151
446381028
566555772
551883226
446381028
598253219
467479742
566555772
552810238
449068287
531721236
567674024
565154331
578295566
511662567
587967597
578295566
499212999
552810238
552810238
499764962
511662567
578295566
565154331
565861279
525753623
598253219
583346611
565861279
446381028
531721236
522885035
565861279
499764962
466770874
565861279
578295566
578295566
598253219
565154331
522885035
446381028
565861279
520950376
578295566
565154331
514729151
499764962
578295566
524855641
438579072
442186869
531721236
446381028
598253219
567674024
598253219
438579072
551883226
598253219
442186869
598253219
598253219
531721236
598253219
442186869
598253219
583346611
598253219
446381028
598253219
598253219
597957487
466770874
497756819
598253219
565861279
598253219
565861279
