325177150
28263985
265114039
588318882
24290336
580959804
22860487
283991634
591126213
28263985
576301468
27521494
346371968
574335629
562350969
591126213
590996457
40165082
517634570
265114039
531710332
476956949
27521494
418814971
582919672
309177164
590996457
591429531
516252714
265637323
588318882
418814971
571560599
329796843
589820259
582919672
591126213
34810172
418814971
517634570
591126213
21292390
516252714
589820259
590996457
517634570
68676480
589820259
517634570
265637323
591126213
35133069
22201259
516252714
591126213
589820259
265114039
346371968
325324112
325177150
517634570
530767425
583291359
590996457
41111848
580959804
265637323
357977711
591429531
265637323
22860487
24290336
472645134
590996457
68676480
590996457
61045372
582919672
22860487
418814971
24290336
591126213
296013292
589820259
329796843
24290336
66695149
41111848
418814971
68676480
325177150
54116373
610524870
476956949
590996457
68676480
40165082
68676480
598505148
20261988
590996457
582919672
516252714
24099873
31159770
590996457
30611641
582134619
23942086
590996457
522367891
590996457
591126213
588318882
590996457
24099873
28263985
535868134
519819188
589820259
590996457
325324112
542295463
26578077
546880481
610988590
346999432
590996457
309999864
542295463
325324112
583291359
589820259
590996457
590996457
24099873
588318882
590996457
495386434
23771914
479846477
25512805
570004196
472645134
591126213
482222163
582919672
516147349
588318882
35133069
562350969
537337528
418814971
28263985
562350969
585702570
590996457
24099873
588441399
418814971
34436660
524738486
344761613
570448380
24290336
529975824
22201259
479137548
39238915
23942086
580959804
574335629
516252714
588318882
29847912
325177150
309177164
580959804
582930903
572097710
298937021
582449275
562350969
68676480
572097710
309177164
483882413
24099873
585750137
20085405
418814971
309177164
542295463
517634570
497118964
458941486
576301468
373314746
21356719
351470350
479846477
24803906
296013292
463995705
576661457
30611641
482222163
522367891
572708528
63043858
309999864
400305423
325177150
483882413
545153190
489662332
24290336
34810172
22860487
522367891
591126213
461368950
574335629
325324112
582919672
23942086
574335629
585750137
544390917
489662332
37485088
572708528
41111848
346371968
522367891
22447908
583966128
574335629
557179826
590996457
524596983
582449275
66695149
346999432
309177164
309999864
325324112
423648127
543054752
336942061
325324112
476956949
22471467
50267957
309177164
49238128
530767425
582114806
267582662
558043665
22777313
537823429
326833457
562402380
266242493
581877117
26246532
52148330
22860487
588592685
266242493
359580280
66861459
404721763
35736161
419876519
582449275
34810172
582449275
22447908
39238915
548611450
345907033
68676480
40039393
27521494
582809470
32163206
39238915
37248250
497118964
22732593
27521494
35133069
501552879
265114039
476956949
572097710
463995705
314632781
41233414
26166417
325177150
588318882
66200879
476956949
27414902
588318882
462173547
588441399
22732593
24290336
22502941
433493478
588441399
21356719
562350969
24499749
22860487
315896805
267582662
19971432
384955609
588441399
387849256
325177150
68571487
546880481
580959804
537337528
325324112
415919535
548611450
22860487
19765823
495386434
566083525
590996457
524596983
39238915
588441399
489662332
23488307
495386434
582930903
24290336
582585597
32163206
66030167
545557511
53559433
530767425
314576176
24290336
24290336
325177150
582585387
464256796
585702570
309177164
26132635
347202458
34436660
550978186
20641589
325177150
35133069
548907627
522367891
346999432
572549928
543396459
23138506
24098135
307140562
572097710
575403037
579791674
40367680
482222163
469684650
268749328
307140562
582114806
418814971
572708528
400305423
335718063
325177150
352616491
469588431
65996516
579603527
582114806
557179826
453123507
50614384
378055722
384955609
574335629
344342518
412516641
383356838
299581261
19971432
588441399
325324112
570184171
400305423
585702570
35133069
415069344
423648127
325324112
19765823
21336165
24290336
41270669
28263985
265946650
419876519
590996457
39238915
519665064
588318882
479137548
35736161
524738486
579791674
311673349
39179314
22502941
22471467
266242493
346999432
23942086
265114039
438629815
24290336
572097710
579791674
25040537
311673349
296013292
