27326084
541019016
504802356
38638125
504802356
27326084
504802356
38638125
27326084
390134538
504802356
27326084
504802356
27326084
541019016
38638125
540432535
38638125
541019016
504802356
64112689
574104514
540432535
541019016
390134538
38638125
504802356
504802356
38638125
536492316
504802356
38638125
390142533
574104514
274938702
540432535
574104514
504802356
274310409
27326084
27326084
526874559
539297875
19585276
269877008
541019016
540432535
64112689
574104514
27326084
540432535
27326084
27326084
540432535
504802356
540432535
536492316
504802356
38638125
540432535
540432535
504802356
504802356
27326084
38638125
19585276
