495198005
533629961
519973234
512760688
533629961
476826612
512760688
519973234
528414060
512760688
510704708
528414060
512760688
510704708
528414060
476826612
463852027
497979447
495198005
502262487
528414060
495156388
497979447
495198005
495156388
497979447
495198005
476826612
495156388
497979447
495198005
488879579
490156562
495419518
497979447
495156388
488879579
488788246
476826612
495156388
495222245
488879579
495156388
476826612
488788246
495156388
495198005
495222245
476826612
495156388
497979447
496534597
495419518
495156388
490156562
476826612
495156388
460441572
476826612
495156388
460511021
460620278
476826612
495156388
466947539
461729289
461519430
476826612
471257529
465301118
461506973
476826612
461512318
488788246
461519430
468758091
460620278
461572051
461519122
460620278
461551549
460441572
461550458
460620278
467206143
462177118
462790223
460620278
461519430
461524621
460441572
461512318
462501308
460620278
461777783
461729289
462790223
466947539
460620278
461572051
461504010
460620278
461503607
461519430
461524621
460441572
460620278
462177118
460441572
461550458
460620278
461519430
461524621
460441572
461519430
461503607
461504010
460441572
461519122
461503607
460620278
460511021
461519122
462790223
460620278
468758091
461503607
460620278
462790223
460511021
461503607
462790223
460620278
461519430
461503607
462790223
460620278
460511021
461519122
460620278
460511021
461519430
460441572
460620278
460511021
461519430
461551549
460620278
461503607
468758091
460511021
460620278
460511021
460620278
460441572
460620278
460620278
581146503
476826612
464457906
512760688
559089937
461504010
476826612
524432591
559089937
537684406
476826612
512760688
559089937
547354177
476826612
559089937
495222245
512760688
528414060
559089937
476826612
519973234
515128069
504951244
463852027
502042662
495156388
488879579
490156562
488788246
476826612
488879579
476826612
462790223
488879579
496534597
495156388
476826612
476826612
466947539
460620278
461519122
460620278
471257529
461524621
460620278
461548938
461503607
461524621
460511021
461503607
460511021
461519430
460620278
460511021
460620278
470630117
460620278
461519430
460620278
