41867280
412882120
41867280
383042041
41867280
436889015
383042041
458242012
353872592
41867280
335122548
383042041
353872592
41867280
587070687
436889015
353872592
41867280
383042041
350940019
399914248
383042041
456644049
325149838
41867280
317689572
383042041
587070687
41867280
383042041
353872592
41867280
350940019
353872592
41867280
383042041
412882120
41867280
456644049
383042041
335122548
41867280
383042041
568178136
41867280
41867280
460595487
41867280
587070687
563680142
574234081
41867280
350940019
383042041
317689572
458242012
317689572
348377452
436194847
568178136
317689572
568178136
383042041
568178136
587070687
568178136
41867280
568178136
317689572
568178136
587070687
352040071
