266004310
20491395
576117987
21179421
266004310
333122622
337001092
411710439
389479352
21433535
576117987
30357503
23120602
21179421
23123270
21531523
264751049
266004310
514394258
21470159
30357503
24969863
21531523
514394258
364365029
307686326
514394258
53284808
26527471
266004310
371047883
341818274
266004310
27796246
22482594
341818274
479202616
522728755
26527471
23162818
341818274
32037412
22482594
304608834
300851518
63834528
341818274
29114062
51568901
300128929
607983303
294045506
51821242
322742036
465926991
51821242
308650458
56017253
22937111
380552976
51821242
56017253
23120602
341818274
33689234
20544921
591707823
50085452
341818274
21433535
268203554
611180146
350129902
341818274
39078093
23120602
264751049
341818274
327172019
364680554
36905970
23120602
21433535
23162818
341818274
307375359
264751049
341818274
307375359
19626599
591707823
292043543
20491395
39078093
20524919
21179421
266004310
399627606
264751049
266004310
268064598
21531523
26527471
64136414
514394258
23722511
307375359
22056623
341818274
22482594
266004310
22937111
432648416
39078093
22482594
20491395
22482594
445208007
302914453
399627606
26856721
51568901
24603023
20491395
576117987
21433535
22443682
306589130
341818274
425148791
358053828
22122253
22937111
275733490
341818274
267486862
20544921
375044163
341818274
324413730
391826677
23120602
