459880284
395457987
506166712
466593418
495036699
439603827
52306122
57889224
591585799
34116088
458830937
492179623
43608198
586340677
34116088
488714152
395457987
503736498
519610917
468732728
591585799
410304241
23568937
477515064
34116088
517907557
528480997
590192174
591585799
52306122
374205229
536076624
43608198
494092894
43608198
443796987
487800944
466727815
504615912
590897960
465450224
443304430
374205229
34116088
488055592
426340750
439603827
514639698
52306122
442422526
57889224
466727815
492179623
586340677
495034723
34116088
450364922
548084908
550887274
488714152
547335897
503736498
468732728
587219797
548084908
523042835
431341009
410304241
561887631
477515064
34116088
517907557
537196836
528980669
528480997
566673331
584803502
432382135
576840023
591585799
523042835
535503876
576768892
487772963
374205229
52306122
57889224
532061302
561887631
495036699
494092894
519610917
576768892
431341009
528483411
550887274
535864182
487800944
57889224
492179623
514923468
519604307
450364922
534841960
561887631
519610917
576840023
466727815
52306122
359375028
379914264
579211051
524750869
359375028
374205229
52306122
582932984
379914264
38988997
379914264
474993475
52306122
578442986
586816528
492179623
