583728923
527837479
527837479
263303982
527837479
538436646
589810383
589671849
527837479
527837479
527837479
543657268
263303982
548376422
527837479
543657268
527837479
26630279
581383593
527837479
26630279
527837479
536438893
527837479
406310368
527837479
589810383
589460460
527837479
374248515
527837479
403998784
527837479
406310368
406310368
19773973
589810383
527837479
586469083
589810383
543657268
527837479
406310368
396411265
527837479
581383593
527837479
543657268
19679835
527837479
403998784
434391589
406310368
589257044
527837479
406310368
440194022
527837479
589810383
527837479
589810383
527837479
406310368
589810383
527837479
510227739
527837479
527837479
527837479
527837479
589810383
527837479
589681305
527837479
527837479
527837479
573639217
527837479
589810383
527837479
527837479
527837479
527837479
527837479
527837479
527837479
527837479
527837479
527837479
527837479
527837479
527837479
527837479
