584253018
31720810
584253018
584253018
38007391
584253018
442187111
292179129
385384241
425493556
31937709
411476351
402970416
390389023
385384241
271688426
53732138
37360636
385384241
31720810
37360636
282332791
385384241
329548574
320070669
37360636
317934147
385384241
329548574
309534894
320070669
33915753
309534894
309534894
297165440
309534894
290667984
293599747
309534894
292179129
279607341
290667984
271688426
309534894
40541515
31720810
35895280
309534894
36445216
35883140
33567458
309534894
35652934
31938692
309534894
31842311
31963317
31720810
35883140
33567458
35895280
31720810
33567458
31720810
31938692
31720810
31720810
31720810
31720810
31720810
31720810
31720810
