28405895
319491989
41023089
22412944
30704206
38773482
324642872
323556842
30860755
591805949
35695724
27304370
323556842
55902894
25379922
508057612
28405895
518200405
22783875
23246541
21606273
270425530
51213559
267850788
30704206
437229646
580672505
27487966
22202677
316181606
439853667
38773482
561525487
22412944
450757961
580681882
30554666
265754729
51562126
38773482
30860755
21606273
292262836
29679547
270773365
30860755
351941058
45100402
30860755
475797836
21606273
22158873
30860755
572903846
504123769
38773482
574505659
30860755
45100402
21606273
574505659
45100402
22202677
392584371
30860755
610584886
445968666
38773482
403338819
37918849
55902894
297367237
518200405
445968666
317733533
55902894
572903846
27047110
55902894
540196547
22412944
55902894
27304370
38773482
297531104
518200405
391670653
38773482
22454692
19696061
475797836
610584886
28405895
481819093
265754729
548208760
29696771
38773482
445968666
55902894
60320044
38773482
45100402
38773482
610584886
19903523
574505659
27487966
45100402
38773482
33082178
610584886
30860755
508057612
610584886
475797836
38773482
363190828
572903846
548208760
37918849
589931642
22202677
31246392
38773482
591693501
34877817
610584886
20275272
610584886
38773482
572903846
29588352
391670653
437229646
292353949
610584886
25022251
610584886
586214370
27464463
610584886
28405895
582829925
439853667
27304370
41023089
591838036
24650228
350064035
488889954
60320044
506403893
350064035
504216197
27464463
37023499
32133930
403338819
29679547
21351899
23896059
591838036
323556842
21351899
320205534
397528630
20870719
32235079
353576216
22202677
265754729
271780462
270425530
351941058
51562126
271103676
21951557
21606273
551670150
498103741
25958138
548429488
316181606
515208330
436313932
27686037
573008649
395139983
313780285
324642872
515208330
585494675
25022251
45100402
267360454
339514475
383436542
287749062
28732131
267850788
521591701
591838036
582577875
311867876
45100402
28405895
582577875
391670653
19583567
515208330
591474024
38773482
28405895
533215789
336871403
45100402
580374026
45100402
22202677
20530689
33082178
353576216
518200405
23913486
589931642
269053219
445968666
345276570
34877817
580374026
21606273
21547140
20530689
586214370
450757961
27464463
511196578
28405895
350064035
41023089
324642872
339442459
30704206
314938618
504123769
267660310
27295039
27304370
319764527
445968666
324642872
551670150
508057612
21351899
437229646
397528630
19989748
439853667
572903846
21351899
431109587
503675658
24650228
25022251
508057612
271780462
30383772
319491989
29679547
392584371
548522503
45100402
38378850
311867876
28732131
45100402
566599260
285186384
351388433
45100402
555935389
450577354
481819093
506146593
35007895
55902894
27901341
311867876
20870719
334692453
334990764
20530689
38773482
51170029
31148294
392584371
292262836
548429488
323881075
45100402
22412944
365582789
19583567
450757961
323578140
321973441
359990108
439853667
394872547
389376323
267660310
454162227
21234093
433056361
20526298
297531104
308117648
21606273
295913366
392584371
518200405
588078807
518200405
350064035
586214370
19903523
21147382
19696061
23246541
21606273
41499396
439853667
504125799
19696061
445968666
474155803
518200405
19903523
29679547
532312612
518200405
317733533
506146593
298319196
518200405
339442459
21994784
356276287
20835238
30383772
266626132
302193873
29679547
50097368
378683109
45100402
24650228
366904651
27392022
23246541
33082178
25022251
19597384
359053951
354957899
580681882
38378850
306137793
392584371
29679547
574505659
312490401
287749062
62026010
22454692
45100402
29679547
38378850
433056361
306137793
572903846
319491989
31370551
319352547
333142212
297531104
518200405
343924693
324642872
312663527
436114015
421229430
378683109
450757961
322472372
27264606
450757961
22454692
353576216
504796651
316933535
21351899
311867876
391670653
280506188
23895191
448473713
302193873
391670653
394936302
572903846
475797836
40334461
62026010
439678293
28640901
350064035
41499396
287749062
60320044
28732131
312203661
27295039
20835238
450201509
504216197
319642484
363190828
417551252
351388433
267850788
475797836
268321116
353576216
62491846
264541084
23410083
54515396
21606273
45100402
343924693
273445809
37345165
21538167
28994313
371618015
351566413
285662107
65240942
295173171
51170029
324642872
62714655
401764672
295913366
27135973
448182657
51170029
19597384
339442459
267850788
21888107
444079499
506148084
27464463
22202677
321973441
