61348938
332778223
506782212
503882784
510401363
415995845
493861925
21091290
584275412
508356673
427548676
489500703
427548676
489500703
493312102
571240576
427548676
599594601
494856252
477025805
427548676
515964334
493312102
442035307
427548676
511975688
571240576
491553726
427548676
515964334
503882784
427548676
477025805
451672800
515964334
503882784
493861925
365833007
496782312
489500703
427548676
493312102
496782312
427548676
489500703
495750910
427548676
496782312
442035307
427548676
494856252
427548676
427548676
515964334
