408473003
386958551
64135581
556113938
293782108
553268952
285752903
355172188
545441391
280171514
53940082
379130228
50920642
545441391
444976489
280171514
297936272
327020632
303162385
402790219
64135581
409624027
485248332
265182768
320561772
50907897
57839792
444976489
388996457
451187459
553268952
451384316
64135581
504946676
311910204
447865270
510845188
64135581
268001670
65498754
400174586
483795060
387694108
264750381
518195393
321167204
436983202
355172188
65498754
545441391
453680832
328632687
64671938
553268952
301845615
65498754
489162502
283809008
303261521
300442507
454586475
418571461
450683269
64135581
485248332
344360470
545441391
50907897
457998511
545441391
58441061
545441391
545441391
265294265
504946676
484612636
327020632
398414342
459459278
355172188
357848636
264773435
451187459
531061779
344177969
64929097
545441391
610287470
545441391
58441061
50907897
553268952
553268952
455008753
553268952
66941276
545441391
52719661
269150626
545441391
58778081
269150626
491650896
451187459
388916435
409624027
285752903
50875544
264089537
553268952
388916435
439163123
287285142
387694108
53422496
483239022
545441391
449726844
67436815
402790219
294210607
54126225
438391556
377374056
553268952
350183786
304059988
321425305
357848636
355172188
406420758
420819400
444976489
447133221
451187459
545441391
379278238
515486568
355172188
357848636
446484697
376402868
303543407
408473003
451187459
406305042
545441391
553268952
320385303
545441391
459459278
510164526
545441391
553268952
408367963
444976489
553268952
469299032
269150626
348349491
62542545
455449887
268663484
444976489
269150626
553268952
381672164
459805800
343623641
64135581
407965864
284430991
67564075
311910204
64135581
553268952
406305042
493314634
422037033
280282750
309490398
50874500
375430514
62804026
264750381
387694108
54148303
387694108
374645130
545441391
408367963
538951160
495463781
264773435
451187459
419849448
451187459
357848636
444976489
50907897
264750381
402790219
357848636
396758545
545441391
510164526
266440872
64135581
58441061
408367963
56204373
347060771
309490398
355172188
54126225
363329769
379130228
276539888
553268952
459459278
545441391
50875544
264773435
403020668
68593155
451187459
54558791
553268952
264773435
362276661
357848636
309490398
265127453
357848636
50874500
451187459
444976489
357848636
273842585
311910204
279257135
545441391
444976489
553268952
54129120
39374074
400109037
545441391
280933455
460964362
397337528
283809008
62195782
265182768
553268952
269150626
545441391
451187459
525366964
320561772
65498754
459459278
68531759
553268952
376026757
268001670
459459278
553268952
309490398
351789311
52719661
58441061
483795060
397337528
64895561
64671938
336254269
405797719
50874500
451187459
348349491
