23803813
338456354
372568940
400188512
506593698
338456354
317865941
382488468
273762685
360581290
338456354
372568940
418935609
22905105
385608171
338456354
372568940
38689361
29353395
263414922
339577754
338456354
265737713
307555071
362643036
58275410
338456354
307555071
375999350
362643036
55814849
338456354
287733586
378117657
21928901
338456354
457059895
24925493
338456354
373321525
338456354
360581290
378319533
385608171
400188512
338456354
307555071
46531931
338456354
263414922
370994611
20791039
338456354
29316357
400188512
338456354
333667244
60168579
338456354
333667244
555488014
338456354
370559877
263414922
22905105
263414922
402350139
338456354
373321525
380320348
338456354
373289628
385005265
338456354
273762685
380856819
338456354
386485124
263414922
333667244
338456354
263414922
338456354
370157745
302957085
338456354
400188512
33553099
385318401
338456354
52124234
338456354
375999350
378117657
457059895
338456354
20231852
307555071
338456354
338456354
263414922
338456354
263414922
369812993
338456354
263414922
338456354
263414922
338456354
490166067
263414922
338456354
263414922
338456354
400188512
591132700
263414922
338456354
21093662
263414922
338456354
263414922
338456354
263414922
338456354
263414922
338456354
263414922
338456354
23951780
60168579
58275410
55814849
400188512
58722334
307555071
317865941
418935609
22905105
273762685
31847654
263414922
323483431
369343639
400188512
62514799
46245249
346568527
42894093
317865941
400188512
368297936
63930840
333473367
372568940
21928901
372488160
366258727
63699954
385125571
323483431
362244288
400188512
395565851
338406228
348371156
385318401
358911205
370994611
329766046
317865941
47603524
373321525
323483431
442794665
508580619
305023275
418742185
263414922
52124234
62514799
47603524
325296964
400188512
52124234
442794665
55814849
302957085
323472765
418935609
