574050665
543091484
531428937
574050665
531428937
598031283
568473516
555353335
574050665
586427707
574050665
531428937
574050665
559030697
538178184
574050665
476115171
538178184
598031283
538178184
511112947
591099925
559030697
537308587
559030697
559030697
496607016
559030697
555353335
559030697
402255222
559030697
549337298
605620674
559030697
559030697
543091484
559030697
559030697
537308587
549337298
559030697
551832595
559030697
538178184
551016911
559030697
559030697
559030697
559030697
607286910
499537940
559030697
559030697
