19678996
585563891
271793078
24662524
498899490
537392773
300600707
359116896
353884118
558145649
391706036
20893170
354186595
385060121
391706036
359116896
391706036
285886605
554369068
19678996
384640109
348362166
391706036
315757038
58969621
527065916
336254191
317310759
537555944
537392773
305260042
558145649
577284575
590117311
537062572
526944622
23852044
391706036
19678996
299049740
391706036
590117311
349785562
325663334
537062572
276959060
318735432
331624110
269076948
552641104
522849126
359116896
336254191
316818446
334881398
354186595
391706036
353894079
387068335
577337296
537062572
391706036
324749107
26098215
348354756
276959060
285325820
558104668
558145649
537062572
364294694
58969621
527065916
277297915
433922468
399138743
323275313
320410477
307550450
276959060
592037034
359116896
422643403
325663334
385060121
509993748
24421299
24662524
558104668
481838692
536499326
542627963
454553097
590589183
305413130
356169690
323275313
353884118
541465175
336254191
353884118
541465175
276959060
528754461
316818446
353884118
277297915
354436361
325663334
552641104
320410477
19678996
353884118
558145649
522849126
552641104
385060121
554369068
331624110
326311183
342969981
318735432
454553097
39152967
321948199
359116896
280798167
271373354
359116896
402777395
426565320
280945783
426565320
336254191
59617447
277998800
426565320
522700170
522849126
314783244
426565320
315757038
266827219
356943183
276532475
426565320
536283438
324144063
342969981
276520041
329745741
336582389
351776056
60059455
329745741
59639612
271373354
276906216
385241418
507672575
353949931
20893170
59617447
309457558
281887351
336254191
426565320
324144063
270046890
359116896
303126656
558145649
263593215
329745741
352571109
558145649
320410477
315757038
313021674
334881398
513087504
19678996
314415372
278291932
337391328
336254191
433922468
290749687
528470851
330524683
19678996
552641104
493417279
322212563
277297915
528470851
318869355
277297915
323275313
327277979
364294694
59662288
277258322
364294694
276959060
325663334
323275313
317828981
276959060
320410477
356943183
322262542
280798167
278062106
323275313
359116896
537392773
509993748
354186595
324113703
47936749
331624110
433922468
264286321
353894079
325663334
342969981
385060121
439874539
331624110
341423699
277998800
349287167
422643403
509993748
327277979
318735432
320410477
454553097
359116896
353884118
349785562
509993748
323275313
331624110
58212571
325663334
324749107
278449671
301431558
331624110
352571109
59617447
537060667
558145649
58969621
429440854
422643403
531482031
537062572
439874539
267105610
300600707
384640109
577292017
402777395
331624110
439874539
558145649
307324091
433922468
342470943
426565320
329745741
304905257
319376796
319662246
48419408
317951789
577292017
439874539
522700170
307735989
445847510
522485318
327996291
577292017
536300144
298803791
348362166
329745741
65029201
277306030
439874539
325663334
558145649
509993748
327277979
353894079
286764529
359116896
322245413
349785562
333734384
266827219
25012901
305174778
354186595
322212563
354442497
336254191
301765575
359116896
317828981
318869355
34576409
354186595
317951789
327277979
527065916
317310759
349057240
353884118
324749107
353855541
24113103
305174778
329745741
359116896
20893170
276959060
359116896
590117311
334881398
426581465
331624110
356943183
305559065
565768596
353894079
322673028
494435592
318735432
265738229
426565320
322212563
286648091
318735432
528470851
406049390
352571109
353884118
327277979
290749687
554369068
396145811
321948199
324113703
26343177
422643403
353884118
318735432
329745741
565768596
331624110
327947862
276198978
59593231
402777395
359116896
319661470
59593231
331624110
359116896
353884118
20893170
331624110
528470851
291191129
331624110
353949931
488220780
565768596
298733049
