577068271
548828493
568464366
567441893
388361802
584569351
30982617
567441893
583358122
568464366
48785005
409356581
589329279
567441893
583358122
48785005
36615214
409356581
578893795
312324453
548828493
403867009
589329279
48785005
595907763
577068271
388361802
568464366
584569351
548828493
312324453
48785005
577068271
582028426
578076781
548828493
63825352
505680374
584569351
586228578
548828493
403867009
538617332
567441893
327583073
505680374
463766985
577068271
567441893
568464366
409356581
463766985
577068271
567441893
507276242
403867009
388361802
315553113
584569351
505680374
538617332
567441893
507276242
590044874
505680374
409356581
567441893
505680374
409356581
567441893
36615214
593335510
327583073
567441893
507276242
492891806
567441893
577068271
388361802
567441893
505680374
409356581
568464366
548828493
578076781
577068271
578893795
589329279
583358122
355561429
388361802
23967836
505680374
264267312
577068271
593511448
312324453
577068271
567441893
388361802
568464366
577068271
505680374
568464366
548828493
589329279
505680374
584569351
548828493
403867009
505680374
575256255
583358122
577068271
567441893
505680374
575919567
589329279
567441893
577068271
583358122
548828493
584569351
567441893
577068271
578893795
312324453
303398979
577068271
339821509
568464366
318037623
548828493
366023884
577068271
548828493
548359905
587825037
505680374
577068271
388361802
589329279
505680374
548828493
507276242
505680374
548828493
568464366
505680374
505680374
577068271
505680374
567441893
548828493
589329279
582099037
505680374
548828493
312324453
577068271
505680374
548828493
567441893
577068271
568464366
567441893
403867009
48785005
567441893
583358122
350216812
608151972
388361802
568464366
582283152
327583073
388361802
403867009
505680374
538617332
409356581
538617332
30636431
30982617
589329279
578076781
568464366
593511448
403867009
312324453
577068271
590044874
312324453
428475939
36615214
577068271
331476641
487767519
548828493
505680374
30982617
584569351
505680374
366023884
567441893
403867009
492891806
548828493
590044874
286942066
538617332
505680374
575256255
590044874
312324453
324361612
548828493
590044874
505680374
538617332
575256255
317174366
563436017
366023884
312324453
466257919
548828493
589329279
411515272
388361802
505680374
403867009
505680374
312324453
589329279
487767519
312324453
548828493
587825037
548828493
505680374
312324453
505680374
36615214
577068271
584569351
492891806
312324453
577068271
492891806
411515272
582099037
577068271
