22882262
391901914
37900136
28269491
573399850
524018253
49536201
20207858
49536201
267036179
53173445
28269491
527529326
37900136
49536201
56815148
527529326
53996504
28269491
49536201
391901914
447331572
391901914
524334053
553314739
53173445
41321903
477016425
56815148
53996504
557743036
582512061
391901914
37931694
391901914
431756452
477016425
487541561
19906379
524334053
527529326
524334053
561396638
329118058
28269491
267036179
391901914
527529326
28269491
524019287
523815758
524334053
558014809
527529326
509148151
270765108
527529326
19906379
576192428
527529326
524334053
41321903
510019405
431250430
53996504
380434793
28269491
431250430
28269491
380434793
273498798
