443304430
363933894
315950273
378740835
466579828
467753682
386415498
488055592
429347879
19798259
370924260
413140322
449847342
402441621
19798259
372880799
32001982
373191188
386415498
19798259
415334661
273585726
32001982
19798259
358933212
429900069
380035465
284458888
458830937
429342100
376752742
342463980
32001982
378271856
426503965
417494574
392391565
19798259
24322623
378271856
404611922
452162692
380035465
392391565
410172084
284458888
314970442
380035465
510875397
410172688
284458888
392391565
386415498
327469039
380035465
284458888
380344340
266857759
296196963
284458888
285562444
381217256
414143553
284458888
380344340
365642850
284458888
38358989
284458888
310029483
380344340
383730894
380344340
381217256
392391565
43608198
327469039
386415498
386415498
378271856
375443718
43608198
32001982
402441621
19798259
462122312
284458888
404611922
284458888
392391565
32001982
284458888
402441621
284458888
381217256
284458888
386450872
284458888
296196963
410172084
19798259
592172937
19798259
592172937
370924260
310805889
19798259
310805889
386415498
321091318
490303138
489062762
392391565
404611922
386415498
343494428
388552189
20815514
380035465
429684064
342463980
429342100
43608198
319087300
310805889
410172084
520519063
31126386
32001982
381217256
319087300
24322623
315950273
378271856
380035465
380344340
315950273
378740835
319087300
404918317
32001982
417269290
402441621
311078848
285562444
342114435
562913109
322049991
