20424363
448212532
482889601
446196148
19679453
359363582
401016725
433584994
384098226
282831629
401123156
468651902
20424363
461233848
461721856
19679453
468651902
359363582
461721856
401016725
477596543
402226427
461721856
422843270
282831629
373768241
408283647
461208363
282831629
460097741
395492884
20424363
430756949
357179183
392125164
20424363
398907761
387605073
422843270
392125164
427014282
282831629
20424363
389031485
440015781
477596543
442612722
461721856
398907761
401016725
439228381
425366214
433584994
370222191
282831629
397516090
461233848
385953112
400869820
398907761
393364705
436371366
421133750
397516090
20424363
356033745
359363582
389031485
357998051
401016725
373768241
439085494
282831629
425815382
401016725
453621877
445917750
458245008
382658841
401016725
420337754
394504866
461721856
403264634
282831629
359363582
372325800
389031485
19679453
282831629
20424363
410694822
329930049
466435798
385953112
412295692
430756949
440015781
395089419
373768241
347169481
282831629
458875783
477596543
456965659
389031485
401016725
422003268
20424363
397516090
359363582
394483187
20424363
393688373
460768549
19679453
361668131
20424363
430582127
357998051
409544967
297237061
399663795
20424363
19679453
20424363
19679453
433584994
482889601
370222191
446196148
401016725
415239297
384098226
411550735
427100134
434641391
401123156
468651902
430194351
329930049
383629104
374996054
461721856
408094198
477596543
282831629
403264634
370467503
456835956
282831629
369024672
430582127
398907761
422843270
447938275
395492884
329930049
410694822
398617892
398907761
387605073
392125164
401016725
397996222
282831629
397516090
461233848
429363536
385774859
401016725
380789211
20424363
396900292
401016725
378460854
378460539
19679453
401016725
422843270
402226427
385898134
282831629
384236324
357998051
389031485
421133750
369206772
359363582
357043316
282831629
401016725
403073047
401016725
420337754
461721856
375755918
19679453
397971212
392125164
444595739
401718336
424872633
20424363
410694822
19679453
424727171
459998182
20424363
419561816
401016725
347169481
282831629
451341846
20424363
401016725
20424363
20424363
19679453
394483187
373768241
371504152
359363582
428508522
356033745
514560097
402404117
444749683
371285201
366387407
356033745
430582127
384098226
394504866
425192028
386565779
396810337
396322179
399954769
388567395
405204289
400533133
403848354
491801994
20424363
443642457
453621877
385878420
20424363
20424363
432243239
415239297
282831629
468651902
402226427
460097741
282831629
19679453
422843270
461233848
282831629
461233848
19679453
397516090
373768241
453621877
445917750
458245008
19679453
282831629
430756949
395089419
458875783
422003268
20424363
20424363
393688373
297237061
399663795
