512239659
516191255
309251158
28253356
266044672
437170872
36617614
63233839
577284768
292936332
36617614
28253356
54859357
276062414
36617614
28253356
566851996
36617614
58522873
36617614
40080211
58522873
266044672
580826254
36617614
331740152
63233839
352097968
453448273
36617614
366941725
276210770
22177383
36617614
437170872
22076914
63233839
36617614
50927242
54859357
36617614
50927242
54859357
276210770
36617614
50927242
54859357
50927242
278476817
402962043
54859357
285226041
36617614
337095820
514537449
36617614
514537449
393864695
36617614
580826254
331740152
36617614
266044672
495744391
393864695
414844917
270646688
50927242
36617614
285999102
23464833
577284768
50927242
580826254
437170872
399890931
393864695
36617614
43480286
503025054
50927242
36617614
511226181
266915410
515290075
50927242
36617614
498609882
393864695
50927242
36617614
453284916
50927242
36617614
22177383
335017334
50927242
36617614
22177383
279375107
54859357
331740152
514537449
580826254
22534249
366745029
331740152
576972642
58522873
30818009
283971435
50927242
40513534
393864695
36617614
437170872
514537449
35546250
64392786
335017334
453284916
448972918
266044672
50927242
28253356
453284916
441314415
63233839
50927242
331740152
393864695
23371727
22177383
22076914
533156545
63233839
22177383
54276566
319052750
533156545
331740152
50927242
22782650
515290075
27882600
437170872
22415638
565021141
36617614
533156545
20782950
54859357
525643242
458185949
512239659
319682798
22782650
276612605
37970553
335862737
315147095
28894058
50595410
266044672
22154136
437170872
37970553
512239659
41233242
352097968
512239659
445788997
279375107
28253356
516191255
512239659
364062569
276210770
36617614
63233839
50423834
309251158
26104061
516191255
393864695
37970553
336071835
22534249
266044672
393864695
31893723
363759913
267240644
41233242
448972918
22154136
514537449
448972918
28852083
22177383
276210770
50927242
315559789
22113352
276210770
49887694
516191255
266044672
25560550
50927242
58792581
393864695
328987981
514537449
37970553
23464833
368506720
453284916
514537449
358587498
276210770
38719759
375754156
352097968
393864695
437154564
507148993
515290075
266044672
406138004
393864695
516191255
397549419
40046965
50927242
393864695
25873749
279211189
22782650
299081913
264093549
310945305
368506720
437355808
50927242
514537449
58413394
50927242
337602681
276062414
363759913
437355808
337602681
580826254
267281841
50927242
26104061
355576798
58522873
363759913
439766782
50927242
410366298
40046965
578453154
50927242
514537449
266044672
50927242
408976803
414844917
437170872
468747901
393864695
28253356
362215248
503025054
393864695
393294806
276210770
503025054
264972599
266044672
276210770
502940141
379194665
288498687
28253356
23464833
63347632
503025054
276210770
274270438
50927242
355172383
387345768
352097968
50927242
363759913
337602681
22076914
352097968
410366298
267347913
363759913
503025054
447122885
22113352
23464833
20363409
327997194
36617614
37970553
23370576
50927242
37970553
503045850
30818009
319052750
512239659
22177383
36617614
22177383
46863469
29800164
41233242
538057905
22177383
309251158
22257423
28253356
393853047
276062414
38162982
55135331
30818009
336071835
23464833
22154136
437355808
435879833
514537449
50927242
359087975
37970553
514537449
368762489
266044672
478072394
315147095
358168500
411807439
290842072
22177383
264907693
536530437
437170872
319682798
337628115
448972918
283971435
23464833
37970553
32168561
22177383
57534072
285226041
393294806
368762489
417629195
533156545
37970553
67587138
36617614
319052750
22177383
26441779
368762489
337602681
389784051
41028736
437355808
410366298
276210770
359087975
21482151
368506720
336071835
307353319
382653345
319682798
22782650
460651480
393294806
393864695
514537449
50927242
393864695
26104061
50927242
266044672
274270438
50927242
375754156
67587138
512239659
332588853
315559789
50927242
48799263
414309510
393864695
50927242
265681609
276210770
393864695
50927242
59953267
28253356
359087975
514537449
371756794
280981604
63233839
22415638
363759913
276210770
359087975
40046965
368506720
363759913
271105219
50927242
363759913
60399570
503025054
266044672
368506720
22177383
359087975
448972918
393864695
368506720
266044672
63233839
393864695
368506720
417629195
514537449
23464833
276210770
263946477
427576819
22782650
363759913
50927242
276062414
469337299
437355808
363759913
435879833
377412531
363759913
50927242
23464833
514537449
22177383
363759913
266044672
50927242
363759913
437170872
39156176
58686365
50927242
31893723
50299282
589771221
23464833
265876453
36617614
50680621
355341291
23422435
20001962
578453154
23371727
266044672
21896549
276210770
26104061
507148993
22154136
453319631
268528613
39138879
63233839
20343760
36617614
569990309
36617614
36617614
331740152
577284768
533156545
