45355859
47902423
308232247
481752963
386834712
45355859
404883639
28553535
351075569
313218201
45355859
27391716
25432079
23026472
579403105
34673804
66187956
547161597
300403812
64127378
523646758
514882831
442611302
29807304
64048613
61023223
495560340
33799740
476746907
29819707
316395905
300403812
445677315
549829949
340254373
557594279
513015100
19967165
300403812
498622935
50519946
327341243
27959991
404883639
315955035
375540331
313218201
36060072
25579786
404883639
490214191
313218201
27959991
283091823
61023223
436936226
338530708
587739271
508649136
40157932
64774327
338530708
266525175
292028732
532665796
37226809
42085650
341818274
386131103
444737003
313218201
40562650
479090064
387912508
313218201
316592488
35541836
64048613
403500781
45355859
36167952
453735972
514882831
316653789
571688459
584039872
300403812
27959991
402496772
473750697
386131103
404883639
27959991
437557751
283091823
582823772
313218201
444737003
21365799
566053372
48387907
285899847
444737003
25432079
300403812
22452425
333385029
444737003
283091823
514882831
340254373
20502275
338530708
36013988
428855533
22452425
27449315
547161597
60225234
23400086
404883639
324440320
547161597
395438589
29311439
386131103
299573134
31193799
580816602
498622935
498829427
588963444
48440096
513285051
291648029
402496772
560680461
49959803
61023223
27959991
387912508
440952308
476746907
323919339
300403812
20015136
484332230
29863835
543105166
579403105
528695597
359872234
387912508
550427664
27959991
587773623
559000743
20022131
25432079
41928755
312800690
387912508
300403812
605598328
447490432
40562650
592060358
35541836
21365799
584532658
61023223
496958314
341066928
610789226
341818274
34673804
526459194
338530708
322157416
338879470
447490432
402496772
20502275
62493350
610643312
19748747
444737003
30280775
307697392
610620657
601427553
39278904
25432079
45355859
56832105
497427335
31935145
444737003
340254373
278529275
404883639
436610710
300403812
35541836
53223288
27959991
419119203
476746907
24297535
345938481
403630260
529715874
20760670
22002381
367240658
330235916
426861371
55567836
22440658
22844283
387912508
500815737
38201620
512956111
60859827
473866070
411006821
444737003
55387919
545108993
313218201
263677857
363200899
350581911
26241076
313218201
481893098
57151718
26575442
27449315
505091337
493408529
267294430
356082282
304498301
335725987
497513739
63484632
28306479
285786929
335725987
20943741
61160012
522900992
61023223
27959991
304311967
504449023
61713400
313218201
514882831
312886445
363243747
482296827
313218201
306586419
61023223
490214191
359871360
341818274
64048613
578022791
402496772
338530708
444737003
48092300
386131103
19721303
556923163
444737003
387912508
402496772
571259267
498622935
27959991
26575442
386131103
60225234
340553582
505091337
20502275
361533110
334479480
49471750
49959803
442611302
31059658
490214191
25054807
268992607
308232247
27959991
313218201
363243747
20015136
547161597
402496772
20502275
450515755
381625123
283091823
340553582
300403812
284929074
332425447
386131103
284958738
336597857
28055262
338530708
437523552
62493350
23884417
341818274
20022131
591813448
27959991
20022131
53009177
460044722
36060072
62493350
495560340
283091823
587739271
447490432
20760670
34673804
300403812
40562650
343030081
37226809
280314858
335725987
300403812
488464398
34673804
283091823
25579786
33307074
575803652
34673804
25579786
20502275
580985088
308232247
484332230
514882831
20022131
479441137
20022131
408824841
22646817
25432079
437617058
26575442
25432079
23110834
296811614
494603777
21962770
385457780
55742054
55934583
541309789
64048613
429879074
23088381
53191896
403500781
27376137
57652774
21470159
283091823
284171727
50940857
314752342
31015131
453735972
500206972
264885513
22002381
564587814
335725987
461502982
268693660
26854003
19721303
59618812
496999877
553448366
61023223
56950114
454040714
404883639
445677315
334479480
402496772
545307844
29318127
386131103
350111443
29692461
338530708
436541831
440201978
64048613
323735142
25579786
31036913
28907602
51875377
356438234
335725987
447069997
37226809
508649136
300403812
27449315
439778079
49512015
312563596
565633001
266586135
482115031
284497373
283091823
443075107
52138618
36167952
283091823
341818274
562956889
497928145
498579978
66085558
291422249
48092300
34673804
386131103
300403812
299253573
27959991
368586620
294045506
26854003
313218201
402496772
495560340
528167456
541324983
399866779
20502275
268992607
385820439
41784601
332425447
387912508
402496772
495560340
512956111
463590714
332425447
325439310
587739271
484332230
363243747
332425447
266754922
483165871
589058085
335725987
336142642
387912508
22779481
509682726
399987686
21759657
587739271
402496772
268992607
338879470
395438589
382211733
338530708
446706189
402496772
512956111
37226809
282493150
283091823
453735972
338879470
348344821
531070872
20502275
19721303
24618955
480330681
402496772
22440658
45136863
26550711
29692461
268992607
304318486
61868165
30280775
389977377
338879470
455427038
32128529
455011306
23183369
35541836
380168849
269232961
22002381
21981813
31738640
30833369
51318466
402496772
549829949
290739975
444737003
27959991
35060750
45355859
63499551
283091823
479090064
549866558
323373935
405550873
328575346
37226809
49959803
283091823
24225610
446706189
21090484
27959991
490464144
387912508
428442799
377687529
501184598
566895776
383283449
29311439
479088614
20502275
419119203
332425447
66723659
26395128
480080846
375697611
30280775
514558802
351425548
19748747
22588483
338530708
283031174
26785142
62493350
524126314
39551017
63802596
28553535
29311439
282776995
283091823
338469810
33307074
458746870
20015136
437792445
404883639
487050885
28055262
323919339
40562650
395438589
341818274
283091823
277034512
386131103
449282785
36060072
404883639
458965000
377687529
28546082
29311439
40823043
587050415
22779481
404883639
41928755
35060750
308232247
392743275
335725987
547161597
40939243
447490432
295705246
62493350
48110193
484332230
26854003
591976364
341818274
288918028
305979247
344417226
25432079
304311967
404883639
446706189
514413031
313218201
512956111
402777602
486640276
60632049
382214683
283091823
354691686
24540595
21368796
479186574
266859247
341818274
51408437
29318127
311640198
60225234
371148358
402496772
338530708
62100049
456390147
53009177
495214088
338530708
444737003
23070807
332425447
532923100
571460606
348344821
540163793
375348910
434527846
538840466
383011566
22452425
404883639
288918028
36060072
308232247
447306426
383691102
63802596
22588483
34673804
487525520
36167952
586185844
