450045944
449659704
293109318
23033452
450045944
450135252
488889954
452055394
355857149
437555163
450045944
474155803
452055394
437555163
23033452
464328277
452055394
371916806
344969598
444817285
450135252
437555163
452055394
23033452
450225063
452055394
439662586
454591253
371916806
300214332
457386019
504217516
371916806
454591253
355831939
448280605
442457784
454591253
23033452
457386019
23033452
370120204
371916806
344969598
23033452
344969598
475072491
363563966
300214332
23033452
452055394
300214332
437555163
504217516
513922927
454591253
449659704
342127607
452055394
300214332
371916806
417452674
371916806
453306489
344969598
23033452
478014922
300214332
23033452
442457784
371916806
479687292
371916806
480825078
455813516
376102518
476467004
23033452
375405183
482693753
371916806
378094138
20275272
450668759
291272940
23033452
484746735
450045944
450225063
428080498
441284596
442223926
472919625
355857149
370120204
444817285
452055394
293109318
363563966
437555163
444817285
344969598
463579765
450045944
300214332
372082278
371916806
376102518
430148051
355857149
344969598
459334542
371916806
300214332
480831428
450045944
483826759
457386019
371916806
361212696
293109318
379006943
399073258
376102518
372082278
342127607
444225296
437555163
450225063
450045944
300214332
504217516
355857149
365753036
504131086
376102518
448280605
428015125
20275272
471516126
583791012
300214332
376102518
293109318
363563966
365753036
365589874
363563966
437555163
383029122
444817285
20275272
371916806
437555163
300214332
376102518
344969598
450045944
455209309
365589874
344969598
300214332
342127607
457178376
459334542
355857149
480168263
446046031
458307481
300214332
439662586
383790703
442223926
376102518
477729653
437555163
444923774
450225063
30314680
480825078
371916806
452055394
480825078
423663378
20275272
459334542
484588282
455653471
480825078
376102518
484746735
453408852
480825078
300214332
437555163
480825078
438880158
448212776
480825078
448280605
480825078
484990987
484746735
437555163
480825078
450225063
484746735
480825078
484746735
457386019
20275272
371916806
480825078
371916806
484746735
480825078
484746735
480825078
484746735
480825078
484746735
480825078
484746735
480825078
484746735
480825078
23033452
314023862
459716676
437555163
446525286
441472006
428015125
469575144
452055394
450045944
300214332
342127607
524661262
450225063
479609390
355857149
439662586
450225063
371916806
355857149
300214332
452055394
365589874
480831428
23033452
450045944
371916806
460972565
371916806
504217516
23033452
477729653
355831939
20275272
437555163
442436099
355857149
442223926
365589874
355857149
452055394
355857149
300214332
442223926
450225063
428080498
300214332
504217516
427976614
422321483
355857149
437555163
342127607
355857149
504217516
454591253
300214332
578545016
399073258
484588282
449659704
504217516
484808954
438124515
