63802596
35775053
39484642
63802596
495560340
40939243
40939243
495560340
51875377
324985604
495560340
40939243
51875377
51875377
495560340
578280652
63802596
495560340
584593788
63802596
40939243
495560340
63802596
51875377
63802596
495560340
63802596
51875377
40939243
495560340
63802596
369918452
40939243
63802596
495560340
63802596
578280652
63802596
495560340
561825323
554713757
63802596
39484642
554713757
578280652
40939243
64578676
63802596
66482330
531359368
534381313
40939243
39484642
40939243
534381313
39484642
39484642
51875377
531359368
481758309
554713757
495560340
481758309
584593788
559172689
516034700
481758309
51875377
340235982
51875377
495560340
481758309
578280652
481758309
315988001
63802596
578280652
51875377
578280652
