591146689
271634898
331692035
555772322
591146689
550568302
331692035
273445842
340111311
304706190
331692035
273445842
510382766
541834052
396689326
420863998
448853065
591146689
528563685
550568302
345118402
551611155
508446380
412910313
363573361
528563685
279602212
396689326
429818153
463290636
526958863
50168820
22973016
331692035
429818153
287234343
23914832
508446380
510382766
50168820
21398405
551611155
267616821
335957333
583400319
587945074
335957333
412910313
591146689
20881916
546096968
335957333
541834052
271634898
364955620
546432783
510382766
591146689
335957333
52936645
544771377
396689326
591146689
335957333
345118402
412910313
21640477
434494624
510382766
335957333
267616821
331692035
428418607
412910313
335957333
429818153
458123968
448087923
463290636
335957333
429818153
340111311
570759002
548428270
335957333
555772322
533940007
412910313
335957333
610866154
547658882
33690764
335957333
546432783
428418607
364955620
335957333
548920231
510866636
463290636
551212915
335957333
446677243
536492635
428791527
335957333
406432359
51233589
553619607
335957333
50168820
306041353
51233589
335957333
273445842
54894022
287234343
335957333
273445842
20782432
564097777
335957333
50168820
458123968
19777533
335957333
591146689
550568302
335957333
546432783
50168820
611036660
335957333
22975797
282331322
327971407
491974209
335957333
22975797
267616821
335957333
35330084
335957333
50168820
273445842
335957333
551611155
591146689
335957333
340761947
335957333
541834052
46587018
590273464
39164259
335957333
282331322
25907944
33690764
335957333
22332149
502843353
472798866
335957333
51399646
442610947
335957333
561578412
304706190
442610947
19880356
335957333
610866154
335957333
283153689
50168820
335957333
610866154
51233589
442610947
335957333
271634898
331692035
442610947
317440848
26597643
35976761
434494624
454199935
67114204
331692035
510382766
406383417
271634898
21283005
320502483
491974209
273445842
551611155
21398405
27211637
429818153
30982520
63611271
463290636
26389658
442610947
351014963
22622791
282331322
442610947
546432783
20825849
23210530
426652700
31119734
315571291
326790769
547658882
536526685
546432783
273871006
442610947
52936645
571864239
51233589
544771377
473746520
526958863
316315117
549322488
510382766
39858048
428418607
506072006
391133107
548718060
50168820
46781778
51242956
462100545
541811587
429818153
55939490
550568302
282331322
537852111
21806606
543271160
557635914
528563685
21806606
546116956
510382766
541811587
508446380
520079697
321713355
20352200
591146689
442610947
458218316
336093421
36785610
333295188
338783545
458123968
528563685
326790769
433553167
271634898
46652334
429818153
528563685
442610947
305516253
314071690
439052170
31361043
584305252
273445842
579943983
547658882
51399646
282331322
50168820
20369808
536492635
400380198
51233589
392115152
51233589
20238525
406432359
510866636
30899853
51399646
20712253
282331322
304706190
536526685
412910313
39164259
266515538
526958863
271634898
478042434
335957333
271634898
535577573
270886687
439052170
546432783
442610947
439052170
429818153
442610947
423677618
494499111
454567172
58450156
554948928
438857232
454434866
437998241
385862498
331692035
273445842
271634898
22020912
58450156
502985205
561578412
366162454
63611271
283445159
481506398
21907047
52936645
442610947
50168820
63611271
442610947
269985069
473746520
33589020
450754326
50168820
372879137
53915645
34916081
51233589
429818153
273445842
312927859
320502483
588437957
287234343
20238525
273445842
554948928
36253805
310600099
316028664
344968788
50168820
304706190
425243236
458123968
550101357
550128808
294157721
22332149
316315117
540150523
312927859
420581646
453053606
20396362
550568302
61973209
63611271
52068486
335957333
21640477
446677243
30789742
510866636
20825849
453718851
541834052
546432783
529583884
429818153
499650351
508446380
271634898
20396362
282331322
523230876
429818153
31245447
21640477
314071690
557458347
536492635
50168820
551212915
550568302
34829893
324346446
20399776
51233589
27483221
456526182
550128808
533940007
304706190
38358132
550568302
20712253
20119840
546116956
34724600
542200207
47545543
20712253
551611155
20712253
491284054
528563685
542999014
561578412
434034000
20782432
453718851
412910313
335957333
37921454
21806606
283153689
30982520
268226803
517471605
20970306
272128791
304706190
282331322
19577036
435497464
39270884
273445842
22560018
28701590
60337651
329039767
510382766
50168820
21398405
351014963
35976761
37184199
20825849
36073856
450629580
25432771
267616821
317440848
546086086
19856382
429818153
412910313
50168820
21204823
19906941
331692035
37892020
273445842
58671415
315834900
546432783
442610947
27708111
22332149
587945074
354611334
364955620
52936645
275129894
22014621
22020912
546432783
392115152
52936645
396689326
31405707
48642760
354409237
271634898
282331322
29009576
36631622
335957333
498408109
527465422
22848916
499788185
282331322
494521474
536492635
30662961
47718612
271634898
426577044
271634898
419949444
61341986
50168820
497950116
21132877
396571791
434202243
372246157
271634898
562079125
50168820
429818153
550568302
22148127
434202243
442610947
48772611
394010446
551611155
448149251
282331322
282331322
39164259
456800955
314015369
271634898
20017037
20182535
588881762
20238525
282331322
28529486
279602212
32242217
373101443
31119734
282331322
267749230
549421925
442610947
20623307
326678654
312518814
48084930
20881916
446677243
50168820
439052170
33492870
492630310
273445842
23914832
446677243
437998241
442610947
30101092
19856382
50168820
21772918
429818153
523279819
50168820
428418607
36757951
429818153
31361043
446677243
442610947
428418607
551611155
502985205
428418607
360846303
329039767
418234081
429818153
336093421
329169921
36631622
335957333
267616821
24794241
