577788118
37626338
37042760
19593878
387226195
419872024
368902372
19593878
37626338
607624912
19714886
368902372
19593878
37461590
37626338
607624912
19593878
37626338
537834384
19593878
607624912
579853168
580487576
586964959
607624912
561607764
419872024
403147251
607624912
580487576
19593878
577788118
607624912
419872024
586964959
607624912
580487576
341445426
37626338
607624912
368902372
577788118
607624912
19593878
267789923
607624912
19593878
19593878
607624912
552739469
607624912
19593878
513631572
29076275
607624912
577788118
545418719
607624912
586964959
591939971
607624912
580487576
607624912
521279385
607624912
403147251
607624912
403147251
607624912
19593878
68652404
607624912
577788118
607624912
607624912
607624912
559681022
37626338
607624912
537834384
577788118
545418719
23530073
607624912
387226195
513631572
577788118
19593878
29076275
