24900522
24731531
489292810
20093725
24281333
25257804
41553058
24731531
489292810
317803562
21635592
24731531
489292810
30029966
49110778
24900522
24731531
379745252
66822458
24729527
24731531
19590714
22098064
24731531
24900522
24357550
31226358
36419480
30029966
26050457
23638879
22098064
24505379
489292810
47211783
24900522
37363588
37668821
322040314
395376368
19814287
20812463
22098064
24357550
49110778
24731531
377315127
33272270
314151449
489292810
24357550
491408851
31135257
358253864
588245713
20967681
489292810
351710383
24900522
63416082
24000629
20263844
19590714
20360312
53733913
19855314
24731531
24729527
590677279
347221053
40047036
24731531
317803562
489292810
314151449
20094674
489292810
24731531
20812463
454588643
24000629
395376368
24357550
24000629
19956861
20360312
21579529
34371996
586822598
489292810
475960058
19555114
403609103
447254574
411893409
37668821
314151449
417787279
41553058
37668821
590625612
30943322
37668821
358858166
590625612
314151449
20263844
590627200
283731255
19558804
28243382
19641135
588597631
24000629
590677279
19855314
590677279
36506772
30943322
285595401
37668821
489292810
37668821
322040314
26050457
285693507
28243382
53390077
24357550
24731531
24900522
33467620
24770151
23402818
24731531
26898029
19641135
19942428
30943322
536353758
30029966
37668821
53390077
24900522
317803562
20812463
316898747
33272270
377315127
24900522
469892894
37668821
24476180
19560004
21635592
314151449
24729527
24357550
19590714
489292810
350649621
41553058
19572561
475960058
20061620
43435354
20030494
377315127
34371996
23402818
22098064
322040314
30943322
24900522
22098064
323191770
24731531
31135257
314151449
377315127
370672998
395142413
314151449
314151449
48793327
290513793
53390077
407522164
20812463
56644808
489292810
20360312
56689028
475960058
314151449
407346211
19818769
28243382
374951506
21635592
403609103
19590714
20093725
33467620
312705458
27143457
292664944
21579529
489292810
19590714
322040314
482807045
19855314
23402818
314151449
489292810
48793327
19583271
19641135
263682906
37668821
19855314
28243382
24900522
19590714
30943322
20263844
19641135
24357550
28546011
19814287
20636477
30029966
309243749
370672998
489292810
365101169
349338922
365384945
20030494
19641135
323191770
26898029
370672998
365466068
19641135
548647161
489292810
19560004
19942428
25582298
24357550
431555444
362882901
489292810
24357550
365384945
266271030
489292810
25560301
24505379
314635119
19574316
314151449
325461371
370672998
320145599
22098064
21635592
370672998
33272270
27627920
370672998
34371996
453941193
53733913
279495149
338495997
37668821
36419480
24729527
409116575
310252133
20812463
351710383
24729527
19590714
489292810
47211783
24000629
24729527
388457407
22098064
37668821
275005885
307214687
431555444
34371996
476102901
37668821
47211783
395810893
326175938
376447683
33467620
24731531
24729527
20263844
365530337
388457407
35534043
365546605
395142413
489292810
314151449
390012307
355806715
489292810
28546011
314151449
395376368
380314884
312705458
263682906
323191770
22098064
314151449
19641135
34371996
19855314
417787279
263682906
64112689
314151449
432478775
489292810
24000629
314151449
419384622
20159910
314151449
380314884
370672998
377315127
314151449
395142413
370672998
489292810
24900522
314151449
314151449
395142413
475960058
35534043
360536620
314151449
287501084
47493761
370672998
314151449
489292810
314151449
369991180
370672998
314151449
317803562
395376368
314151449
365384945
362882901
19641135
360536620
314151449
395376368
24900522
314151449
34371996
463616734
285693507
314151449
27962358
314151449
30943322
19565092
24731531
24281333
34371996
24731531
33467620
22663339
49110778
24729527
23402818
30029966
24357550
24900522
33272270
51802546
19641135
489292810
263682906
395142413
19590714
23641467
402608576
306476171
22408740
314151449
21282758
314151449
28243382
582122579
587023436
55250308
306476171
446956517
19590714
19565092
587023436
19855314
568959463
19555114
590677279
23895194
48793327
370672998
38969076
590625612
590625612
361958941
433212349
64060521
38657768
19572561
37668821
588597631
314151449
588597631
590677279
24900522
589504175
19565092
