24262605
22838548
392498483
20701607
24262605
561221709
24262605
68536131
560089078
24262605
467102300
37945518
35546085
24262605
303948456
21253037
24262605
467103418
468772264
24262605
585280454
561221709
24262605
472512159
24262605
472512159
24262605
468779886
468772264
561221709
24262605
33933802
468779886
22838548
24262605
468772264
35468244
467100211
33178221
561221709
20870323
20701607
64383563
561221709
561221709
472512159
24262605
561221709
24262605
24262605
561221709
472512159
311401182
24262605
561221709
557436660
24262605
24262605
21253037
24262605
24262605
20701607
20701607
