538951722
508021697
445279913
508021697
445279913
508021697
538949903
508021697
605903451
605903451
545281479
537670655
539137706
508866409
445279913
508021697
445279913
508021697
508021697
508021697
546865559
532485130
564841093
508021697
589961129
445279913
537670655
508021697
537670655
534554087
558285583
508021697
445279913
496871857
508021697
589961129
605903451
508021697
536382047
508021697
589961129
529313028
508021697
580840302
564841093
589961129
529313028
558076203
566651212
524768119
508021697
580840302
508021697
445279913
605903451
508021697
445279913
563725159
536382047
605903451
508021697
445279913
536382047
536382047
445279913
445279913
523171411
445279913
589961129
445279913
564841093
566651212
527495270
508021697
513790973
445279913
580840302
523171411
580840302
519780428
508021697
591766441
523171411
508021697
508021697
592127100
527495270
528421067
508021697
508021697
508021697
514024118
589961129
589961129
538949903
508021697
590621226
575056254
