407810894
439799752
465450224
407810894
407810894
407810894
407810894
487772963
410450928
407810894
466674800
407810894
407810894
407810894
407810894
439799752
407810894
407810894
407810894
407810894
407810894
439799752
407810894
439799752
407810894
407810894
407810894
555134180
407810894
407810894
555134180
407810894
465450224
407810894
407810894
407810894
407810894
466674800
407810894
439799752
555134180
407810894
555134180
407810894
471806418
407810894
407810894
407810894
407810894
407810894
407810894
407810894
407810894
407810894
407810894
407810894
407810894
407810894
407810894
