448138840
49935311
578266722
518323993
567048646
323885450
578266722
590068056
448138840
567048646
323885450
19745104
581004269
37771488
578266722
591581858
590964127
581004269
518323993
591581858
448138840
586222625
581004269
575299855
591581858
374946935
572517744
567048646
590068056
591581858
578266722
460724472
65699678
591070155
557722554
590004788
531295609
518323993
443546198
567048646
590979078
591221424
591139451
30926232
590964127
547884977
590068056
590979078
572659102
49935311
481493005
591443926
591581858
590964127
590068056
542249853
458549960
590964127
591139451
564756110
590331289
590964127
581004269
319493481
578266722
448138840
530164713
591025353
591581858
526683337
590068056
385866553
266823730
542249853
475631524
477138639
590964127
375010980
305902919
591619541
590068056
62813633
47459634
591581858
591221424
591443926
542962182
590979078
481016810
572659102
578266722
590331289
579046466
581004269
266823730
292365245
268638889
429774535
590964127
590984682
590964127
591221424
590004788
429774535
590984682
374946935
518323993
590964127
578266722
591139451
591640480
323885450
542962182
578266722
466502848
581004269
21338484
570315235
459040945
590678184
590068056
542249853
590068056
581004269
591305642
314459642
590068056
587594511
581004269
338451193
266823730
590964127
590068056
586669135
590996508
589558202
535276525
448138840
266823730
60291580
590068056
342098199
581004269
448138840
279434028
578266722
266823730
590068056
586413103
578266722
501725363
448200613
448138840
448200613
448138840
508060231
448138840
449672623
49935311
541429230
359771898
590992699
506260234
62279796
518485760
534882975
266823730
328077744
323885450
350786596
436327070
348280775
443546198
541443333
448891496
379850020
448200613
535308665
22442710
528013343
547144293
342098199
447168148
389154204
459040945
276888256
535276525
319493481
443572621
448138840
22329936
319540484
266823730
49935311
481493005
366134825
538403421
579046466
458549960
375010980
389187700
281805828
548076237
268638889
452557495
496258309
436345502
564756110
47416707
325323296
360303913
557722554
448138840
519537181
341924346
481493005
371884060
319493481
488605427
350786596
337944896
387510032
546208351
429774535
448826071
279434028
448138840
572517744
387478810
337987310
366134825
349998035
534779716
363066365
401697976
459040945
448863617
363066365
397884268
314459642
30926232
537526955
572517744
266823730
342098199
534882975
557722554
447168148
421382256
521815667
319493481
349998035
397884268
30926232
448200613
447168148
506260234
447015820
449672623
448200613
363066365
461693220
448200613
443546198
449672623
448200613
323885450
448200613
387354992
506260234
449672623
448200613
461693220
513681553
349998035
379850020
403289312
378501513
387354992
447168148
448200613
319493481
448200613
506260234
545170763
443546198
534336245
367021438
276888256
50343073
21338484
568638223
447015820
40484259
380042956
49935311
379850020
568598978
389187700
459040945
323885450
348280775
448200613
506260234
449672623
323885450
535276525
349998035
268638889
443572621
345289056
447168148
368132605
448826071
529906576
319493481
449672623
319540484
443572621
406610714
348280775
349998035
268638889
564756110
495438348
342098199
319493481
268638889
568644018
431042548
489177871
501602700
519537181
348280775
461693220
366239003
387478810
314459642
547144293
378202525
283213385
535276525
342098199
55781162
459040945
448200613
319493481
325323296
367490598
325703720
319493481
437960299
397884268
49935311
461693220
319540484
350786596
319493481
28189080
506260234
264849133
359771898
538895543
546208351
37771488
50600262
323885450
49935311
319493481
377991128
314275673
397884268
384737467
323885450
448200613
448138840
345289056
448200613
366239003
419921431
364810992
328077744
448408729
47416707
319540484
323885450
380042956
366134825
363066365
319540484
323885450
448138840
28189080
319540484
391819290
314459642
367490598
49216229
349998035
338451193
562945481
349998035
314459642
279434028
323885450
367490598
350786596
314459642
279434028
406610714
508060231
546208351
367490598
345289056
506260234
448819828
403289312
419921431
30926232
448138840
546208351
351124859
448200613
504710514
506260234
363066365
448200613
518485760
506260234
377287791
530235082
349998035
518485760
448200613
377287791
461693220
345289056
351124859
328077744
325703720
545318327
434421739
448200613
345289056
325703720
366239003
335510856
518485760
443572621
464321071
545318327
356791646
518563827
387763797
379850020
387478810
493341991
267331732
546208351
487260901
521304498
440828161
535276525
560798866
567446695
345289056
448138840
322434980
447168148
531480270
420195129
359771898
305902919
542249853
375010980
391819290
366134825
501594263
59008674
350786596
518629359
546208351
473741656
521815667
62279796
386400008
546208351
314275673
493341991
448891496
284148587
349998035
345289056
357549843
367021438
375010980
30926232
37771488
523523160
519537181
459040945
387478810
368453871
538895543
518182769
385776612
387478810
459040945
519537181
547144293
319493481
391819290
59952018
266823730
349998035
368132605
322078079
537768761
448864770
406610714
506260234
461693220
328077744
64628140
323885450
319493481
378109608
508060231
560798866
481016810
319493481
349998035
547144293
506260234
519537181
349998035
567048646
351124859
328077744
281805828
512628552
57029481
572517744
448891496
401697976
397884268
329064423
345289056
55781162
368132605
366239003
49935311
305902919
448824357
349998035
366134825
519537181
385866553
342098199
389154204
363066365
342098199
391819290
349998035
389154204
391819290
276888256
457191105
506260234
441397533
542962182
323885450
266823730
506260234
447572184
319540484
517033609
387478810
367490598
366134825
366239003
323885450
389154204
504710514
387478810
366239003
506260234
518485760
519537181
448200613
531480270
506260234
448138840
518485760
349998035
521815667
447555314
518485760
504805909
28189080
506260234
389154204
349998035
448200613
379850020
481493005
530235082
518485760
487464117
420195129
579046466
448200613
518485760
504710514
443546198
448200613
518485760
489155900
363192051
534289910
413634793
50343073
469585097
448826071
319540484
399742000
326616494
518485760
389187700
511617753
28189080
49935311
325703720
541429230
387478810
448138840
377287791
281805828
363066365
517033609
338451193
420195129
342098199
513668331
429774535
391819290
546208351
443546198
49935311
546208351
446284305
363066365
