432882362
322313399
590327143
584632554
322313399
590327143
570317838
432882362
548362923
545144790
322313399
391724182
511248354
421453037
545144790
403423411
24189127
445331662
565355843
402768190
591969734
445331662
570359624
432882362
52268941
358849977
445331662
432882362
548289364
445331662
496233678
590327143
565355843
565558623
570317838
445331662
52268941
349536880
592123327
545144790
565355843
345357017
445331662
583629417
27499621
511867544
48456379
572463042
565355843
432882362
278420712
572463042
21828205
432882362
358635208
349536880
548362923
432882362
402768190
592123327
565558623
360494509
421453037
495942912
567602209
391724182
432882362
465779577
278420712
62267976
565558623
449939341
349536880
445331662
565355843
419420100
322313399
340894329
402768190
592035052
349536880
495942912
432882362
511867544
545144790
358635208
26681775
340106150
432882362
591480732
345357017
432882362
576096672
567602209
313775452
590327143
402768190
345357017
322313399
536821271
432882362
590327143
591480732
52268941
565355843
572417448
445331662
422476927
493409733
494582407
432882362
572463042
560956216
432882362
322313399
572463042
590327143
360371646
445331662
529301045
557657407
349536880
322313399
590327143
398022412
590327143
591969734
52268941
565355843
572463042
590327143
328615121
421453037
590327143
432882362
345357017
432882362
432882362
25289276
579354010
345357017
38569183
565355843
545144790
26681775
402768190
278420712
420352065
432882362
584632554
553978152
24189127
432882362
437170097
55801507
583629417
51632039
570317838
360494509
322313399
432882362
278420712
445331662
505312691
590327143
430884611
345357017
503159079
20018036
445331662
583629417
505359910
320880728
432882362
65551869
436156819
590327143
21828205
430884611
352739080
483398481
583629417
572463042
583088864
57580614
24424643
583629417
346024269
48456379
421453037
345357017
52268941
