587492986
517924099
606346390
591654906
440919319
542772094
591458501
440919319
525153738
353347108
440919319
542772094
353347108
343294584
440919319
525153738
353347108
343294584
440919319
447417328
343294584
440919319
542772094
353347108
343294584
440919319
525893899
542772094
343294584
440919319
525893899
484038826
374228309
440919319
525893899
525153738
374228309
440919319
542772094
527511634
347668829
535916208
440919319
542772094
533854470
525893899
492466080
440919319
542772094
527511634
524929199
525893899
440919319
353347108
528405424
524929199
440919319
345833350
527511634
34640718
492466080
353347108
525893899
428064689
508638234
440919319
353347108
345436129
492466080
490284132
34640718
485577649
389988865
486922556
353347108
416575369
34640718
430374241
430194240
439628528
451099959
440919319
451099959
440919319
440919319
395133948
431656494
425538447
434673403
343294584
411893346
428579544
348776288
343294584
345436129
402760771
343294584
355467287
354194570
389988865
378776840
372207707
346915031
353347108
353347108
364378068
34640718
353347108
347101620
364882668
345431917
353347108
34640718
347241865
345431917
353347108
346139827
353347108
345660114
357172359
353347108
348478461
344263265
345959276
353347108
34640718
353347108
346915031
345431917
345435960
345621735
345525447
440919319
542772094
517924099
440919319
387056665
312268744
542772094
524854310
440919319
516692099
492466080
521008793
514648061
374228309
524929199
420100456
312268744
492466080
353347108
375510864
492466080
502323994
491806852
434840413
492466080
484038826
494305274
413965413
489009388
364882668
428064689
434840413
426928580
347899267
440919319
437763736
431656494
375510864
420012804
422543012
411893346
427994805
420012804
420100456
428064689
426974684
425538447
416575369
312268744
348776288
406644647
378776840
349890570
345453464
353347108
401215680
360574358
356083188
345435349
342521941
388311006
378776840
347228979
398911444
354194570
329064272
378776840
355467287
372207707
345431917
378776840
354194570
342521941
372207707
34640718
378776840
346915031
353347108
353347108
342521941
345621735
346139827
359013474
342521941
347101620
353347108
346139827
354194570
357367279
345458974
345431917
346915031
344776308
367301274
345458974
369929240
354194570
345438696
353347108
343466446
347241865
330298350
353347108
345431917
345525447
353347108
345431917
346915031
348773626
348894431
344776308
347241865
345458974
348894431
347241865
345435960
346915031
580650308
343294584
375510864
542772094
526588002
353347108
492466080
513577343
408913533
488252875
444606321
440919319
422543012
434673403
437763736
420012804
435386936
343294584
427364420
420012804
347899267
408913533
318033233
422108666
416159519
28355667
420012804
355467287
426042430
426974684
416575369
393320203
346973558
355467287
369267785
356083188
406658604
345453464
345435960
406644647
393320203
398911444
372207707
360574358
342521941
34640718
347101620
398911444
387056665
355467287
364378068
353347108
345660114
356083188
353347108
367706660
364882668
345431917
346973558
345621735
369929240
345431917
329512575
346915031
346139827
345438696
354194570
345431917
346915031
353347108
345601231
346915031
344776308
345431917
345458974
348776288
346029244
346139827
354194570
345503334
345435349
347241865
345431917
339311097
367706660
347241865
347101620
345458974
339026800
347241865
348773626
348894431
347241865
347317766
367706660
345438696
342521941
346915031
348776288
345435960
348894431
346915031
347241865
345503334
345458974
346915031
344263265
346029244
346139827
345434774
348773626
344776308
346915031
347241865
342521941
346915031
330298350
339311097
345434774
346915031
344079196
353105048
353347108
542772094
528405424
524929199
353347108
449256160
520181863
511276437
502989878
430194240
492466080
490545439
375510864
406658604
439648061
406658604
449720181
347899267
434840413
425547942
425538447
416575369
426042430
424232961
420012804
410750998
426042430
356313271
426974684
420012804
426042430
425538447
426974684
364882668
426974684
416575369
427364420
343294584
426974684
412958682
398911444
348776288
426974684
416159519
369267785
398331083
416575369
393320203
403284166
347475041
345435960
364882668
354194570
34640718
345436129
352878374
373554835
342521941
345435960
345436129
353347108
359937191
342521941
398911444
353347108
346139827
353323643
346577270
353347108
359937191
345660114
347241865
346139827
346849320
348776288
345458974
346139827
357367279
346915031
348894431
348743916
354194570
345457318
353347108
345458974
345432979
342111899
345457318
345601231
346915031
345471985
341978744
344776308
345435960
345431917
34640718
353347108
347101620
346139827
355122319
346915031
345432363
353347108
346915031
348894431
346973558
345435960
346915031
344776308
348776288
346915031
345431917
345435349
345503334
342521941
346915031
345660114
346029244
345525447
347241865
345458974
346029244
353105048
348478461
345459367
342521941
346973558
345453464
348478461
346123748
346915031
348478461
346876996
346139827
348773626
342521941
347241865
345432363
344776308
340546233
345959276
344776308
440919319
517995828
542772094
525893899
524929199
523272075
520936655
516692099
492466080
498829232
497574601
503232867
481545445
436160987
481545445
439648061
353347108
408913533
435386936
353347108
457090399
432786398
345833350
435386936
430194240
438237425
422543012
431656494
439648061
425546872
426042430
439648061
420012804
427465236
438444469
430374241
434673403
345461705
395133948
433539723
434673403
422543012
