19759929
428072509
497904703
442344643
24711672
428072509
38085757
428072509
561926604
428072509
21380796
392513732
24981188
373385441
561926604
287876169
38085757
573016251
392513732
38085757
407588218
428072509
560889268
373385441
364332256
34812282
380488542
397922176
428072509
392513732
32033045
392513732
37575203
373385441
392513732
392513732
560889268
392513732
453223742
497904703
380488542
373385441
497904703
392513732
562371687
392513732
380488542
428072509
482823444
392513732
428072509
392513732
573016251
392513732
442344643
355933523
392513732
380488542
380488542
392513732
20328999
380488542
392513732
387844487
380488542
497904703
355933523
428072509
392513732
467107031
392513732
392513732
415069344
478220171
392513732
292953014
392513732
498391404
392513732
561926604
430543479
392513732
392513732
497904703
392513732
392513732
497904703
392513732
497904703
392513732
392513732
497904703
33946970
498391404
428072509
392513732
497904703
392513732
497904703
428072509
392513732
297751465
380488542
392513732
380806580
428072509
19742671
428072509
392513732
428072509
19740071
428072509
373385441
379295666
34940566
304939375
497904703
392513732
333998151
392513732
428072509
380488542
392513732
428072509
392513732
26822500
26625352
565948468
392513732
467107031
392513732
560889268
19759929
497904703
478220171
63377218
19740782
37613442
560889268
63377218
392513732
561926604
497904703
562371687
63377218
19798536
535006329
446675143
37613442
