31152365
33200407
36255080
307378564
35488235
37284137
33021874
27283535
338678548
339517517
36255080
22081835
271573417
321192250
29761503
592057385
30988377
67260224
271573417
435267564
355159569
339517517
279898114
63611271
22448394
463685326
67260224
20156196
541612899
303786134
68165166
67260224
333066004
21160163
21292390
63611271
455161410
67260224
37284137
27958689
303786134
45722535
505381225
523173366
316743992
45722535
339517517
316743992
23332848
339517517
27958689
455161410
339517517
303786134
316743992
31524027
316743992
31524027
471118758
67260224
568868227
37284137
550128808
316743992
339517517
568868227
541612899
45722535
68165166
35323050
541612899
19807177
403165437
339517517
67260224
315150693
55939490
63611271
338678548
316743992
541612899
37284137
339517517
316743992
31524027
339517517
316743992
67260224
31524027
339517517
316743992
344862025
316743992
19856882
541612899
297412291
550128808
404252596
37284137
541612899
37284137
303786134
316743992
541612899
37284137
19561774
67260224
541612899
37284137
316743992
36255080
55060171
541612899
505381225
316743992
31524027
591959847
321192250
375535995
46587018
67260224
316743992
338678548
339517517
339517517
19856882
316743992
283257220
21160163
339517517
21160163
316812804
31524027
290769428
505381225
37284137
21393165
374873146
37284137
37284137
20552968
592057385
19561774
35488235
264277002
452171388
341390846
263376262
333066004
339517517
316743992
523162805
31069750
36255080
38300387
35488235
36255080
31524027
21702456
68165166
19804178
59669026
22603002
28780536
265060468
59688826
31524027
316400096
31065632
37284137
34822013
38300387
31524027
49875241
316743992
49780978
577027646
316743992
31524027
532109293
31524027
20786463
404252596
37284137
33200407
20723130
321192250
29970992
59688826
316743992
37284137
375535995
345525447
586870890
31524027
342102593
37284137
476919122
31524027
329870295
31524027
291496613
36255080
20752514
372246157
55060171
31524027
19812118
31524027
341390846
31524027
562079125
37284137
316743992
36255080
20195292
31524027
37284137
21393165
37284137
37284137
56347827
19561774
31524027
376806206
59688826
264255764
40500856
297412291
31524027
20752514
324788467
36255080
324776765
320702781
63611271
301195966
316400096
67260224
307378564
346943991
67260224
31524027
24300981
24456087
59688826
325318711
264277002
30717776
27816922
550128808
63611271
316743992
324491248
37727770
437101904
31524027
413413052
577027646
38300387
344862025
37284137
355159569
63611271
37284137
356879805
37284137
410013861
47753767
37284137
31524027
435267564
37284137
28398892
274722417
339517517
36255080
37537460
37284137
37284137
36255080
25746785
37284137
36255080
23882331
38300387
284029109
29492405
20667475
21327613
37284137
20752514
38300387
20156196
21516597
24194137
19563138
60938165
31069750
334882893
51033030
490336463
345525447
541612899
22603002
35553474
67260224
37284137
31524027
31524027
341753367
264255764
540385467
402802285
285393038
64128304
37284137
338678548
321192250
393608080
30438112
372483059
27445815
331264017
38864008
37284137
31524027
20571705
31524027
520909137
22331607
19568240
38300387
387102502
36255080
37284137
299764294
31065632
37284137
63611271
37284137
37284137
38300387
26045305
27058101
44603935
19812118
333066004
376806206
19631917
343510105
37284137
30874346
19566461
480182523
520909137
23882331
38300387
364072846
391427921
67260224
37284137
47567216
45683849
31524027
37284137
31524027
543104138
31069750
31524027
430550796
312709023
543104138
497962675
264277002
36255080
278292516
19741459
274722417
20511068
27958689
284029109
31524027
20081240
328723951
59212933
19742118
329870295
291496613
541612899
21327613
343239665
476919122
