22079929
20199396
360626095
435575574
265334984
360626095
386340204
265334984
487415582
443568722
265334984
487415582
265334984
423567604
419373087
33560578
265334984
423121652
487415582
481846664
265334984
453225125
360626095
55477065
265334984
468383047
458370224
462676167
373124337
265334984
60054022
425937212
265334984
555644823
449635668
408700401
51916692
265334984
400427388
454430386
294971247
265334984
484790418
265334984
375167101
413020217
265334984
417952565
489220770
317233841
265334984
404396518
566810789
393936207
265334984
419955822
265334984
359977280
487415582
265334984
555644823
481846664
336367454
404396518
265334984
462676167
360626095
265334984
360626095
534087571
265334984
479975758
22079929
29950082
265334984
479975758
357855818
265334984
457614654
360626095
479975758
265334984
419373087
360626095
479975758
265334984
48510028
265334984
265334984
457795102
41609124
459492115
265334984
411838334
265334984
436268165
479996885
265334984
400410837
429002073
265334984
359977280
265334984
265334984
454615368
265334984
265334984
482771869
564841093
472828086
459492115
265334984
265334984
439580235
360626095
591554030
436384344
340819455
459492115
450353591
394660333
462151612
479975758
360626095
298031547
479975758
475620478
429052836
426980225
21100396
427967065
22741890
503589175
395566555
19631509
33560578
468383047
265334984
506346240
345491343
534087571
426904977
403266787
455766099
520180821
358031643
340819455
265334984
20551461
312982479
363819168
419207391
265334984
534087571
265334984
346848810
19551453
477579939
265334984
380788207
336945424
315425973
265334984
360626095
265334984
298031547
425376839
265334984
304176027
358281096
265334984
51916692
459492115
265334984
265334984
399841834
265334984
463730465
27474528
397407783
417952565
458006457
465011612
558285583
315425973
417952565
413398652
372485922
402536654
314560191
364616431
325739971
348875806
375188242
479975758
534087571
35874016
424385323
263457138
360626095
365536909
487415582
48510028
265334984
459492115
482611658
384150058
265334984
400410837
411797691
487415582
19764827
360098947
436299158
265334984
379206003
459492115
413406406
359977280
376005509
411461078
508172844
384150058
358281096
487415582
265334984
443110850
395607832
427967065
377183745
443110850
27474528
428340410
19787478
338089319
22386404
406095153
454105538
22040488
35874016
399841834
407310997
45433790
265334984
330488624
528277361
265334984
373903509
340819455
265334984
393083470
348827242
370710968
428897905
395607832
294971247
36635445
265334984
359977280
318036084
389535069
265334984
265334984
400372653
403679401
457200680
297542440
41609124
265334984
462676167
514446135
458370224
340472129
448379840
488786283
360626095
366929761
35126639
294971247
20280091
452439302
483980409
311377316
346591935
265334984
330290985
393846681
338089319
360626095
460672972
417952565
460562060
387711193
487284387
360347790
408700401
265334984
408700401
335769136
459492115
437914762
306293029
328867281
19787478
340819455
353061821
413905667
350836638
265334984
487415582
21123861
391094476
405769845
61557054
419207391
484790418
365748500
419389041
381118295
19631509
302229041
328867281
450027580
392577848
395607832
459492115
34888809
338089319
19631509
25547600
338089319
20199396
29950082
23381252
393083470
338089319
20721278
20199396
51916692
338089319
27474528
51916692
265334984
393083470
315425973
397384117
265334984
416777821
265334984
386777595
547553863
393936207
301723430
338089319
403679401
489220770
487415582
357281789
265334984
393083470
441439329
380214333
317552271
393083470
524632638
376005509
383050041
412171150
368512856
428897905
317233841
29950082
369133041
338089319
494234293
27474528
41609124
319207240
417952565
366929761
338089319
366929761
417952565
405016614
366179036
31106739
22079929
484790418
456097727
399841834
528277361
370244146
403679401
58806131
474918827
439993881
400410837
338089319
564841093
265334984
470606744
455766099
317839528
381118295
338089319
397616884
483980409
511116359
345057578
41609124
340819455
311377316
488359017
376005509
393053247
357855818
374943868
397990897
362505133
359977280
335134767
413231071
418820622
399128910
508924635
465529492
360626095
459492115
427967065
475873673
22386404
317552271
357855818
395566555
319207240
413377170
384150058
27474528
425792354
358345526
320549742
314560191
20199396
398093360
367651744
386015755
318036084
29950082
370005321
389413193
50085093
371550206
492409913
420935375
328064199
366346467
319207240
27474528
488359017
24809209
294971247
405566791
409392651
284442380
404359979
504264322
435006541
356360586
400427388
488786283
295237533
377708362
444210657
399128910
528277361
377739070
383660904
387711193
424447771
407310997
323341728
427967065
61557054
403679401
345502407
408973984
311377316
458370224
376005509
315425973
417952565
376005509
405992725
417952565
376005509
265334984
359977280
