19636851
21427641
39617079
485470086
428946776
468556161
485470086
561578412
428946776
63771382
446334125
456503693
366270435
422384580
318040881
496128981
402447566
401546138
308938362
412666342
402447566
484766328
428946776
468279094
349836074
304573578
19636851
381048115
422384580
395891463
268217503
408597399
422384580
458770796
365733991
412666342
425579253
352976819
365733991
422384580
19636851
39617079
446334125
276624937
535222285
329138822
365733991
466505839
396452947
337861437
466505839
456503693
384807787
434891192
422384580
435759127
466505839
562079125
561578412
446334125
365733991
561578412
428946776
56798270
428946776
428946776
426503125
332964778
39617079
428946776
372543053
446334125
340310074
396452947
318040881
462836342
318296727
358794095
384807787
466505839
36454455
308938362
468668387
382662207
408597399
63771382
406419376
458770796
408597399
33968037
462836342
408597399
429283538
393472289
384807787
428946776
382714604
400911662
547251416
408597399
390440417
38720577
458770796
442641551
426605938
396452947
318040881
381048115
24481770
268217503
408597399
328985694
365733991
470570055
317681878
318040881
365733991
39617079
426503125
280659653
377543256
19636851
366270435
458982303
365733991
340310074
56059969
56798270
434205062
365733991
313235947
365733991
466505839
316564574
36454455
428946776
366270435
365733991
434205062
428946776
380386948
455882418
434891192
380386948
425231131
466505839
412666342
332964778
308572325
401546138
428946776
380386948
428946776
466505839
428946776
446334125
332964778
66589840
24481770
428946776
412229079
428946776
428946776
426503125
561578412
428946776
45478019
428946776
428946776
307877457
19636851
66589840
436120630
425231131
307877457
318040881
396452947
408597399
400532222
349953462
465645327
324321921
304573578
391672433
408597399
393688750
427574801
462836342
281473450
318296727
435759127
329094747
370309448
318296727
466505839
465467729
408597399
388880084
434205062
355823352
468668387
318040881
393983851
402447566
408597399
19636851
318040881
323395109
358794095
408597399
359341930
465645327
434891192
408597399
318040881
442641551
466505839
390183934
408597399
384322194
318040881
408597399
391722592
466505839
377543256
39617079
382662207
385860087
323395109
312629760
305140889
355961308
435460012
317779290
390728336
38720577
385860087
458770796
390728336
400054603
414940919
422384580
338688234
63771382
466505839
456503693
305140889
400054603
318040881
425579253
428946776
358794095
318040881
323395109
422384580
318296727
359341930
365733991
408597399
388880084
350655685
365733991
329138822
408597399
424458464
365733991
362087101
66589840
398531555
396452947
365733991
433693909
434205062
365733991
428946776
324595250
384807787
426605938
268210693
391672433
370039187
305993561
366270435
428958141
357938089
384807787
399497346
400532222
268210693
413440706
432238093
466505839
304160189
50206190
408597399
394061911
428946776
380386948
466505839
428946776
366437488
324595250
365733991
434205062
394016095
394965003
428946776
400054603
400054603
380386948
394965003
329138822
379568481
356578528
380386948
428946776
332964778
384807787
381781752
329138822
272252836
365733991
350655685
428946776
408597399
365733991
466505839
365733991
407921644
384807787
392857503
365733991
466505839
64069272
390887202
266701574
19636851
426881920
318040881
466505839
266560626
485470086
425231131
454604465
484766328
62257320
442641551
350655685
473037413
318296727
463255148
366270435
308339216
64242018
384807787
36842285
433929725
358794095
63771382
66589840
408597399
458770796
394556618
465645327
422384580
318296727
385860087
433172279
32142373
66081032
382714604
32142373
422384580
272252836
408597399
462538170
318040881
352925068
38367197
318040881
422384580
349953462
412371873
318040881
355605947
61407039
64678934
318040881
350655685
63771382
390654199
462538170
365733991
350655685
439849189
63771382
365733991
424458464
350655685
470570055
365733991
393983851
408597399
341860718
426503125
280659653
394016095
366270435
365733991
381444034
350655685
466505839
370309448
37289849
462538170
316564574
458770796
394016095
446334125
402421017
39617079
357210959
365733991
428946776
335840859
380386948
386759436
351184861
392857503
462836342
329138822
280843362
64963851
455882418
428946776
400000209
49624719
396238122
386759436
349953462
426503125
265825294
393983851
312629760
401279489
66589840
329138822
424458464
350655685
305174455
304160189
428946776
61407039
408597399
428946776
349953462
400911662
329138822
349953462
466505839
446334125
32142373
349953462
428946776
45478019
561578412
466505839
29890218
422384580
408597399
390728336
466505839
400911662
64678934
465467729
466505839
400054603
426605938
323395109
350655685
458770796
53722135
408597399
446334125
350655685
329138822
340310074
56798270
349953462
365733991
466505839
384807787
561578412
428946776
45478019
466505839
466505839
