494478031
421578821
347533602
56246734
38484132
51129188
374155867
38484132
344339219
503049180
268805281
445727159
533582443
27669351
564805230
307534769
38538570
494675977
51129188
38484132
50868926
494675977
38484132
428617450
494731905
51129188
38484132
40391890
38484132
264022104
445727159
535266624
38484132
421578821
494731905
38484132
374155867
428617450
38484132
588499925
494675977
460491447
533582443
365203053
56385389
324945115
457883391
538021357
460491447
535266624
425833647
589930578
536346064
40391890
538021357
310852751
494675977
538021357
313645758
425833647
538021357
445727159
537461896
347533602
465508097
457883391
548544982
313645758
51129188
324630697
283565631
313645758
267795884
38484132
343284466
264022104
538021357
38484132
505894676
313645758
374155867
51129188
38484132
505894676
264022104
38484132
324945115
535552670
553114275
38484132
533582443
57686340
40391890
313645758
51129188
555291801
374155867
505894676
273515179
313645758
29716796
38484132
460491447
313645758
324945115
38484132
535552670
521187986
28238571
395551453
445727159
282321628
575590509
365203053
313645758
324945115
313645758
366180764
460491447
586682224
425833647
589930578
374155867
445727159
51129188
457883391
445727159
586970628
51129188
592012524
538021357
324945115
428617450
468679496
38484132
324945115
445727159
314755283
538021357
592012524
38484132
538268109
307534769
538021357
445727159
347533602
534297462
536346064
445727159
374155867
51129188
503049180
56385389
313645758
313629503
307534769
457883391
307534769
460637225
360347713
494478031
555538198
307534769
494478031
38484132
494675977
267795884
494478031
56385389
454601023
40391890
307534769
454601023
460491447
555538198
445727159
425861873
465508097
310852751
494731905
344339219
454601023
500902631
494478031
374155867
541775490
460491447
34936866
445727159
30124921
532325752
460511060
326005243
494478031
421578821
454601023
448183132
40391890
494478031
564805230
374155867
313645758
433552530
51129188
313645758
57686340
27669351
494675977
457883391
314755283
267795884
494731905
40391890
425861873
314755283
283565631
374155867
314755283
307534769
322744649
56246734
347533602
313645758
445727159
40273516
307534769
454601023
538021357
374155867
425861873
313645758
56246734
324945115
327095529
351171472
494478031
374290009
313629503
307534769
380733776
354842148
374290009
421578821
460637225
313645758
360347713
374155867
313645758
313629503
338111778
460491447
374290009
324945115
434810927
38484132
317636928
460491447
347533602
51129188
64732104
374155867
264022104
421578821
428617450
425861873
445727159
313645758
421578821
295105045
445727159
374290009
319718034
327095529
35277463
324630697
313645758
457883391
468679496
268805281
324630697
563601309
349407195
308866332
51129188
307534769
458331006
337019430
421578821
324630697
430447298
322013463
454601023
51129188
454598446
268805281
343284466
347533602
445727159
268805281
374155867
470025282
457883391
313645758
307534769
463137361
328023538
460637225
313645758
273515179
40391890
494478031
283565631
313645758
273515179
343284466
457883391
283565631
313645758
374155867
324945115
460637225
313645758
374155867
324945115
347533602
268805281
374155867
324945115
268805281
421578821
307534769
347533602
40391890
365203053
460491447
374155867
313492534
313645758
374155867
48272530
324945115
460491447
264022104
22958534
494478031
347533602
405047637
426457093
344339219
267795884
35942771
313645758
27592415
421578821
27669351
347533602
273515179
317856930
313646351
343284466
365203053
460491447
315378057
328023538
51129188
27669351
324945115
374290009
324164974
50254273
266996716
22902914
283565631
317856930
310852751
38484132
324164974
586619881
322744649
327192359
344339219
344991713
317636928
317856930
313629503
324945115
324164974
445727159
40391890
460836788
283565631
40391890
318065050
307534769
421578821
324945115
445727159
306299667
424655812
460511060
569630625
324164974
536191139
328023538
317636928
344339219
313645758
324945115
425861873
344339219
347533602
51129188
354842148
326005243
283565631
445727159
340891968
434810927
468679496
460491447
365203053
324945115
283565631
336276375
324945115
268805281
586913277
313645758
267795884
470025282
315088520
374155867
324945115
267795884
318065050
311230172
454601023
347533602
313645758
374155867
347533602
313645758
457883391
454601023
313629503
445727159
307534769
374155867
553114275
35277463
538021357
322744649
314755283
275447321
27669351
324945115
460511060
494675977
313645758
301959403
374155867
322744649
326005243
588982509
421578821
347533602
324945115
494478031
313645758
324945115
372488660
347533602
313645758
324945115
586619881
428794772
374155867
313645758
324945115
264022104
324945115
327095529
324945115
38484132
324945115
548544982
324945115
313827880
56385389
40391890
51129188
22958534
59522447
283565631
29716796
365203053
36787968
56385352
56385389
273515179
26703462
51129188
267795884
35546749
283565631
269782215
264022104
27669351
56385352
347533602
35468244
264022104
50230209
56385389
35277463
22362425
264022104
