39907342
40149352
321667432
266051092
40149352
457971164
391965345
40149352
352471634
25395360
479921969
352471634
63663871
266413725
352471634
266051092
588006922
40149352
60854463
275620732
487512860
41516143
40149352
391965345
24398907
590634732
391965345
352471634
305254390
321384043
39907342
391965345
453736239
266051092
507186160
391965345
62422937
391965345
522985575
479921969
591369748
591529394
391965345
591081892
391965345
396745068
391965345
40149352
587941790
591258583
391965345
41982867
584255083
591529394
391965345
349811156
391965345
582908355
40149352
391965345
437949548
591529394
391965345
582234703
391965345
591529394
391965345
47629826
40149352
591258583
434729057
549894286
391965345
391965345
496642056
564026864
326648912
19708137
39907342
391965345
479921969
359161943
24398907
52665359
24398907
25395360
432499743
391965345
41516143
307721919
522985575
40149352
271997896
479921969
19708137
266413725
479921969
391965345
268016229
39907342
40149352
307509442
391965345
391965345
