432918362
20428215
369817753
36908402
21465143
422533022
448793161
323908083
356943407
368907993
36908402
424175505
418448741
404873673
424175505
286983501
370443228
447983019
448980177
433707929
396299455
448512806
395934231
426832352
36908402
451843947
452502363
435829558
298795673
482338753
386969177
487818862
402615237
445004012
523762322
554199898
386969177
452402627
448512806
402615237
369668602
386969177
447199321
426832352
441162093
418448741
469572981
443022089
405598678
456585193
375541682
475732934
383353655
459357990
474084407
28129453
426832352
470335691
425857904
456585193
338596387
470335691
441417989
373837575
446871993
396568944
474023753
26402500
373837575
482507094
298795673
457047498
474023753
438181919
486854483
402615237
444772469
476110260
580913329
433707929
392681354
398307600
452402627
586124005
390601402
467933379
370443228
450895369
20428215
554199898
290982184
476110260
458468009
452402627
424175505
393019695
36908402
439108470
430373416
398307600
554199898
445587691
554199898
457215903
458468009
407723605
379548607
458468009
36289510
468330389
36289510
458468009
457215903
457946302
554199898
387451739
20428215
268366338
20428215
554199898
424175505
370443228
591757057
290710880
370234445
591757057
385521317
448793161
424128408
566129966
369817753
46760274
26402500
482338753
554199898
294905455
452402627
402615237
441162093
306816243
474084407
28129453
458107708
338596387
373837575
482507094
443022089
420794628
580913329
370443228
569631266
575246869
450895369
586124005
316280197
554199898
424175505
590293440
36908402
452402627
36908402
554199898
586124005
569631266
580913329
440100797
36289510
21063684
524283452
579915799
478345007
554199898
457790728
319661938
290710880
452402627
486068980
577248876
569631266
476341441
554199898
458468009
423043597
569631266
298795673
569631266
354777942
430373416
440883702
397961575
580913329
566343247
569631266
