31119734
31804172
521827006
408924879
31119734
475133987
441630051
31119734
535008936
440869657
441630051
446079435
413114631
501905996
454836813
547658882
442678973
31119734
547658882
390476771
475133987
441630051
21947159
442678973
37625298
385170464
25254164
328718311
547658882
382905507
588891595
21049681
31119734
455088616
408924879
552171268
412153257
441630051
588891595
457378047
441630051
67434449
397858499
441630051
426595044
390476771
446079435
440869657
437403385
441630051
39564153
355990342
441630051
387980290
547658882
475133987
441630051
368741664
440869657
547658882
441630051
472517743
372418016
441630051
61294885
390476771
442678973
426595044
441630051
31119734
390476771
408924879
292755869
441630051
442678973
413114631
441630051
426595044
20423022
413114631
441630051
31119734
413114631
433402069
388143873
433402069
441314415
547658882
426595044
468223806
408924879
57602086
442678973
57602086
441630051
580889935
434261753
440869657
413114631
355990342
408924879
413114631
442678973
408924879
390476771
440869657
390476771
400570603
440869657
441630051
21049681
390476771
440869657
441630051
390476771
408924879
441630051
358789373
390476771
408924879
441630051
31119734
390476771
475133987
441630051
360914207
390476771
441630051
355990342
390476771
442678973
441630051
390476771
441630051
547658882
67434449
390476771
31119734
441630051
547658882
390476771
441630051
549381486
390476771
390476771
547954459
580490384
37281264
31119734
30410473
441630051
39564153
521827006
442678973
355990342
58207384
428618917
547658882
455088616
355990342
433402069
547658882
35258411
39564153
429968606
578705822
457378047
57602086
547658882
408924879
475133987
441630051
521827006
413114631
446079435
368741664
31119734
538347449
413114631
501905996
441630051
413114631
31119734
547658882
557300293
31119734
547658882
396492808
475133987
328718311
547658882
57602086
547658882
362207663
390476771
433402069
441630051
547658882
477410962
390476771
413114631
547658882
359180733
67434449
413114631
413114631
440869657
390476771
472517743
547658882
580490384
442678973
31119734
482554894
408924879
421571559
547658882
390476771
355990342
413114631
426595044
408924879
31119734
61294885
413114631
441630051
442371521
413114631
390476771
336375927
582607575
390476771
408924879
390476771
408924879
426595044
390476771
408924879
390476771
547658882
449125034
390476771
587301939
390476771
584580207
547658882
358789373
442678973
31119734
390476771
580889935
578705822
390476771
472320755
31119734
405173804
580889935
390476771
441630051
390476771
446079435
444515421
390476771
442678973
584580207
547658882
390476771
442678973
580219291
390476771
31804172
60759809
37753266
472517743
584580207
21049681
408924879
446079435
67434449
67434449
426595044
39564153
26377862
440869657
442678973
60759809
33714408
441630051
413114631
57602086
547658882
31119734
441630051
441630051
390476771
441630051
390476771
441630051
