292804241
268243233
379130228
64929097
404465855
380541747
64929097
404465855
451384316
379130228
495463781
364867273
407394530
351855819
380541747
282471602
64895561
303543407
438391556
67956864
275575424
64929097
495463781
64929097
274541364
376402868
303543407
592057288
399688080
314661206
64929097
274145671
379130228
66716366
352058695
56808371
405454560
64929097
58804792
379130228
343192775
264007534
272192852
404465855
380541747
279567020
297224887
364867273
380541747
67956864
374475203
274541364
364867273
64895561
64929097
352444776
64895561
432711485
64929097
380320666
347563550
