513007864
548666603
589533332
270731734
264667967
589533332
589664742
588041753
607937003
264667967
588041753
341554349
264667967
572495904
588041753
495098863
587628869
548781430
588041753
563788485
606760840
264667967
588041753
605737672
588041753
386052061
588041753
571543759
591960678
605737672
596421798
589533332
588041753
580002129
264667967
563788485
607937003
589664742
588041753
605737672
508692782
588041753
264667967
605737672
588041753
264667967
588041753
561300571
589664742
607937003
587628869
589664742
588041753
493657987
589664742
607937003
588041753
581691390
605737672
563239040
605737672
588041753
591960678
493657987
588041753
605737672
588041753
588041753
588041753
607937003
588041753
610038868
588041753
