564691558
377998055
19806142
284586977
438167956
26677313
30854656
295150425
65116398
38491042
483204574
295150425
35115182
377998055
369469928
22968875
373009747
360761041
420512758
523793730
20263091
284586977
434468676
40121728
303476544
280578110
576879579
420512758
19988840
435733093
33271133
66456577
435733093
312393656
472256237
33504633
385147831
35115182
40121728
295150425
26677313
420512758
293916524
30033713
460190964
435733093
466102321
33268747
30818462
435733093
377940127
30818462
26677313
37198909
30818462
26677313
66456577
421204272
385017584
483595079
367593808
30673855
30818462
38902088
486320783
309110772
30818462
548844627
19806142
456094433
377998055
435733093
309110772
38491042
463075660
30818462
309110772
564691558
500833238
377998055
36724141
30818462
26677313
280578110
377998055
443636402
30818462
26677313
477568778
377998055
388391147
63280686
465808547
377998055
486755202
277854087
30818462
388391147
377998055
28041757
22968875
377998055
26677313
30818462
22968875
377998055
26677313
35115182
28041757
365272063
19988840
463075660
377998055
30033713
591699462
305937689
266160387
377998055
30818462
309110772
30818462
309110772
435733093
26677313
397972007
377998055
280578110
30818462
280578110
377998055
582845803
303476544
22968875
582845803
31924369
33268747
36724141
55715975
435733093
305937689
309110772
463075660
435733093
265059543
309110772
563676842
309110772
309110772
435733093
26677313
30818462
376428453
20356143
26677313
295150425
284586977
31730389
30010198
377998055
360723596
24953303
38491042
30010198
66746281
35650985
40121728
329451225
265347991
24395261
30818462
22968875
465725779
317966376
336317604
22968875
318494480
67939721
66746281
290058330
358240108
62954013
463822295
443636402
30854656
420512758
309110772
265059543
269694713
316501141
385167083
26677313
22968875
30033713
293916524
384284528
377998055
26677313
327011192
22938808
305937689
441125253
321865454
58229453
269694713
33271133
424024875
30818462
65581548
57376740
264569469
62470533
37403868
372691460
420512758
360789697
266696450
309110772
40774104
356766992
377998055
309110772
19806142
26677313
396221338
309110772
26677313
22968875
377998055
309110772
318494480
428668000
68502843
377998055
266696450
327350970
30818462
26677313
63280686
377998055
439903873
384080958
439903873
39338735
407659930
396221338
355014399
323015765
38728570
407659930
35115182
20791265
279929545
292877302
277136306
434581851
66746281
396221338
26677313
356978012
19713200
30818462
318476231
309110772
26677313
385017584
309110772
30818462
30033713
377998055
269717868
582845803
55715975
377998055
582845803
30818462
55715975
19806142
481380776
20791265
26677313
305937689
21629763
377998055
38491042
24953303
30818462
46278247
22968875
38491042
26677313
40121728
62954013
420512758
30010198
483168266
40121728
303476544
420512758
31879038
284586977
269694713
309110772
41044522
284586977
295150425
309110772
40121728
295150425
420512758
26677313
38915500
435733093
39338735
22968875
26677313
62714655
466102321
433126456
377998055
265091690
355014399
30818462
33504633
35590177
37198909
360789697
435733093
34016920
385274546
60618497
341247099
432784495
19806142
357127560
377998055
20320209
22968875
38491042
30033713
414435473
411874401
22968875
365747792
399319167
424802051
64823972
439226703
306175253
377998055
38491042
420512758
309110772
402297030
362813823
461481441
424741339
395221183
278987789
26677313
22968875
389248601
274976796
277854087
463075660
292351830
462237196
368633983
264453094
26677313
490422107
362813823
377998055
34016920
372631504
404895182
312393656
329451225
367253246
462615293
436205902
30818462
397972007
474671175
377998055
408410016
22968875
377998055
40121728
36832951
485902795
391933665
451287032
310494952
307001012
394936302
362813823
431895533
377998055
400982542
420512758
360789697
420512758
582845803
520956397
377234760
377998055
22906402
582845803
33268747
26677313
38491042
405041655
33322096
31879038
26677313
37068165
62470533
38728570
455117310
26677313
435733093
38491042
316501141
26677313
265059543
20546309
51149621
62954013
283277917
65225703
58229453
435733093
57376740
62470533
362813823
370540011
263560477
372691460
26677313
377998055
344828868
65240942
22968875
460107445
26677313
378915634
360789697
480411044
265155043
359008391
24953303
38902088
64303984
293916524
479751761
377998055
403937573
40121728
316501141
442907557
272163268
372847065
362964496
64708843
68391315
403295419
19988840
403123148
303885608
455267711
363176040
382235966
391085813
52215286
30033713
31879038
454254249
420512758
384661184
22968875
58229453
369248903
371879563
424802051
23475321
30033713
395495976
362183452
382836516
394917268
22968875
488506174
424802051
360789697
396221338
461481441
406387225
324466315
377415498
377998055
275618263
366311238
377998055
404005889
307389034
320947125
473889728
30673855
438574774
466102321
372691460
377590317
28041757
22968875
448721853
393938124
400404293
270582624
316429385
38902088
433636262
20320209
376968740
360331598
40774104
388391147
279929545
390674336
263739133
420512758
263307477
418660942
65411166
34144638
309110772
66746281
396221338
40121728
420254022
480870061
361766394
26677313
268655517
354962308
467120034
340307817
26677313
305937689
439226703
26677313
