29601329
31485683
25869358
424816980
310121553
573312141
57563108
500971622
424816980
310121553
64127378
56574329
389344253
360684587
502203193
392878378
31485683
389344253
455712053
551099099
64127378
31242651
385310633
390158084
531185280
31242651
588401190
387355990
392639344
30728908
56574329
387355990
31485683
56574329
392030916
387355990
573312141
344930708
551099099
387355990
455712053
344930708
551099099
320782204
31485683
344930708
343614339
499557806
27041812
31242651
500526608
566048604
551099099
461025687
499557806
390158084
31485683
503443314
500971622
62355592
560030359
499746154
389344253
551099099
500971622
276360219
31485683
304704611
363634382
588401190
31485683
31193428
68207177
455712053
31485683
557417446
560030359
591620923
392030916
363634382
424816980
461025687
31242651
499557806
66581782
424816980
310121553
455712053
344930708
387355990
389344253
499557806
344930708
353748135
30351752
499557806
310121553
500971622
387355990
66581782
557417446
31485683
580526913
363634382
310121553
25869358
59086512
499557806
25869358
310121553
566048604
25869358
363634382
31485683
503443314
392878378
566048604
557417446
503443314
445881153
481610931
503443314
566048604
499557806
424816980
503443314
557417446
66581782
31485683
501050526
310121553
392030916
500949735
360684587
344930708
557417446
356833615
276360219
360684587
450032660
557417446
363634382
31485683
310121553
450032660
483859256
31485683
392878378
557417446
66581782
450032660
363634382
31242651
363634382
450032660
310121553
497025601
557417446
392878378
392030916
500779780
29601329
51551284
386214018
31193428
31485683
25869358
66581782
551099099
276230456
64127378
62355592
392878378
345600772
386260402
392639344
61432642
429307508
66581782
31193428
327834017
57563108
387355990
343614339
31242651
500526608
476136163
51551284
61432642
359936165
392030916
66581782
389950993
31193428
557417446
480588094
495473326
279982463
31485683
557417446
461025687
390158084
360684587
312258583
386214018
566048604
461025687
62849928
31485683
448968542
553858930
454060935
389344253
461025687
279982463
389344253
392878378
450032660
25869358
372003997
358289443
374605200
392639344
499557806
363634382
56574329
360684587
57563108
349238940
364612205
62595975
461025687
367577334
269047502
557417446
268254333
392878378
392030916
429307508
392030916
503443314
450032660
424816980
503443314
66581782
392878378
387355990
327834017
528205962
461025687
62849928
392639344
356833615
557417446
450032660
389848906
62595975
372003997
503443314
276360219
393874383
450032660
310121553
393874383
410353704
25869358
392030916
68207177
503443314
437433962
393874383
42177952
393874383
503443314
450032660
499557806
450032660
363634382
66581782
367577334
503443314
360278412
62355592
25869358
374605200
392639344
56574329
498645501
25869358
36615240
429307508
345600772
57563108
582985221
62595975
461025687
25869358
31485683
64127378
437433962
387355990
66581782
392639344
327834017
58528070
56574329
498645501
455712053
371283732
476136163
276360219
363634382
374605200
25869358
498645501
551099099
25869358
557417446
327834017
53428136
39591291
389848906
557417446
270599681
346866371
448968542
279982463
452633035
31485683
455712053
68207177
310121553
557417446
503443314
31242651
343614339
392878378
560030359
370154455
395263736
405336167
389848906
66581782
376563013
57563108
392639344
380390628
389848906
310121553
391809177
36615240
356833615
25869358
387355990
386260402
66581782
496036831
503443314
268520283
386260402
461025687
551099099
393874383
386260402
66581782
57563108
387355990
320782204
25869358
358289443
359936165
392030916
499506853
408051331
360278412
25869358
392878378
503443314
360684587
448968542
374605200
498645501
26193216
31193428
461025687
557417446
58528070
372485239
557417446
61432642
450032660
566048604
276360219
392878378
386260402
267271502
346866371
406799256
393874383
392878378
557417446
406720343
380390628
393874383
360684587
392030916
393874383
392878378
557417446
392878378
393874383
389848906
557417446
392030916
25869358
310121553
392878378
557417446
393874383
25869358
392030916
388969338
393874383
557417446
393874383
392030916
450032660
393874383
62355592
450032660
393874383
557417446
450032660
393874383
498645501
450032660
393874383
31193428
56574329
387355990
276360219
26193216
346866371
25869358
557417446
270599681
391809177
66581782
392639344
33262266
401045067
27669177
377160386
557417446
59086512
62355592
392878378
557417446
68207177
374605200
386214018
476648710
66581782
392639344
356833615
461025687
42177952
31485683
386214018
368744383
384662537
346866371
373138971
566048604
397928074
64162773
56574329
58528070
25869358
551099099
389344253
450032660
349238940
393370463
392030916
66581782
312258583
31242651
345058563
392881436
27726914
68207177
66581782
388475254
386260402
366582974
61151498
557417446
528205962
461025687
392030916
448968542
461025687
341025350
379792333
519786509
461025687
377692317
397588754
370154455
377411144
384662537
345600772
341025350
391809177
565650239
498645501
557417446
397928074
386260402
25869358
392878378
265977628
437433962
31485683
56574329
387355990
53382492
57563108
360684587
503443314
66581782
367577334
388683331
360278412
389344253
374605200
263514089
385198932
481610931
392030916
503443314
360684587
454616666
385454437
372485239
392030916
392878378
367577334
395263736
389848906
276360219
346866371
344930708
374605200
388969338
276360219
389848906
360278412
389848906
498645501
557417446
360278412
392878378
389848906
386967865
346866371
392878378
406799256
310121553
393874383
386260402
557417446
365373904
25869358
392878378
389848906
450032660
58528070
392639344
360684587
393874383
391809177
450032660
392030916
429876323
267271502
393874383
392639344
459900817
557417446
374605200
380390628
557417446
395263736
36615240
388969338
450032660
393874383
380390628
374605200
66581782
25869358
310121553
388969338
66581782
386260402
25869358
389072514
66581782
27041812
327834017
378303602
33262266
476136163
499547718
434336413
62595975
33262266
392639344
390158084
549303849
279982463
268520283
496042278
388683331
498645501
389950993
461025687
325592246
450032660
66581782
392878378
42177952
503443314
349200925
66581782
31485683
346866371
392878378
327834017
437722551
392878378
557417446
64127378
527408786
392878378
66581782
31485683
499746154
461025687
391809177
422989672
