264983778
56449400
286885131
266364240
51524198
56449400
428941946
334293062
56449400
51524198
264983778
431712808
56449400
51524198
552524997
264983778
316713894
56449400
266364240
326322719
56449400
264983778
431712808
56449400
50384020
576297935
420192168
333834867
469691558
65189905
51524198
439871847
428941946
286885131
469691558
431712808
428941946
264983778
428941946
50384020
428941946
453517847
316713894
361356778
431712808
420192168
440788678
441409628
428941946
334293062
428941946
56094772
334293062
428941946
420192168
437189159
576477708
379779865
65189905
334293062
266364240
