29985397
317971123
332920384
22553729
24390248
31573452
303919599
22553729
356008082
24208041
350875836
508225884
400835896
326423917
22553729
332920384
400835896
27720912
332920384
22553729
554207161
322476717
388998612
330722206
425338758
589985425
372720898
23386124
379036985
345964735
408469935
22553729
528430804
356008082
528840727
332920384
508225884
494686412
400835896
554207161
305257945
508225884
400835896
554207161
488353876
400835896
316961572
554207161
34440847
390649412
25630563
400835896
332920384
357517786
454204660
508225884
25626767
400835896
36520493
395239022
268184267
400835896
591944347
25626767
306857596
463249599
508225884
400835896
28692414
591995386
488353876
548839658
488353876
494887009
555442851
21749830
364543654
25630563
508225884
430412663
488353876
459161406
488353876
25630563
400835896
25630563
400835896
27360577
22553729
25630563
400835896
488353876
46913716
31573452
353588493
332920384
425824602
400835896
21749830
488353876
610790620
400835896
460286279
488353876
400835896
30110668
28807163
25630563
305257945
28807163
353588493
25630563
488353876
429839859
28807163
22316580
25630563
356008082
28807163
25630563
526472027
28807163
25630563
305257945
28807163
19842253
25630563
28807163
457969030
457955465
425338758
305257945
22553729
457955465
324330588
24208041
22553729
23013840
432628396
332920384
30768527
27720912
429532219
23386124
311689403
492326462
27720912
332920384
508225884
21070444
308861036
27360577
34620155
25630563
24208041
508225884
25626767
30768527
508225884
26558229
25626767
356008082
28692414
332920384
429532219
356008082
22553729
21749830
305257945
25630563
508225884
27720912
34440847
332920384
25630563
25630563
22553729
25630563
34267317
316961572
528094958
528650634
21749830
463836597
400835896
488353876
488353876
30110668
28807163
400835896
28807163
28807163
348512889
25630563
28807163
31573452
25630563
25630563
25630563
28807163
592023969
25630563
22316580
28807163
25630563
332920384
388998612
350875836
356008082
46913716
400835896
376551101
499639799
27720912
388998612
23386124
311689403
41152804
491959710
508225884
400835896
459161406
333206630
313118596
25630563
327124000
470786962
508225884
25626767
266900810
508225884
25626767
454034444
27360577
28692414
326423917
380691365
22553729
326423917
40633094
40633094
43486880
21749830
67907495
508225884
400835896
25630563
391310600
488353876
390649412
25630563
488353876
332920384
67907495
422802552
25630563
404736413
25630563
332920384
586457411
21749830
400835896
460152799
400835896
488353876
28398892
30110668
27720912
28807163
317467549
28807163
28807163
25630563
28807163
25630563
25630563
25630563
28807163
488353876
25630563
429839859
388998612
20978775
332920384
287264197
330706211
551808208
420652488
22553729
264185461
378263370
339769818
332207192
332920384
21070444
390649412
37356907
27720912
264757849
289072272
441010088
430087342
23386124
305257945
30999256
29985397
426328771
332920384
61243258
457955465
446784572
322354473
360717956
24996107
323961436
27360577
428986334
25630563
493947057
25626767
516437333
450909341
436254751
25626767
67907495
319100457
28692414
319779910
332920384
488353876
362541734
325451593
400835896
308246774
353588493
21749830
364543654
332920384
508225884
25630563
355244050
25630563
511724654
488119474
400835896
25630563
476702385
25630563
371213024
371213024
393325562
21749830
67019108
591984024
522462760
389564831
355244050
32274194
30110668
27360577
28807163
28807163
305257945
28807163
25630563
28807163
25630563
25630563
483901777
28807163
25630563
57079169
22316580
27720912
390649412
313291923
363790930
400835896
332920384
424858522
22553729
423266521
22553729
354495074
30768527
24208041
400835896
390649412
374165446
430087342
297337247
23386124
22553729
329119620
396540949
21734370
488353876
36520493
49012099
555442851
285815916
314003449
424895753
428476656
424568997
25630563
589754861
25626767
356008082
317971123
433288644
36520493
340278549
426912833
25626767
377795146
377795146
328696703
28692414
499416310
