298600925
317440848
61108190
464996660
20623307
48084930
377305950
61108190
269935433
304529389
61108190
285470146
41092912
317440848
308116322
298671029
304529389
39837660
464996660
304529389
40960507
386140147
67436172
304529389
406114104
47493921
304529389
298600925
304529389
340435919
67436172
47628740
298350064
446669832
304529389
61108190
298671029
383022832
304529389
557458347
264237205
361843785
286549693
61108190
388814725
304529389
386140147
308116322
286472333
35413178
386140147
39837660
304529389
583299693
40443107
304529389
304529389
276258835
327971407
324120915
41715120
67436172
477861961
304529389
61108190
289606006
325806445
304529389
61108190
546654736
303914619
464996660
462194833
331510637
321800251
27125010
40553581
24906750
360966635
286542738
464996660
67436172
20134634
39837660
420683729
20623307
266393970
285470146
67436172
304529389
277478857
50619965
67436172
20883262
420844224
277478857
20623307
304529389
310025624
28054760
304529389
310025624
67436172
285470146
33043637
276258835
464996660
304529389
64460948
67436172
448747457
420844224
28540691
286751830
286549693
317463745
298600925
304529389
446669832
49725911
304529389
360101714
39837660
308116322
546654736
61108190
308116322
67436172
304529389
49570354
304529389
61108190
47628740
304529389
26241077
61108190
420844224
67436172
304529389
39837660
464996660
304529389
310025624
67436172
286830175
379976657
462194833
67436172
285470146
52150816
464996660
67436172
67436172
464996660
308116322
67436172
386140147
48084930
296527156
304529389
464996660
398476014
39837660
308116322
464996660
464996660
386140147
61108190
349814558
19629366
67436172
464996660
446669832
304529389
67436172
318537981
304529389
20765977
464996660
67436172
264237205
325806445
464996660
38067489
446669832
304529389
317463745
388814725
41715120
20623307
28054760
557458347
420844224
61108190
28054760
557458347
285470146
327971407
317440848
383022832
20623307
52143579
36864253
263574665
39837660
384159573
299946759
61108190
23530981
40112599
386140147
298600925
304529389
58858074
420844224
304529389
58858074
310025624
304529389
58858074
529243458
67436172
304529389
297950018
67436172
546654736
334142396
46117720
285189848
266174526
67436172
40553581
39837660
298600925
40112599
40553581
308099622
317440848
58858074
294975692
67436172
305555486
591973585
294457377
332005632
464996660
304529389
464860633
390603024
67436172
342868412
40553581
464996660
67436172
39837660
321475794
590330482
61108190
298725910
20623307
400876780
462194833
420513477
386140147
557458347
67436172
298725910
590330482
464996660
47655373
320962904
326248415
544025777
67436172
61108190
335788118
67436172
50274987
278275213
288762988
464996660
304529389
39837660
320607306
464996660
24906750
406553259
464996660
308116322
557458347
39837660
464996660
464996660
304529389
67436172
464996660
294174357
67436172
301260001
386140147
441100988
464996660
38067489
285470146
50588293
48185247
464996660
67436172
464996660
287113733
464996660
464996660
304529389
464996660
67436172
304529389
298600925
386140147
464996660
342868412
464996660
420844224
420683729
464996660
50274987
391421844
266393970
464996660
57835046
317440848
369721200
596848321
304529389
61108190
464996660
67436172
355734619
40390300
298600925
61108190
304529389
67436172
61108190
337005138
67436172
366827352
317440848
386140147
67436172
304529389
67436172
386140147
464996660
39837660
264878067
67436172
39837660
304529389
39837660
39837660
304529389
