312729779
387338561
312480956
369988937
366134606
312729779
312480956
574599824
366134606
578326364
22789920
585115518
314190449
67879723
389701976
585115518
41679812
366134606
312480956
41679812
266641631
578326364
312480956
389268944
67879723
583910350
281248326
307851940
582138418
387724246
583910350
521366081
268393440
388140837
366134606
387338561
312829330
389883221
387724246
443569703
22789920
318061699
524805867
373441114
268393440
312480956
525939938
307851940
67879723
373515939
318061699
524964554
314190449
388337242
387724246
312480956
366134606
67879723
585267100
525939938
387724246
28164222
387338561
67879723
374378333
585333646
307851940
312480956
41679812
374378333
521823290
592135725
387724246
585919364
379870499
450929497
592017071
266641631
585115518
378990744
387724246
314190449
328807513
450648100
373587973
588621500
67879723
389268944
373441114
457466071
269411967
389701976
314190449
67879723
517192649
525207496
443569703
28164222
389701976
389701976
292793188
28164222
