435511979
492255239
438611108
510566054
435511979
566536831
607941533
510566054
435511979
566536831
492255239
339343703
510566054
566536831
492255239
438611108
463844472
492255239
428270545
492255239
438611108
465918116
492255239
438611108
482244299
566536831
446892877
492255239
435511979
492255239
435511979
510566054
435511979
435511979
435511979
566536831
435511979
435511979
435511979
465918116
435511979
565656655
607941533
435511979
566536831
566536831
435511979
566536831
492255239
566536831
435511979
566536831
435511979
463844472
