33035103
417995442
426009598
33035103
417995442
426009598
56084219
33035103
417995442
426009598
33035103
417995442
33035103
417995442
33035103
417995442
33035103
417995442
33035103
417995442
33035103
417995442
56084219
33035103
417995442
33035103
417995442
33035103
417995442
417995442
33035103
417995442
496355617
33035103
417995442
426009598
496355617
417995442
417995442
417995442
417995442
417995442
417995442
417995442
417995442
417995442
417995442
417995442
417995442
417995442
417995442
417995442
417995442
417995442
417995442
417995442
417995442
417995442
417995442
417995442
417995442
417995442
417995442
