588305587
36952794
486363539
585253612
28680596
590881454
329039767
506911364
24609884
452152870
28680596
22703397
537665149
287234343
335957333
30255059
537665149
335957333
452180773
588305587
287234343
335957333
265798971
28680596
277453689
335957333
550101357
28680596
277453689
36757951
335957333
28680596
277453689
506911364
335957333
28680596
591524551
335957333
588305587
589552022
335957333
571174168
28680596
335957333
329039767
335957333
30255059
335957333
269075426
520789567
452180773
335957333
581122378
588305587
335957333
551212915
335957333
551212915
335957333
28680596
22848916
335957333
412454817
28680596
278266517
335957333
287234343
478996294
537665149
335957333
19777533
335957333
335957333
28680596
537665149
335957333
335957333
497950116
335957333
277453689
434202243
581122378
335957333
335957333
537665149
335957333
571174168
28680596
335957333
590761005
335957333
335957333
564566771
583897672
434202243
335957333
591799500
506911364
335957333
277453689
335957333
588305587
335957333
335957333
24722238
589720665
335957333
335957333
335957333
335957333
589515813
335957333
20352200
335957333
573109223
452084269
22848916
20245881
20512575
25839643
24002645
329039767
349754466
28680596
352181077
30255059
452084269
334508266
506911364
30255059
588305587
335957333
571174168
335957333
349754466
22703397
28680596
335957333
446476949
55031659
527890441
28680596
329039767
277453689
391955285
431948771
32033045
23837461
335957333
329039767
506911364
344557524
335957333
277453689
335957333
335957333
33259077
335957333
434895285
22848916
377169639
264471201
578668693
335957333
264739201
452180773
19777533
335957333
263898384
581122378
589552022
335957333
277453689
27687452
381766458
389247343
335957333
335957333
581122378
277453689
338594721
329039767
571174168
571174168
361402147
506911364
279716283
301278334
19824773
41405965
506911364
506911364
30255059
352163767
506911364
28680596
361402147
287234343
28680596
323502983
20352200
36757951
28680596
581122378
335957333
277453689
335957333
277453689
263898384
28680596
277453689
277453689
277453689
277453689
335957333
506911364
335957333
277453689
551212915
52156380
63779462
277453689
41405965
277453689
452081496
335957333
452180773
588305587
361402147
335957333
277453689
335957333
22703397
506911364
277453689
277453689
335957333
277453689
335957333
361402147
30255059
277453689
20352200
506911364
20352200
361402147
335957333
506911364
551212915
506911364
506911364
277453689
571174168
361402147
335957333
374464980
329039767
28680596
20405091
583897672
62080673
417501057
22501262
329039767
277453689
361402147
22703397
335957333
20352200
21985571
24020950
24466229
277453689
417501057
20405091
335957333
361402147
24466229
277453689
335957333
506911364
277453689
277453689
452180773
277453689
277453689
277453689
277453689
20423593
301390603
277453689
28680596
277453689
361402147
335957333
277453689
506911364
335957333
452180773
277453689
335957333
277453689
277453689
551212915
20649662
335957333
486363539
361402147
28680596
506911364
36757951
335957333
431841424
506911364
277453689
287234343
506911364
335957333
282832807
506911364
22848916
24350155
28751705
444260695
20362521
534535682
31643092
20512575
335957333
28680596
21190255
452180773
301278334
28680596
323502983
20245881
263898384
317782786
505667826
329039767
486363539
22703397
61731509
24609884
66585560
431948771
323478981
571174168
277453689
335957333
24167630
24466229
34677784
28680596
505667826
453532339
28680596
21993278
20512575
20649662
28680596
67302563
20512575
22703397
277453689
361119752
62080673
478996294
28680596
37251315
452180773
420431623
350744127
335957333
452081496
361402147
329039767
417501057
28538274
452081496
63779462
62080673
30255059
323502983
