443327960
460044722
595193334
281721722
460044722
500206972
281721722
281721722
460044722
490171112
460044722
441180914
460044722
440235691
476465050
460044722
440235691
460044722
441180914
476465050
595193334
460044722
441180914
460044722
460044722
460044722
461072928
500206972
460044722
460044722
440235691
460044722
460044722
500206972
460044722
460044722
460044722
460044722
460044722
460044722
460044722
460044722
460044722
460044722
460044722
460044722
460044722
460044722
460044722
460044722
460044722
460044722
460044722
460044722
460044722
460044722
460044722
460044722
460044722
460044722
460044722
460044722
460044722
460044722
460044722
460044722
460044722
