591312865
591146689
557600073
585008573
591312865
589671214
462748133
571807772
574000116
591312865
591146689
590915411
590744050
583294094
608443437
278712249
569042768
590746273
565119295
268078103
610807714
582498339
571807772
587177332
590847000
571807772
591312865
581246749
558312476
571807772
278712249
557600073
586907557
470873369
571807772
557600073
591312865
585693708
587696443
583294094
590182103
590746273
445383290
571807772
581246749
579037511
445383290
576636648
557600073
571807772
590182103
582498339
557600073
565119295
571807772
582662959
569408745
583294094
565119295
571807772
363804778
558312476
569408745
565119295
571807772
479106140
598971517
565119295
571807772
585693708
590492342
590847000
571807772
433974158
578349953
583294094
571807772
569186674
591146689
569408745
590182103
571807772
479106140
571807772
463432278
479106140
583883324
575899618
590847000
479106140
569408745
571807772
557600073
592244719
582498339
462748133
590182103
571807772
579037511
587177332
575899618
590065387
604592470
583294094
343647357
590065387
571807772
587177332
565119295
590182103
585131423
591102347
588530856
610197000
597349319
565119295
583373797
582498339
583373797
579037511
590847000
581246749
565119295
582498339
579037511
592244719
583373797
583294094
574000116
575899618
558312476
583373797
603753581
588040470
558475704
592244719
565119295
581246749
603753581
591146689
590746273
565119295
571807772
590847000
598971517
583294094
588474503
