361696784
20491395
24143540
28501763
545687441
22990727
442112808
20120870
465191800
472960059
20756819
541873642
491042752
20206472
24969863
39527277
307414014
21179421
288931094
26133085
562749428
491042752
288931094
550562313
399796548
22990727
40336516
562749428
565047944
442112808
19708222
399796548
37626338
19708222
582068636
571863674
39172510
506132203
471564669
359891856
513844521
39172510
345730439
478983270
35199691
464836935
22990727
359891856
419810079
345730439
355948215
22990727
319571270
482115031
19708222
372518377
21974503
288931094
465191800
20078386
21974503
28720296
434431161
303638195
362173440
401345186
24617210
582068636
472960059
63321463
399796548
543632476
47501837
419872024
63321463
25714673
550562313
442112808
20756819
21241982
442112808
399796548
28453136
472960059
288931094
465191800
288931094
319571270
19593878
26568157
465191800
448727550
543632476
442112808
389190939
448571363
288931094
443242675
22842373
565047944
288931094
38118961
19708222
419137212
507147774
288931094
465191800
565047944
550562313
400059144
39172510
385837569
486201813
472960059
465191800
399796548
19708222
422036832
442112808
359891856
19708222
472960059
465191800
472960059
472960059
22095511
472960059
267981914
464252919
399796548
472960059
20491395
22977500
550562313
465191800
565047944
472960059
442112808
506132203
19708222
562749428
20756819
39172510
20341220
471564669
19708222
22990727
442112808
465191800
22990727
21179421
29289697
37626338
442112808
407799857
22095511
486201813
361104975
307414014
442112808
22990727
345730439
307414014
39172510
21974503
24969863
39172510
428096315
448571363
21491622
33689234
359891856
473214694
471564669
465191800
471564669
474743893
39172510
35199691
288931094
465191800
452800388
345730439
399796548
343032072
550562313
442112808
20491395
354743326
381141493
390968460
403091232
46310016
472960059
550562313
39172510
33689234
19718644
465191800
442112808
440851436
491042752
345730439
368360505
374040478
463848653
24969863
24969863
473214694
39172510
419810079
39172510
565047944
270827637
472960059
39172510
472960059
473214694
400059144
565047944
39172510
39172510
472960059
472960059
39172510
22095511
472960059
550562313
463848653
39172510
39172510
472960059
419810079
492541571
28720296
442112808
39527277
360804012
470974242
390578190
506132203
442112808
22990727
21179421
20756819
273511419
39172510
28720296
404181988
47501837
20756819
390386516
398968942
22990727
307414014
354743326
364916843
39475474
395900706
434431161
307414014
472416724
19708222
38118961
442112808
34037179
52489879
565047944
345730439
465191800
26133085
506132203
361104975
288931094
345730439
515790529
33689234
471564669
442112808
345730439
40336516
523554295
362173440
442112808
473214694
378248733
307414014
19718644
486201813
378248733
21974503
468596015
22095511
307414014
34037179
345730439
442112808
39172510
319571270
378248733
46310016
571863674
345730439
24143540
307414014
419872024
39172510
471564669
343032072
40336516
442112808
63321463
40336516
378248733
442112808
470974242
550562313
506132203
388757909
20289679
419810079
486201813
381036702
288931094
364916843
378872174
506132203
19593878
378248733
506132203
389190939
21507351
328967494
39172510
506132203
345730439
388757909
419810079
363867089
465191800
22990727
550562313
39172510
339971909
345730439
465191800
473214694
506132203
39172510
389190939
429610459
517701540
541100545
345730439
442112808
19670755
39172510
359745709
19708222
39172510
374040478
374600726
472960059
39172510
266183967
39172510
472960059
473214694
374040478
39172510
419810079
40336516
39475474
478983270
40336516
39172510
492541571
472960059
355948215
39172510
515790529
419810079
472960059
19708222
33689234
52489879
434634682
362177950
399796548
28501763
472960059
22990727
374040478
472416724
40336516
26694202
446081709
463848653
33689234
26133085
21179421
42372696
266692859
506132203
517701540
361104975
436446190
436195496
35199691
20043409
571863674
442112808
401345186
40336516
319571270
343032072
19708222
476146229
472416724
46310016
402910089
22095511
453638377
492886945
419810079
20491395
442112808
21507351
40336516
472416724
361268002
442112808
404181988
47501837
362173440
270827637
442112808
359891856
46310016
456017468
442112808
569242420
21241982
330911273
46310016
40336516
288931094
410763762
40336516
39172510
24969863
388757909
19708222
20756819
28720296
58335732
63321463
34673488
456696918
398968942
47501837
58326267
388675663
506132203
39172510
472960059
390519387
355948215
410763762
39527277
21179421
52489879
517701540
28720296
472175253
442112808
39172510
472960059
550562313
330911273
417862316
345730439
28720296
407799857
368360505
46310016
345730439
45487532
451647382
422349689
345730439
465191800
473214694
574734779
472416724
388675663
383286431
404181988
464836935
389190939
354929861
440851436
368360505
19670755
345730439
374040478
20756819
345730439
39172510
19708222
486201813
364916843
492669799
506132203
328967494
374040478
363105918
472960059
22990727
486201813
378248733
492541571
399796548
506132203
374040478
442112808
359891856
400059144
39172510
491042752
400059144
31152562
364916843
472960059
473306533
355948215
39172510
378164449
39172510
404065598
565047944
378248733
419810079
491042752
39172510
399796548
562749428
419810079
472960059
562749428
399796548
374040478
21179421
39527277
550562313
21179421
47501837
19708222
21179421
39527277
399047093
19593878
40336516
374040478
471564669
517701540
28720296
566406357
46310016
19708222
550562313
471564669
37626338
561181292
20756819
364916843
471564669
452689702
470974242
39172510
46310016
442112808
506132203
471564669
440851436
22990727
471564669
39172510
19718644
39527277
442112808
384272418
39172510
44137386
21974503
442112808
364916843
464904070
545312866
49179459
359745709
472416724
46310016
26121919
403147251
354722194
39172510
404722108
506132203
329410271
19593878
442112808
22990727
21241982
398968942
368360505
486201813
46310016
571863674
448727550
377742664
353795077
40454128
63321463
