24002869
26075764
29726933
24011951
24003361
42523958
26075764
24011391
26625828
27478768
23980500
34701537
30891873
30491658
26075764
42523958
349715567
28534732
30170337
38746019
344347572
34701537
28333698
27685255
26091096
24002869
30891873
30170337
29726933
348722086
24005054
24002869
27478768
28898340
544962760
24227695
24003122
24002869
26055874
24002869
544962760
26613212
36944047
28053760
348266581
36944047
28534732
348266581
24003361
38746019
38746019
26086813
349715567
24002602
30891873
28898340
344347572
28898340
26081869
26075764
30170337
345332783
28374917
28374917
344347572
64161202
