329406232
501428877
350565885
495545607
560933350
501428877
495545607
342025747
501428877
342025747
558531721
539637355
329406232
501428877
472983175
501428877
501428877
495545607
501428877
350565885
539637355
501428877
350565885
329406232
501428877
560933350
350565885
501428877
539637355
501428877
447370068
539637355
350565885
342025747
539637355
342025747
495545607
342025747
539637355
350565885
539637355
342025747
350565885
342025747
350565885
472983175
342025747
472983175
539637355
472983175
405541205
350565885
501428877
