455900961
476322894
450871687
542041784
542041784
542041784
505078022
502625679
542041784
525194638
528598497
525194638
528598497
521756153
516931517
492269557
516931517
412164427
525194638
516931517
411498971
412164427
516931517
492269557
460845187
516931517
337736001
462269555
516931517
460845187
458418767
450871687
462269555
476322894
437788533
458293545
450356484
476322894
460845187
458450308
455900961
450889341
450889341
338057746
337736001
337736001
338057746
337736001
337736001
338057746
337736001
337736001
338057746
337736001
337736001
338057746
337736001
338057746
338057746
337736001
337736001
337736001
337736001
337736001
337736001
337736001
337736001
337736001
337736001
337736001
