59541224
590350890
23902574
366274367
590350890
474311406
366274367
590350890
590350890
438416300
22088907
378086548
590350890
23902574
22088907
59541224
590350890
23902574
590350890
394767084
374251017
590350890
379294839
59541224
590350890
407197017
22088907
590350890
27454652
590350890
371147662
23902574
590350890
35831904
22088907
590350890
23902574
590350890
559329558
590350890
23902574
483782682
590350890
560929314
590350890
22088907
363973880
590350890
468923439
590350890
559329558
590350890
590350890
22088907
554825014
263720932
590350890
22088907
590350890
559574313
22088907
590350890
559329558
590350890
391895792
559558523
35831904
590350890
559329558
590350890
23902574
590350890
559329558
23902574
590350890
559574313
590350890
590350890
23902574
22088907
590350890
559558523
590350890
559329558
590350890
560929314
590350890
559664079
559329558
559639903
560929314
22088907
559329558
590350890
59541224
35831904
35552803
22088907
59541224
438416300
590350890
378086548
59541224
23902574
27201109
22088907
378086548
379294839
366274367
23902574
407197017
371147662
590350890
559329558
477445176
590350890
264000935
560929314
468923439
590350890
366274367
559329558
35831904
554825014
27201109
559574313
559329558
559558523
590350890
559329558
590350890
559329558
23902574
559574313
486197046
559558523
371798015
559329558
590350890
560929314
22088907
559664079
559329558
