391991742
22231558
388969338
389344253
391991742
483812082
22231558
30728908
389344253
391991742
483812082
22231558
598605724
389344253
483812082
22231558
389344253
483812082
22231558
53428136
391991742
483812082
22231558
389344253
30728908
483812082
22231558
577721521
30728908
564085730
22231558
389344253
22231558
428474186
408051331
22231558
391991742
389344253
391991742
22231558
389344253
389344253
391991742
22231558
408051331
22231558
389344253
22231558
22231558
391991742
483812082
598605724
22231558
519177885
483812082
22231558
388969338
483812082
22231558
483812082
564085730
22231558
389344253
22231558
483812082
391991742
483812082
22231558
388969338
30728908
22231558
22231558
590689713
388969338
22231558
22231558
519177885
483812082
22231558
22231558
389344253
389344253
22231558
389344253
590689713
22231558
483812082
483812082
388969338
272406075
387965614
483812082
499769457
564085730
560106334
453412547
408051331
483812082
