19552345
19707567
23210530
304248504
315042816
304248504
23210530
425245076
304248504
48995850
463858898
425245076
304248504
23210530
52250891
380666074
304248504
515749022
308113216
23210530
304248504
19723487
538823992
23210530
304248504
275878535
23210530
304248504
515749022
397823879
23210530
304248504
304248504
397823879
19707567
304248504
39849234
23210530
304248504
304248504
20118431
591712349
304248504
269653958
304248504
515749022
304248504
304248504
23210530
572946338
23210530
20118431
19707567
23210530
304248504
515749022
538823992
23210530
304248504
23210530
23210530
304248504
23210530
23210530
23210530
23210530
304248504
591712349
23210530
304248504
23210530
19707567
304248504
23210530
515749022
304248504
304248504
304248504
23210530
