486014081
62954760
431696195
430644372
467245680
411801648
470015739
411060043
359023887
421061154
393787974
37282706
327899138
36453675
406398542
333298968
335434365
424950197
357437832
19765509
27428612
21478841
327899138
411990179
357437832
444612630
22043338
384044907
23834413
469287592
358890610
25529377
411991581
411992204
479863950
27548297
24732665
411992204
470015739
269039952
24458362
383554737
269070103
349390899
411992204
24458362
22036833
411990179
376418011
369142881
269039952
411990179
425705996
385762218
384955609
269039952
269070103
369142881
444200056
269070103
373863341
448747714
335434365
343539422
369142881
327899138
425705996
269039952
485114158
357437832
19765509
383615458
427095722
411990179
405521075
21483521
369142881
24732665
56184140
28311690
25529377
62954760
369142881
327899138
572629574
341219106
22043338
369142881
19821510
425705996
337962369
408836196
342182450
425705996
327899138
24458362
456208382
559385667
425705996
350585580
554773195
411989333
411990601
327899138
352605250
369142881
366232461
25529377
342182450
482775701
399964412
411992204
425705996
19949508
449829399
562135901
27548297
562135901
470015739
28311690
22043338
425705996
22043338
337922138
562135901
22043338
487035796
337922138
487035796
420041524
22043338
337917271
369142881
411991581
19765509
337962369
269070103
35597418
57272673
327899138
349438282
430241841
456622385
25529377
327899138
57272673
394269220
411990179
485734099
470015739
21282093
23834413
391432314
358909794
398087920
411991581
411992204
364279082
27548297
419670223
411992204
449638556
24732665
470015739
369142881
24458362
394724888
374865853
411992204
372484567
24458362
22036833
389482315
424950197
56184140
411990179
374221102
369142881
390952417
482766570
25529377
411990179
475003823
459372172
25529377
470015739
428229805
343653382
401866848
434257053
359023887
21369439
327899138
20269059
