524527955
519545223
535319277
524752169
524527955
439399703
594175006
600011136
519545223
439399703
503367869
524527955
519545223
535319277
439399703
535319277
503367869
439399703
535718153
522667305
503367869
439399703
503367869
503367869
439399703
531606601
439399703
430488306
535319277
503367869
581150306
503367869
430488306
503367869
524752169
503367869
594175006
503367869
430488306
439399703
503367869
430488306
439399703
503367869
503367869
503367869
535319277
595291760
503367869
535319277
531606601
503367869
439399703
503367869
535718153
503367869
535718153
439399703
439399703
439399703
