22029844
20584910
20718594
379841571
22029844
21169969
379841571
22029844
295207756
379841571
22029844
55319408
24565379
444750411
379841571
22029844
21396127
24410239
271104455
379841571
22029844
52719558
379841571
22029844
295207756
444750411
358290266
379841571
27640440
295207756
379841571
295207756
51932364
379841571
297542961
379841571
22029844
295207756
379841571
33659375
295207756
20718594
379841571
33659375
295207756
379841571
295207756
297542961
379841571
295207756
19824988
379841571
461978063
295207756
27567987
404664059
379841571
295207756
379841571
31322643
461978063
41590096
379841571
295207756
19824988
461978063
379841571
22029844
26117150
41590096
