467528132
363933894
34116088
350386598
506166712
429347879
373191188
591585799
34116088
284458888
492179623
467528132
520519063
34116088
467528132
561708994
488714152
503736498
523042835
431341009
417269290
591585799
467528132
284458888
34116088
284458888
467528132
284458888
549104294
284458888
591585799
284458888
523042835
284458888
310029483
467528132
532061302
561708994
494092894
527769421
431341009
284458888
580609539
446504040
487800944
284458888
492179623
586305092
284458888
586305092
576353442
284458888
284458888
527769421
284458888
576353442
284458888
410111080
492179623
580261561
591595105
586305092
420318474
350386598
350386598
591585799
284458888
310029483
520519063
34116088
467528132
561708994
488714152
503736498
492179623
417269290
