530102552
527693709
322588907
490752554
34524899
572528758
383948638
43090103
47994133
567839499
567839499
512363104
582792300
530962029
391477579
573076707
328536461
543455502
591716377
448199380
557672113
409416702
373634136
269234979
503234309
468728723
589627131
584531371
567650719
20514859
328536461
499273325
323776802
558532154
447399493
349144766
534020363
278946958
432679693
530426076
546428518
346548606
574773469
530102552
20687639
485026769
447399493
289831179
485026769
467025617
503234309
448199380
463810828
499273325
328536461
573076707
573076707
278946958
589627131
468728723
377887747
573076707
311047635
27661763
541252392
573076707
499273325
333155252
384979345
278946958
522017600
27661763
381500325
447399493
47994133
468728723
550371862
459106227
567650719
65292290
337024933
328536461
551767486
584008734
584008734
20514859
579118555
535528035
19599617
21991108
328536461
610635663
574773469
503234309
338332830
338065574
526731598
524940974
577631612
27661763
25514416
486711156
526737403
377625157
575462203
328536461
534631262
524093164
551767486
579902705
592130234
306238365
527693709
573076707
513796694
395307449
311047635
47994133
47994133
591716377
579902705
414823633
532944311
591716377
560153058
573076707
573076707
550371862
490362889
526731598
343553080
340901938
560153058
584220196
346146245
584220196
346146245
480243607
381500325
580309917
559232419
278946958
584531371
278946958
591716377
610076115
573076707
591716377
610076115
573076707
319901561
358590192
338065574
577631612
527693709
432405401
586033048
527693709
575462203
328536461
425826085
586033031
20514859
345009794
391477579
19599617
577631612
345009794
395307449
499273325
31985516
345307809
514482463
463999948
552489476
523900047
37407380
542889071
322890022
494942459
264545852
447399493
444802879
301611938
46689265
588438186
490362889
22439878
343553080
490752554
358590192
20514859
330463881
22223369
551767486
542889071
530426076
490362889
278946958
265195379
48780022
308877698
582464615
530962029
463592633
584531371
589627131
573076707
38197259
264151562
280947423
567650719
50422334
516298774
520610632
574773469
542889071
447399493
574773469
559232419
371170003
343607670
328536461
541015090
591716377
278946958
393689216
586348951
47994133
365181936
582464615
48780022
493945950
591716377
339793770
454609237
573076707
448199380
585626625
530102552
498929373
278946958
472483343
485315051
381500325
503234309
278946958
528873871
534020363
459106227
341584064
21991108
65292290
466322218
401933010
584008734
463999948
547338283
545815765
579118555
278946958
503234309
338065574
303000057
574773469
520610632
59323602
493945950
577354740
338065574
499273325
503234309
577631612
278946958
23071730
330463881
278946958
575462203
534631262
575462203
579902705
328536461
586033048
328536461
573076707
436454938
328536461
395307449
503234309
579902705
534707313
264545852
573076707
560153058
535528035
343553080
591716377
534195680
584220196
544718955
339739818
580309917
306429249
453442631
510581025
559232419
530102552
526659226
67422102
499273325
584531371
480280847
584531371
278946958
515707681
533400002
278946958
323776802
485026769
534229396
468873566
278946958
499273325
328536461
551767486
577631612
301611938
341814332
35517257
586033048
303474335
22879912
29966057
20514859
22870541
345307809
278946958
31985516
323776802
29966057
348472561
271812002
496647135
534020363
308820688
483315531
503234309
60581534
475821180
381500325
23113715
578398341
47994133
581213874
20792604
451328788
394960713
391477579
312713692
535008936
20514859
332616966
23071730
548813034
299874774
584531371
20687639
374121629
323776802
277354609
47994133
31985516
467025617
342987734
384979345
494942459
278946958
574773469
309961098
48295199
574773469
47994133
559232419
523759880
573076707
43872909
483315531
585626625
432860132
515145798
510581025
317886531
355085268
580309802
23040459
533993508
377887747
448199380
27791289
457549534
61538334
447399493
322890022
427493953
527693709
530102552
584008734
468873566
314433554
559226874
582792300
503234309
327467231
427181668
579118555
268437711
397275763
534020363
483315531
370862844
574773469
520610632
19599617
351642424
573076707
541283094
409739531
19599617
444240732
459556282
341404103
577631612
278946958
577354740
376340068
466356888
310899054
578398341
575462203
526731598
25514416
571375149
575462203
513796694
538501841
401933010
586033048
358590192
266265673
400883680
299874774
338907201
418856574
551767486
447399493
475821180
393689216
579902705
476456460
517225490
524093164
391477579
340901938
328536461
285784037
584220196
503234309
528873871
48780022
586348951
575506619
19984297
538018446
338065574
580309917
484011756
559232419
48780022
338065574
584531371
499273325
278946958
584531371
328536461
530426076
328951355
577631612
534020363
513796694
586033048
575506619
328536461
575462203
586033031
551767486
325101206
328536461
550371862
360285613
351642424
543758155
463999948
485071671
330324962
47994133
545794788
590131241
525611414
292930442
547540442
37407380
447399493
312235782
322890022
483630341
345963761
475821180
542889071
28651167
502282790
584531371
377625157
331529163
358923275
520610632
311047635
530962029
534020363
533544931
429087460
390701517
369686212
574773469
542889071
381500325
530962029
268437711
31985516
65292290
374394457
436454938
574773469
399981914
559232419
371253605
585626625
27791289
414823633
328697417
358923275
486751181
278946958
580309802
541328373
573076707
499273325
335332938
278946958
475821180
550371862
549813276
341584064
21918467
515035359
328536461
345963761
371933047
394960713
538501841
21232462
503234309
265195379
328536461
584008734
37450345
381500325
391477579
394960713
579118555
506507792
575506619
22712355
574773469
530962029
503234309
535528035
557672113
534229396
332616966
582360510
499273325
586033031
342473577
325101206
577631612
338065574
20514859
584231518
575462203
308020636
277354609
441870259
575462203
308712506
278946958
527643523
35462778
520432873
31985516
385901323
586033048
584702173
19822201
550613338
480223275
20514859
579902705
328536461
312235782
513796694
463592633
339739818
584220196
513796694
529571080
328536461
309702984
28666274
574872080
580309917
586033031
559232419
20792604
479134127
309702984
510210262
584531371
527693709
263445820
573076707
57490085
485026769
447399493
522922163
572528758
288465879
468728723
577631612
530426076
550613338
20514859
526731598
35517257
328536461
575462203
301611938
567839499
20015850
538506922
453267897
323776802
23113715
524093164
278946958
358424399
547096813
515311004
348472561
333916496
538506922
31985516
268278398
370862844
399889629
552489476
30635054
19599617
503234309
278946958
369686212
414823633
555510500
584531371
531332045
534020363
328536461
530102552
550371862
305864449
421436013
285784037
28666274
335270672
342801260
538506922
25261417
280947423
383948638
34524899
574773469
534020363
463999948
574773469
559232419
585626625
338999136
448199380
278946958
501726196
292930442
580309802
20514859
24703715
510210262
328536461
541283094
