454456093
414237192
453304283
428720685
528902992
486789490
428720685
455100006
488336826
486789490
488818232
455100006
453304283
488336826
488228338
449405776
478620877
428720685
488228338
455100006
484159406
428720685
488228338
449559619
478620877
460093863
428720685
414237192
457202656
455100006
462133237
428720685
460093863
446865479
455100006
428720685
453304283
460093863
414237192
449559619
454456093
445888650
447422200
388245318
455369693
454456093
447770751
456951825
449559619
455369693
447422200
447004577
428720685
453304283
454456093
460093863
414237192
454456093
447403031
449559619
453304283
447398827
454456093
447422200
448200204
453304283
449559619
454456093
455126659
448200204
453304283
454456093
440057179
428720685
453304283
449387944
454456093
445888650
428720685
414237192
447918063
448200204
453304283
449559619
445888650
447004577
442030483
414237192
440057179
442030483
445888650
428720685
414237192
447004577
442412514
445888650
428941481
414237192
428720685
428941481
428720685
448200204
426614045
428941481
414237192
428720685
396639958
428941481
414237192
428720685
368355932
428941481
414237192
428720685
368355932
396639958
392424998
414237192
428720685
387125216
394450032
401980289
414237192
428720685
368355932
387125216
394450032
414237192
396639958
387125216
389871486
428720685
400331393
387125216
394450032
394406302
428720685
390519451
385474710
387125216
394450032
428720685
390089676
391024200
428720685
389871486
390519451
392424998
428720685
389871486
428720685
367711669
387125216
368355932
369056224
352964494
30166583
368355932
369056224
428720685
368355932
428720685
359931514
352828169
368355932
352141184
428720685
351078851
368355932
428720685
428720685
458056173
478620877
428720685
455100006
428897719
428720685
488228338
488505925
488336826
488818232
457750842
455100006
449559619
442412514
449714277
488329577
428720685
387125216
455100006
488331513
448200204
488228338
457202656
414237192
488228338
457202656
460093863
455100006
460792921
457202656
458056173
449714277
414237192
455369693
428720685
460093863
453110919
455369693
449697312
447453623
447398827
453304283
455100006
460093863
447422200
469368063
455369693
449559619
460093863
447422200
428720685
455369693
414237192
460093863
455100006
449455287
447422200
414237192
449559619
447918063
445888650
447422200
455126659
447403031
445888650
447401758
454456093
453304283
448200204
447398062
452162914
447007395
449455287
447885175
428720685
442030483
455126659
447918063
449714277
449387944
453304283
445888650
449559619
447004577
455126659
453304283
445888650
449387944
447004577
449714277
442412514
455058579
449387944
447004577
445888650
443611671
428897719
449387944
447004577
445888650
414237192
428720685
449559619
445888650
392424998
414237192
428720685
445888650
437028350
414237192
428720685
434375194
428941481
428720685
426614045
428941481
396639958
428720685
414237192
428941481
428720685
419692867
414237192
428941481
406622731
428720685
396639958
414237192
401980289
401073693
428720685
396639958
387125216
401980289
394450032
428720685
396639958
400330456
387125216
394450032
428720685
396639958
398803110
428720685
394450032
375810008
428720685
394406302
390519451
387125216
393448668
428720685
396639958
393453022
387125216
393448668
428720685
396654420
389871486
392424998
391024200
428720685
393923392
387125216
396639958
390519451
390089676
393448668
393474764
352381482
390519451
393496993
392424998
359931514
390519451
375810008
384572691
372070777
370096535
460093863
462133237
371649482
414237192
35219089
428897719
462133237
414237192
460093863
30166583
455369693
414237192
449387944
448200204
466595718
449714277
414237192
376187549
455126659
453304283
414237192
30166583
26705438
455119669
425475625
414237192
447420394
449387944
455100006
448259890
488329577
414237192
414237192
447401758
455100006
414237192
387125216
387125216
442412514
457202656
448200204
457202656
462158778
457202656
460093863
457202656
454456093
455369693
449559619
457202656
414237192
453304283
447398827
414237192
451794672
443611671
447398827
449714277
414237192
447398062
447398062
448200204
445888650
453304283
449559619
447398062
449714277
445888650
447885175
392424998
442030483
445888650
449387944
414237192
449559619
445888650
394450032
428897719
445888650
447422200
414237192
445888650
428941481
400055587
428941481
400055587
428720685
428941481
396639958
428897719
428941481
414237192
428720685
396639958
428720685
396639958
414237192
368355932
391024200
428720685
408682633
401980289
414237192
394406302
428720685
400378175
387125216
400378175
387125216
414237192
428720685
368355932
394450032
414237192
401073693
375810008
414237192
391932532
394406302
401073693
384491679
388201000
387125216
390519451
393549945
367711669
390089676
401073693
383031865
390519451
389871486
371000432
375810008
371000432
352964494
372070777
359931514
369056224
368355932
366502655
359931514
366540084
368355932
347954158
354641694
368355932
347954158
359513975
351078851
352141184
352381482
353299082
345874104
428897719
453304283
449387944
447420394
478620877
455100006
469368063
462133237
447422200
455369693
454456093
453304283
448200204
414237192
448200204
428941481
428720685
387125216
394406302
385474710
390089676
368355932
387125216
352381482
368355932
368355932
30166583
368355932
368355932
48659618
35219089
33305922
31762662
25098552
24598414
