21040786
28318179
30719854
26896567
42329193
21040786
30719854
26896567
42329193
21040786
28318179
30719854
29294958
21040786
28318179
30719854
42329193
556183975
21040786
28318179
30719854
29294958
42329193
21040786
28318179
30719854
29294958
556183975
21040786
28318179
30719854
492390134
28318179
21040786
30719854
28318179
28318179
21040786
28318179
28318179
28318179
21040786
28318179
28318179
28318179
28318179
21040786
28318179
28318179
28318179
28318179
21040786
28318179
28318179
28318179
21040786
28318179
28318179
28318179
28318179
21040786
28318179
21040786
21040786
21040786
28318179
21040786
28318179
21040786
28318179
21040786
28318179
28318179
28318179
21040786
