548544982
569898604
553114275
548544982
532325752
540493368
548544982
374155867
533140317
477794460
477794460
477794460
477794460
374155867
426457093
374155867
374215375
374155867
374215375
392587839
381620003
374155867
374215375
388140394
374155867
374215375
374155867
374215375
380733776
375646049
374215375
381620003
374155867
375646049
374215375
374155867
375646049
374215375
324945115
374155867
381620003
374215375
324945115
374155867
354842148
374215375
324945115
374155867
343284466
354842148
374215375
374155867
307534769
374215375
343284466
374155867
307534769
344365877
374215375
374155867
307534769
343284466
374155867
307534769
343284466
374215375
324945115
374155867
307534769
343284466
374215375
374155867
307534769
313645758
374215375
324945115
374155867
307534769
313645758
374215375
374155867
307534769
313645758
374155867
307534769
314755283
374155867
313645758
322744649
374215375
374155867
313645758
322744649
374215375
324945115
374155867
313645758
374215375
324945115
374155867
313645758
324945115
313645758
322013463
374215375
324945115
310852751
313645758
317636928
324945115
310852751
313645758
314755283
374215375
324945115
322744649
313645758
314755283
374215375
324945115
317636928
313645758
314755283
374215375
322013463
313645758
310852751
374215375
324945115
315088520
313645758
307534769
374215375
324945115
374215375
313645758
307534769
374215375
324945115
374215375
313645758
307534769
374215375
324945115
307534769
374215375
324945115
374215375
313645758
374215375
324945115
324945115
600367930
553114275
548544982
569898604
423229237
553138475
532325752
553114275
548544982
374155867
532325752
553114275
548851810
548544982
374155867
477794460
532325752
548851810
548544982
374155867
532325752
548851810
477794460
531149861
548851810
344365877
532325752
374215375
530544846
553114275
535580970
532325752
531149861
374155867
477794460
532325752
532347155
531149861
532325752
532325752
374155867
374215375
389377293
374155867
374215375
381620003
374155867
374215375
374155867
374215375
374155867
324945115
374215375
374155867
343284466
313645758
307534769
374215375
313645758
374215375
324945115
327192359
313645758
374215375
324945115
313646351
313645758
374215375
324945115
322744649
313645758
374215375
324945115
322744649
313645758
374215375
324945115
307534769
313645758
374215375
324945115
310852751
313645758
374215375
324945115
310852751
313645758
