532518982
393746851
460705247
532518982
511486731
460705247
532518982
511486731
481058781
532518982
372908607
493484132
372908607
479334548
493509079
372908607
337679629
420907683
372908607
393746851
420907683
372908607
393746851
376281108
420907683
391613152
372908607
384511739
420907683
391613152
372908607
376281108
420907683
372908607
384511739
420907683
337679629
372908607
420907683
337679629
420907683
391613152
346373084
420907683
344886070
420907683
337679629
420907683
346373084
346373084
346373084
