67008546
32079940
530079419
436220397
67008546
530079419
67008546
530079419
345491343
21718597
67008546
530079419
21544783
313849186
370710968
67008546
530079419
386805421
35874016
425469463
408700401
266374218
400427388
302556378
386805421
359935396
386284891
530079419
380788207
357452544
60741670
30605686
530079419
316894934
413926563
405846037
378629664
359935396
530079419
422305832
445279913
359977280
391024947
422305832
357452544
408700401
530079419
21782713
21718597
413926563
413398652
363100146
19636796
363100146
408700401
335769136
35874016
530079419
299767027
21782713
361600969
340453603
268675347
352985678
67008546
60741670
24501563
19636796
21544737
424869754
48088207
353061821
413926563
411797691
20237807
361600969
359977280
566810789
302556378
20118966
359977280
355481061
24752645
21782713
381118295
413926563
381862281
67008546
19764827
363100146
20062642
363100146
450353591
21436955
66054265
268675347
19551824
268675347
448550077
37865484
37865484
24039476
268675347
391435471
37865484
20188404
67008546
20239684
19550235
530079419
19581624
21357427
20237807
37865484
448550077
20237807
37865484
300051855
19604313
445279913
20758264
468472856
445279913
302556378
36715663
19556328
468472856
30605686
447473035
67008546
21782713
20806546
436220397
37395734
300051855
391103653
67008546
20062642
376136604
37395734
19636796
449755785
317531491
397616884
36635445
35874016
472777816
359977280
413926563
445279913
23261456
422305832
67008546
445279913
380214333
316894934
67008546
376189088
356307389
383050041
400427388
355706936
397616884
25503775
363100146
67008546
457121729
422305832
345502407
315293352
24371626
359977280
376136604
20237807
299767027
468472856
370710968
19764827
367429522
54475162
374807124
376189088
300676521
446654383
386805421
426677473
335134767
300051855
28282333
388117430
356371170
424869754
419986532
411797691
20237807
361600969
381118295
268675347
361600969
20188404
363100146
397616884
424869754
52999451
361600969
20188404
267401184
359977280
300051855
422305832
370710968
361600969
411797691
371753608
424869754
445279913
21195965
424869754
376189088
448550077
424869754
361600969
19636796
363100146
316894934
359977280
370710968
335134767
21290061
60741670
508924635
370710968
20237807
316894934
60245708
37865484
359977280
37865484
363100146
19550238
52999451
20237807
268675347
355481061
24407230
37395734
397616884
266159103
397616884
266159103
20062642
21782713
373507839
345490896
330307214
335947103
20714411
400178255
313849186
24988194
29068598
67430733
67008546
336079405
21782713
55274507
302556378
39893330
335134767
391435471
376189088
22483421
381118295
376189088
37395734
263334945
465209817
367429522
67008546
269164407
424869754
338206156
397616884
424869754
67008546
449755785
370257952
376256394
400427388
445279913
395320172
316894934
266159103
400427388
53865586
363100146
376189088
391241568
335134767
316894934
397271262
361600969
427880999
355598268
370257952
300676521
381433621
424869754
335134767
21782713
426452796
361600969
335134767
24501563
376189088
356371170
20237807
376919809
465209817
424869754
294389567
436220397
400427388
316894934
363100146
316894934
361600969
445279913
424869754
376189088
436220397
458828755
361600969
60741670
411797691
399233697
300051855
268675347
370710968
355598268
424869754
