40126184
54856839
31357379
21639915
37991292
40126184
33665184
282050241
21639915
40126184
268423678
30384342
40126184
266831953
21639915
40126184
37991292
370082182
40126184
19907135
334766225
40126184
530121434
49383227
40126184
21425781
434403281
40126184
21425781
402335242
40126184
351604520
63415903
586369045
40126184
342591942
546587281
382961618
363950759
40126184
351604520
360573299
31357379
40126184
301929816
49383227
22529922
584807632
40126184
328426402
588166065
364535126
40126184
360573299
586373270
40126184
589474513
40126184
40126184
37991292
319476852
41663309
290045942
591298493
40126184
392681354
423317406
40126184
402299394
40126184
22529922
40126184
377590317
465576082
40126184
605954137
40126184
586373270
40126184
586373270
40126184
31357379
408897310
420058581
266831953
40126184
318891799
586369045
605954137
290464724
427556493
21269829
605954137
22294710
21269829
375091269
605954137
605954137
268370643
382961618
21639915
397660448
605954137
40126184
605954137
62518011
342591942
462162517
61972456
21465143
37991292
369092595
40126184
370204805
21639915
21425781
40126184
399089009
360573299
40126184
20024582
41663309
336711941
282050241
40126184
268426890
391982230
19932570
40126184
22529922
452502363
269256858
588166065
392816605
409795913
21425781
282050241
49383227
19907135
409795913
393675995
309743882
363950759
40126184
35281326
373925872
306934044
40126184
380429776
364535126
21639915
40126184
52354494
382961618
40126184
289127162
399089009
407145691
439383927
588166065
40126184
301929816
21639915
454559102
392816605
382961618
40126184
415601607
389440152
54856839
312058702
40126184
21975834
408897310
409795913
309743882
40126184
40126184
319476852
360573299
54266380
40126184
359182656
605954137
29535154
40126184
289127162
364533701
19932570
437058230
429084895
31357379
371613059
467933379
266339976
362189153
360573299
40126184
311325388
310566502
311905869
22529922
40126184
586369045
65634831
403577921
40126184
484055521
334766225
326250166
586369045
40126184
268370643
309743882
40126184
21425781
417139971
40126184
282050241
430514980
586369045
40126184
40126184
21744909
26190511
431793779
408897310
337839330
269256858
63133011
339154020
29672800
363950759
269256858
313919500
586373270
319661938
54856839
586373270
22848972
586369045
46498533
51499223
40126184
328426402
358457713
586373270
65634831
431793779
586369045
40126184
54856839
31357379
40126184
40126184
19591894
48898022
21470456
21639915
31357379
282050241
54856839
310556554
21265969
40126184
605954137
40126184
31357379
40126184
605954137
22529922
63133011
54856839
22294710
311905869
32677492
