67381927
21013836
517877507
508961794
55999605
523115343
476174162
517826053
508961794
517877507
451444100
508961794
517877507
476174162
508961794
517877507
523115343
508961794
517877507
523115343
475713120
451444100
517877507
274023860
500473718
528253655
476174162
500473718
528301597
534765728
451444100
527504844
517877507
476174162
528609665
528253655
523115343
508365760
476174162
523115343
527504844
528253655
528253655
526697945
523115343
527504844
476174162
534765728
522643630
534765728
527504844
470769558
527504844
528253655
527504844
268932790
522643630
19597139
534765728
522643630
527504844
534765728
522643630
