20257007
449977854
39574777
20257007
548932466
583953508
39574777
456762161
52552708
344094389
314687931
39574777
20257007
51174730
266060524
456762161
350364355
439366382
456762161
39574777
46222191
39574777
301891313
358447415
374780936
39574777
39574777
19716029
589424133
589424133
20257007
548932466
590675895
46222191
456762161
424756216
39574777
52552708
456762161
65890484
349112689
19716029
371869867
590675895
437838324
456762161
456762161
590675895
591284584
487360381
403246937
362597844
19716029
19716029
26570309
39574777
318397206
590191014
523607089
54056204
20257007
39574777
39574777
55074585
370614653
398062860
26570309
456762161
442030697
20257007
456762161
332044966
46222191
39574777
456762161
34525905
371190764
399571021
434539515
532695277
52552708
371190764
376507923
456762161
41878549
399571021
19831242
49611496
371190764
375128112
52552708
370614653
358447415
365910939
39574777
375128112
353038481
369052994
457240853
375128112
376507923
589189830
331932916
432850142
398201955
329708250
39574777
399571021
26570309
20257007
371190764
368471444
375128112
405104251
590675895
457240853
39574777
329708250
19831242
365910939
456762161
267494883
456762161
456762161
22042669
358616393
349112689
39574777
375128112
456762161
375651825
382043596
375128112
456762161
446286218
375128112
456762161
460324101
392820868
456762161
566862623
456762161
371869867
456762161
350364355
365910939
39574777
375128112
456762161
349686748
456762161
456762161
365910939
19716029
369052994
456762161
487360381
456762161
420755416
456762161
19716029
590675895
456762161
369052994
19716029
590675895
19716029
414703890
19716029
26452220
52552708
26570309
536696804
19716029
52552708
39574777
456762161
375128112
456762161
589155040
369052994
589424133
23936922
456762161
26570309
19716029
33735651
591284584
590675895
590675895
456762161
590675895
33735651
19716029
487360381
587642648
418558888
19716029
553137498
587642648
527120109
587642648
587642648
590675895
591284584
590675895
456762161
591284584
33735651
