386036229
31145990
368026387
360614580
394379810
458368429
363341748
355892794
25578615
373048281
299685571
28185078
25578615
422535510
420101219
65069998
25578615
27235371
395069980
25578615
395341335
264131728
446744417
420101219
402014377
348441249
580351738
448976538
348441249
283199723
395341335
429594366
373180883
446744417
395341335
28891895
373048281
348441249
22759975
24588512
386036229
356141820
402014377
388413258
386036229
446744417
395797201
395341335
446744417
560292305
358469888
432385437
394379810
395341335
475650184
373048281
264136720
403923778
356141820
560292305
386036229
373048281
560292305
405748029
337669090
429281070
560292305
347570683
24112528
394379810
560292305
386036229
475650184
364051751
560292305
438582904
484892485
486543303
560292305
484616601
379098599
28744267
403251649
423176029
560292305
27235371
24487350
394379810
21911865
403143638
499581393
35470139
560292305
444752396
560292305
22759975
560292305
39915389
396678545
364750006
24982930
28185078
