31879038
37991292
20192159
20304556
37991292
20304556
397864217
31879038
479937160
378888736
397864217
31879038
479937160
397864217
379061836
37991292
40092794
378888736
379061836
20192159
397864217
479937160
272128877
379061836
20304556
272128877
269478507
378888736
40092794
379061836
354960829
426405716
378888736
379061836
354960829
50095006
362911924
40092794
379061836
378888736
402603767
347243612
31879038
40092794
378888736
479937160
378888736
37991292
479937160
378888736
354960829
422731628
378888736
284313466
40092794
378888736
20192159
379061836
378888736
20192159
40092794
31879038
40092794
379061836
378888736
479937160
40092794
32158142
379601690
379061836
20192159
379061836
63339180
20192159
379061836
479937160
20192159
20192159
432522487
20304556
449998567
20304556
20304556
51417409
61345119
20192159
397864217
479937160
347243612
378888736
31879038
32158142
379061836
323800065
347243612
264170084
479937160
394679395
479937160
586310705
366598691
359560832
347243612
357213218
31879038
323800065
20304556
586310705
267784301
40092794
586310705
20192159
379061836
333251692
575185991
479937160
586310705
20304556
20192159
20304556
479937160
581362590
20304556
575185991
586310705
40603420
48176743
20192159
586310705
381078525
31879038
49459391
575185991
566633190
31879038
267784301
575185991
67451160
575185991
51417409
