19667267
29365990
24229395
19667267
23927628
19667267
304058992
24229395
19667267
29365990
535245577
19667267
535245577
267103221
19667267
28758353
535245577
19667267
64606178
589286576
535245577
267103221
589526610
535245577
589318965
589322388
589336423
589692081
535245577
582897392
588196755
265058549
583558841
589481356
535245577
589280516
592094499
592116611
587640335
586381304
19667267
535245577
535245577
588196755
592093033
535245577
328421003
535245577
535245577
535245577
578513236
535245577
289927375
541162595
535245577
592102802
535245577
535245577
592130381
535245577
265058549
535245577
583966502
589336423
535245577
535245577
535245577
273985338
535245577
30985736
535245577
66262426
535245577
535245577
535245577
535245577
19667267
535245577
535245577
535245577
