518355959
492478520
306434148
20508899
518355959
32490080
36473108
22192443
49636136
20065150
36473108
268727792
61760762
395614403
410451333
21575764
61760762
410451333
306434148
61760762
510544545
492478520
589322844
608887086
438891976
492478520
61760762
589322844
20508899
518355959
61760762
61760762
20223818
569135071
61760762
589322844
49636136
576986029
33603837
61760762
306434148
28728978
510544545
33603837
61760762
510544545
313862949
30860755
61760762
19798259
36473108
20121043
28728978
36473108
20508899
438891976
518355959
61760762
507788460
438891976
20121043
20508899
518355959
20264424
548545711
579752480
306434148
492478520
316194227
589322844
477328085
61760762
492478520
544829628
49636136
608887086
306434148
518355959
313862949
306434148
61760762
454169025
20508899
573778562
554019460
395614403
480487759
608887086
518355959
589322844
608887086
518355959
569135071
306434148
518355959
36473108
306434148
49203943
492478520
608887086
518355959
55593804
608887086
306434148
518355959
609432202
23410222
509448176
518355959
510544545
291754496
518355959
306434148
510544545
20121043
306434148
32490080
36473108
518355959
591594265
518355959
306434148
608887086
518355959
306434148
608887086
298811569
518355959
36473108
306434148
35755259
438891976
306434148
405577246
518355959
510544545
20508899
569135071
608887086
518355959
496639932
27371173
518355959
20121043
598544636
306434148
518355959
496128897
510544545
20121043
518355959
608887086
510544545
405577246
517721265
26573584
268727792
55919964
19689657
438891976
510544545
19798259
582717197
405577246
402441621
21972149
417540930
55919964
532951721
61760762
582717197
20508899
266094057
569135071
26298462
510544545
37356989
61760762
325837820
518355959
438891976
23939702
410749601
36473108
61760762
38921189
49636136
19798259
61760762
509165028
492478520
24062270
61760762
598544636
61760762
518355959
496639932
438891976
36473108
569135071
35755259
61760762
20508899
518355959
569135071
61760762
306434148
20514885
536482956
61760762
518355959
290974706
31139582
529272345
304125916
32490080
536482956
306434148
424595760
61760762
48619272
327536664
268803559
32490080
327469039
553264499
518355959
20352045
512322264
569135071
20449170
518355959
306434148
492478520
473925998
50701799
413559687
391444866
306434148
38921189
518355959
601315611
47743067
518355959
444536757
306434148
518355959
64294803
284090461
507413601
313862949
570516808
518355959
21972149
308117648
510544545
306434148
518355959
35755259
532840338
573778562
21547140
25955683
20508899
510544545
306434148
505846364
518355959
20121043
591147123
585349718
306434148
19798259
472367924
518355959
27371173
306434148
518355959
453067685
306434148
518355959
36473108
306434148
518355959
306434148
20352045
49636136
510544545
589251530
36525003
37617519
306434148
21484205
20508899
21231975
310016916
532951721
31390147
510544545
61760762
31369661
306434148
363776740
24267663
20508899
360869418
51699134
429342100
485491358
554019460
267069686
405577246
64294803
601315611
22800704
35755259
388306961
426503965
446745739
352047226
26685711
472890895
31136262
31699543
28199518
28304774
36034232
313862949
27523968
430062523
36473108
36473108
454169025
26298462
472890895
36032275
410451333
28732336
400465852
313862949
268322172
20508899
54446498
61760762
36473108
55593804
395614403
518355959
54446498
569135071
306434148
573778562
557631797
20352045
518355959
27314100
