388068971
425731325
576459810
388068971
387839837
385497008
576459810
388068971
395055923
576459810
388068971
395055923
386246397
385497008
388068971
395055923
425696170
388068971
388215312
511288648
388068971
389002329
388068971
425696170
385497008
395712639
423417389
388215312
582773909
393604375
388068971
394205463
425696170
385497008
324699501
388068971
393604375
576459810
385497008
388068971
583633501
395055923
385497008
388068971
385497008
388068971
582633831
385497008
425696170
395055923
372814249
425696170
434082128
388068971
576459810
385497008
366051064
324699501
394205463
385497008
582633831
395055923
385497008
395055923
385497008
425696170
389082166
538562219
324699501
385497008
425696170
388068971
324699501
395055923
388215312
395055923
425696170
394205463
395055923
425696170
388068971
385497008
425696170
388215312
388068971
388344844
385497008
425696170
395055923
388068971
395712639
385497008
425696170
395055923
388068971
389082166
385497008
395712639
395055923
388068971
385497008
395712639
395055923
388068971
385497008
395712639
395055923
388068971
385497008
389002329
395055923
388068971
385497008
395055923
394205463
388068971
385497008
395055923
394205463
388068971
385497008
388215312
395055923
395712639
388068971
385497008
389002329
395055923
389022498
388068971
385497008
395055923
387383208
388068971
385497008
395055923
388849329
385497008
389082166
395055923
389002329
385497008
395055923
388068971
387839837
385497008
395055923
372814249
387839837
385497008
387847182
395055923
394205463
371870601
395055923
394205463
389022498
366051064
395055923
394205463
389002329
389022498
388068971
366051064
395055923
385497008
324699501
582773909
583504648
579929101
580522764
571763606
583504648
580522764
582773909
585472049
571763606
585472049
576459810
571763606
585472049
576459810
575710095
582633831
583633501
582633831
585472049
583633501
573082210
562028944
571763606
583633501
576459810
582633831
577653319
583633501
582773909
396272361
577653319
576459810
576459810
504037141
484107859
462201861
484107859
460498140
457993105
452840356
460441747
484107859
460498140
458388617
457993105
484107859
425696170
432083322
409270959
425696170
324699501
425731325
423417389
425696170
422335009
425731325
423417389
425696170
389082166
395055923
425696170
388068971
324699501
393604375
389022498
425696170
395055923
425731325
425696170
388068971
385497008
389022498
425696170
387839837
394205463
393604375
395055923
425696170
388068971
395712639
393604375
395055923
425696170
388068971
395712639
389022498
395055923
385497008
388068971
395712639
389022498
395055923
385497008
388068971
389002329
389685344
395055923
392493666
388068971
395712639
389022498
395055923
393604375
388068971
395055923
388068971
385497008
395055923
388344844
388068971
387839837
385497008
395055923
388924438
388068971
385497008
395055923
394205463
388031076
385497008
395055923
372814249
387847182
385497008
395055923
394205463
395712639
385497008
395055923
388068971
388031076
390159414
389002329
425696170
388068971
386246397
425696170
395055923
395712639
393604375
425696170
395055923
388068971
385497008
389082166
425696170
395055923
385497008
395712639
425696170
395055923
388068971
388215312
395712639
395055923
387839837
372814249
395055923
395055923
