402980609
34938578
413730146
24704351
34938578
516744042
580208002
318505417
426652700
51215610
580208002
580208002
19679421
21369534
516744042
503367869
430087342
426652700
29462331
430087342
516744042
580208002
465645073
488623164
34938578
413730146
34938578
21369534
19679421
294776232
516744042
580208002
519930278
20744957
449359472
318505417
503367869
517275410
21369534
528845488
589515368
21369534
288361117
356240794
366220371
19642850
41398651
346795902
31683542
20701483
400767256
503367869
34938578
516744042
30255059
404689887
21369534
517275410
298421357
50317343
34938578
286037822
21369534
387789581
26705971
496193423
26705971
320753283
430087342
300400514
288361117
20526784
41088953
517275410
413730146
519930278
426652700
40239322
517275410
26705971
34938578
23047993
38937017
447676005
21369534
350718193
344509181
430087342
31193963
360055976
29462331
500740324
383255726
34938578
357981090
516744042
29462331
580208002
51215610
318505417
385968770
356921226
580208002
465645073
364337850
404483515
34938578
580208002
21984079
26705971
34938578
357981090
354664305
387789581
20701483
322230941
454559862
23047993
383255726
516744042
360055976
438450549
456604315
20701483
34938578
487572887
426652700
23555700
580208002
51215610
392926032
288361117
368683448
31193963
320753283
465645073
320753283
36362079
20701483
41398651
413730146
23047993
454559862
438769560
45883972
516744042
288361117
516744042
517275410
375683897
430087342
356921226
51215610
303254522
30653073
590677904
496193423
385968770
26705971
516744042
21369534
288361117
323450952
288361117
516744042
34938578
30653073
288361117
426652700
41088953
454559862
379198621
38937017
517275410
519930278
36670193
454559862
21369534
454559862
38937017
36120149
378227960
36362079
51215610
19720172
360384539
318505417
51215610
383255726
321885130
358982307
590330283
356921226
296332826
385968770
26705971
555535307
320753283
19679421
21984079
35066173
342341135
29996230
357981090
376171798
526611527
413730146
289809093
369595833
426652700
413730146
379198621
298421357
414520901
371595947
411834703
384282141
394262722
371595947
19679421
51215610
288361117
516744042
496193423
318505417
368683448
465645073
320753283
496020050
418671332
36362079
327961910
361044866
300363046
26705971
426652700
23047993
52217170
379163733
385968770
373167430
426652700
291399733
385968770
19679421
51215610
267915687
354664305
402980609
51215610
21369534
346795902
455274574
348256262
395700628
20701483
268613423
364337850
51215610
431545664
31683542
484198099
413730146
385968770
373167430
420513477
400105062
413730146
385968770
580208002
373167430
51215610
320753283
389153085
413427514
404483515
413730146
376528659
385968770
426652700
34938578
318505417
288361117
30653073
289809093
413730146
288361117
465645073
21369534
424064994
34938578
320753283
364337850
591975276
426652700
21369534
589522400
362248021
404483515
36362079
317331124
400105062
19679421
36120149
454559862
385968770
36958632
445025061
590330283
413730146
21369534
378733686
590939789
36362079
413730146
283388645
397596277
350718193
34938578
51215610
503367869
354664305
30653073
368683448
23555700
320753283
288361117
366220371
413730146
29462331
286037822
288361117
34938578
40239322
356921226
280224028
288361117
41088953
519930278
38937017
19679421
35197924
19679421
300363046
