585358065
329726052
272021864
584847261
584629968
446434828
272021864
584847261
544076220
329726052
446434828
584847261
585358065
450968446
329726052
571015257
584847261
550050309
450968446
584081696
329643625
584847261
434384643
584629968
584847261
517241096
585358065
544076220
585358065
446434828
329643625
479232624
446434828
450968446
450968446
550050309
544076220
446434828
329726052
450968446
479232624
571015257
329726052
450968446
450968446
450968446
549257125
582880378
446434828
585358065
567369351
585358065
450968446
450968446
575588810
591996018
450968446
585358065
550050309
450968446
560637707
544076220
450968446
544076220
450968446
446434828
550050309
585358065
450968446
544076220
550050309
450968446
544076220
450968446
544076220
567369351
450968446
544076220
450968446
434384643
544076220
450968446
567369351
585358065
446434828
450968446
544076220
584847261
560637707
544076220
585716254
450968446
564950753
560637707
585358065
600140505
544076220
346274992
544076220
523958620
575588810
544076220
459916354
560637707
544076220
567369351
544076220
584629968
272021864
329726052
544076220
585358065
431875735
550050309
329726052
585358065
445560855
272021864
585358065
544076220
584081696
589846392
450968446
550050309
544076220
450968446
446434828
450968446
329726052
446434828
567369351
517241096
400710475
450968446
575588810
450968446
585574972
450968446
346274992
450968446
550050309
448532078
560637707
544076220
544076220
550050309
450968446
544076220
544076220
450968446
550050309
544076220
567369351
434384643
544076220
450968446
544076220
567369351
452196526
544076220
584081696
589312806
446434828
446434828
450968446
584847261
560637707
544076220
564950753
450968446
560637707
544076220
544076220
575588810
584847261
346274992
544076220
550050309
544076220
401933491
544076220
450968446
400710475
550050309
544076220
523958620
446434828
589846392
446434828
450968446
450968446
450968446
329726052
346274992
446434828
450968446
277611811
378614454
567369351
446434828
575588810
550050309
560637707
544076220
450968446
544076220
550050309
544076220
445253216
544076220
550050309
544076220
567369351
446434828
544076220
544076220
470646616
567369351
450968446
544076220
329726052
450968446
450968446
560637707
544076220
564950753
560637707
555766387
544076220
544076220
575588810
446434828
272021864
584847261
401933491
544076220
431875735
571015257
550050309
584847261
434384643
329726052
544076220
329726052
550050309
544076220
450968446
589846392
571015257
459916354
329726052
431875735
378625042
445560855
346274992
66376472
450968446
400710475
585358065
567369351
431875735
450968446
450968446
575588810
450968446
448532078
576557268
447960771
550050309
448532078
560637707
279121773
544076220
544076220
550050309
544076220
550050309
544076220
450968446
544076220
567369351
585358065
544076220
400710475
450968446
544076220
470646616
567369351
450968446
378614454
544076220
514495304
450968446
450968446
446434828
560637707
544076220
564950753
450968446
560637707
523958620
544076220
346274992
544076220
585358065
400710475
401933491
584847261
346274992
544076220
446434828
523958620
550050309
329643625
400710475
523958620
459916354
346274992
400710475
329726052
434384643
431875735
544076220
523958620
589846392
60225987
329726052
464438840
391474969
307156473
346553937
272021864
446434828
550050309
544076220
548849543
446434828
329726052
378625042
346274992
523958620
446434828
378625042
446434828
279121773
450968446
446434828
431875735
446434828
378625042
58618524
312606677
346274992
445560855
397921304
391663929
378625042
346274992
378614454
428571602
378625042
378614454
434384643
431875735
