36158838
565426023
328202851
62437111
281032800
498799583
559046081
328202851
500773289
424187370
587225236
338559052
559046081
342085597
466611266
374180627
584581675
407630021
404672424
466611266
383376230
489718712
465832493
282158390
437132821
455220096
548876226
510415201
559046081
29743393
424187370
436353239
402668965
27650099
62437111
559046081
583746923
383376230
500700001
510415201
590953119
517689393
337445034
432241782
481889837
21675591
510415201
500700001
455220096
481889837
559030491
281032800
35611451
510415201
456017769
328202851
498799583
510415201
282158390
274208678
369861508
21675591
498799583
530894158
458672435
468218347
330961965
510415201
383376230
417715025
34589561
510415201
383376230
455220096
62437111
403165167
265018973
383376230
455220096
328202851
490009412
317865379
342085597
337445034
455220096
338559052
500345888
29743393
337445034
312628179
62437111
501240472
35873086
396005261
369120218
437132821
434755321
565426023
498799583
21675591
383376230
455220096
478595376
498799583
482539893
264441588
498799583
264836991
449086308
342407601
407630021
498799583
20061123
21675591
517760530
26235382
458379716
530894158
500323234
565426023
264836991
609101588
61891943
342407601
565426023
468218347
396574386
281032800
370298968
282158390
500797233
498799583
510415201
452736107
420680645
267172938
515582015
487817386
565426023
383376230
407630021
498799583
484060351
403165167
530894158
339190146
498799583
407630021
312628179
403165167
565426023
432883665
530894158
337445034
34589561
61891943
498799583
330961965
370298968
21675591
498799583
267172938
450950440
474712591
530894158
592623673
487888325
565426023
330961965
420937730
403165167
62437111
384667306
445387504
455220096
530894158
449086308
317865379
455220096
407630021
338559052
455220096
609101588
312628179
593453433
484060351
38590331
338559052
387765243
62437111
35611451
498799583
465010845
20061123
445506012
29743393
62437111
465010845
324024847
282158390
342085597
583746923
35873086
442472498
481460617
447397287
559046081
437132821
36158838
342771863
460177016
590953119
371854719
342771863
510415201
317865379
342085597
267172938
404410848
400619999
473693171
553916743
427218190
500700001
442610932
559046081
498799583
417715025
396005261
559030491
559046081
498799583
29321829
306580144
571290774
281032800
559030491
510415201
400619999
455220096
328202851
498799583
487817386
351528680
339606426
438154554
282158390
269953057
521213178
340657831
304281155
468218347
407630021
514609570
68323433
274208678
407630021
34589561
481889837
424187370
500700001
455220096
265018973
282158390
281032800
530894158
420937730
527411744
34589561
529051924
342771863
484060351
337445034
312628179
304281155
460277696
369861508
312628179
583746923
487817386
498799583
474712591
583746923
310521727
530894158
585693558
473693171
500700001
340657831
383376230
512868647
569900799
269953057
455220096
498799583
21675591
333859952
417140577
413246435
452544251
342407601
473693171
482539893
312628179
397848643
34589561
61891943
282158390
383376230
338559052
466611266
342407601
559046081
407630021
312628179
34589561
389752051
458800275
510415201
317865379
265018973
498799583
403165167
510415201
282158390
432883665
396005261
452736107
455220096
559030491
338559052
530894158
432883665
361036449
335721751
519615956
559046081
339408044
407630021
312628179
482708556
369861508
449086308
338559052
396005261
498799583
449086308
424187370
442472498
461268669
369861508
455220096
312628179
461268669
432883665
34589561
569900799
369861508
437132821
468218347
430844730
506574477
498799583
420680645
587225236
546317105
312628179
455220096
312628179
403165167
328202851
456017769
583746923
312628179
342771863
460177016
312628179
310521727
338559052
500683229
466611266
281032800
402668965
36349046
371854719
437132821
22483933
434755321
450519511
317865379
342085597
324024847
312628179
27252249
487044920
360183798
404410848
27925092
400619999
564278812
62437111
473728799
587225236
404672424
512868647
582898132
369861508
35873086
417140577
487120898
29970731
456017769
498799583
21675591
583746923
387216949
371854719
269953057
420937730
360183798
369861508
530894158
481889837
374180627
390411904
499910226
338559052
317865379
587225236
336663402
458800275
480341565
434755321
360183798
35611451
369861508
304281155
556209092
374180627
339606426
417715025
342407601
312628179
442610932
330961965
553916743
458672435
311165466
27542756
420937730
498799583
369861508
447397287
559046081
417715025
432883665
27252249
480341565
479915107
282158390
360183798
481460617
450225098
369861508
371854719
569900799
474325630
62437111
369861508
587225236
474712591
583746923
383376230
487888325
530894158
474712591
559046081
452544251
396005261
407630021
498799583
446024604
360183798
28567199
27925092
34589561
452544251
436350417
482708556
458800275
311165466
385683156
482539893
496143561
451694191
498799583
417140577
338559052
61891943
482539893
27705954
417140577
361036449
407630021
458672435
61891943
312628179
487120898
530894158
407630021
559046081
333777425
530894158
432883665
455220096
443026212
583746923
458379716
456017769
466611266
336663402
339190146
514880609
281032800
460534477
510415201
403165167
507131143
466611266
450519511
417715025
61891943
336514590
514206278
478595376
455220096
530894158
29743393
583746923
530894158
61891943
446024604
455220096
530894158
407630021
480584925
530894158
55778539
369861508
474712591
449086308
498799583
530894158
583746923
455220096
478790646
21675591
455220096
61891943
20061123
308074907
324024847
21682761
559046081
317865379
281032800
62437111
565605754
587225236
559046081
465832493
432883665
583746923
460177016
450794781
587225236
34589561
317865379
458399658
587225236
21675591
443944070
455220096
314790765
510415201
458800275
281032800
383376230
68323433
458757756
559046081
304281155
437132821
35611451
383376230
369861508
427218190
19621338
487817386
396005261
569900799
451006489
559046081
264836991
443533134
548876226
564801923
317865379
34589561
396005261
519615956
553916743
498799583
515679761
312628179
336606476
473883419
481889837
383376230
27925092
562476621
417815966
34589561
437132821
468218347
517760530
332258988
330961965
27542756
434279498
474712591
308074907
403165167
264836991
383376230
264836991
62437111
19817593
519615956
61891943
424187370
392556651
365277602
342450936
336663402
546317105
569220330
432241782
519615956
281032800
27542756
565426023
455220096
498799583
500773289
510415201
381719970
369861508
330961965
383376230
498799583
282158390
484060351
34589561
383376230
510415201
412484629
559046081
496065098
498799583
474712591
449086308
500773289
335721751
458672435
455220096
450464753
500700001
61891943
484797424
530894158
450225098
449086308
362918765
387765243
498799583
530894158
513123871
61891943
458800275
62437111
562783586
487817386
61891943
407630021
267172938
458672435
403165167
21675591
369861508
474712591
530894158
383379594
383376230
449086308
369120218
455220096
264836991
507131143
434725479
369120218
530894158
565426023
424187370
27803912
316179913
530894158
404672424
339190146
371854719
336606476
530894158
303437726
565426023
351528680
455220096
530894158
29743393
455220096
530894158
420680645
530894158
482539893
449086308
20061123
455220096
530894158
510415201
461034890
455220096
530894158
403165167
424187370
396005261
36158838
498799583
312628179
21675591
587225236
36158838
424187370
62437111
495562128
269953057
36158838
407630021
388914865
495562128
383376230
36158838
583746923
404672424
510415201
383376230
402668965
459998707
317865379
424187370
565426023
264836991
333859952
404672424
304281155
361036449
417140577
420937730
444826848
484060351
369861508
317865379
559046081
530894158
583746923
274810056
433396511
61891943
383376230
583746923
304281155
437132821
501240472
317865379
411804152
559046081
455258694
510415201
404672424
498666700
424187370
36158838
20061123
35873086
495562128
564532656
20061123
559986517
336514590
496065098
555225620
282158390
311165466
407630021
21675591
