426405304
394474864
457046071
394474864
377798571
394474864
394474864
377798571
394474864
377798571
394474864
377798571
567599488
377798571
394474864
377798571
377798571
394474864
377798571
394474864
377798571
377798571
394474864
377798571
394474864
567599488
377798571
606258955
377798571
394474864
377798571
457046071
567599488
394474864
377798571
567599488
394474864
377798571
394474864
377798571
457046071
394474864
377798571
394474864
377798571
377798571
394474864
377798571
394474864
377798571
394474864
394474864
377798571
