31125974
306960282
31125974
19798259
408757211
417655604
36623064
19803545
358933212
302941933
23939702
591348973
56422542
19798259
51500465
496010703
53372229
22815117
478063033
316616146
429789796
498704929
24279525
20514885
316194227
306960282
284458888
31139582
284458888
285562444
429955503
20391804
53372229
591348973
426256681
20539701
453468425
53372229
295427716
20449170
53372229
496010703
591348973
502026246
316616146
26538788
433841778
36623064
53372229
53372229
450799948
26538788
267444093
53372229
21547140
53372229
22056136
306960282
53372229
306960282
591348973
19798259
496128897
266925155
53372229
306960282
53372229
20539701
306960282
20539701
20539701
20539701
20539701
306960282
53372229
20539701
53372229
306960282
31125974
21231975
53372229
453468425
316616146
19798259
413140322
373191188
306960282
26538788
415334661
545052772
27162584
429900069
21143588
284458888
277087540
429342100
31125974
426503965
22104812
31136262
277087540
27162584
306960282
284458888
20421063
339281342
373047210
284458888
429789796
31139582
28732336
584180463
20539701
291606892
53372229
62667961
266925155
26538788
20391804
40218031
502026246
302941933
439798958
433905374
26538788
43608198
20539701
306960282
278895268
284458888
433905374
485924689
27758231
408298171
340191954
53372229
53372229
53372229
53372229
353958783
439798958
27758231
439750638
19798259
382668129
20421063
53372229
53372229
317854968
53372229
40218031
53372229
39265337
19798259
20391804
31125974
26538788
318185589
31139582
53372229
56422542
25815830
20539701
488620640
306960282
405857439
20539701
450799948
53372229
59100825
306960282
20539701
485923306
31125974
20421063
53372229
306960282
53372229
53372229
53372229
31136262
20449170
21154417
20421063
19798259
416049678
284458888
28930571
64000050
532106332
39265337
433905374
302090188
31136262
20539701
22271331
24322623
413463013
452162692
20514885
25815830
24279525
28930571
302941933
20539701
284458888
275671474
284458888
36623064
31125974
450799948
20539701
268529063
431229962
36623064
417655604
20449170
306960282
53331801
426256681
31125974
53372229
379045353
456541778
56422542
434664641
26538788
19798259
56422542
432859139
53372229
20514885
27493911
306960282
284458888
306960282
306960282
53372229
22056136
53372229
31125974
306960282
266925155
20539701
53372229
265338515
56422542
467753682
64000050
20421063
24267810
26663541
27162584
270278997
19803545
28930571
20391804
480271874
26538788
429684064
302941933
504279762
26055148
507156859
64000050
307221491
318185589
591348973
496010703
518348845
27758231
67527148
429789796
26538788
38289899
26722887
374519539
440642586
425564133
342114435
426178533
316194227
284458888
270278997
323886075
277087540
296196963
507156859
340191954
317854968
459597809
386185680
545052772
349752144
21547140
20815514
435092557
504423014
19798259
434024913
351806334
27774264
333571041
504279762
