21863907
466361400
66852462
27086819
21746822
391004631
26244354
21863907
391004631
21074068
66852462
479566623
391004631
36659948
466361400
466361400
295560121
391004631
295560121
24409655
401866783
391004631
21906275
296104143
22014115
26685958
24967030
26685738
391004631
24150504
24410570
24705145
24492835
391004631
23160175
22361154
23232253
22635390
391004631
21733722
21892132
22414140
22459597
391004631
21906275
20995501
22414140
21638205
391004631
21086511
20717558
20623147
391004631
20623431
391004631
391004631
391004631
391004631
391004631
391004631
391004631
391004631
391004631
391004631
391004631
391004631
391004631
391004631
391004631
391004631
391004631
391004631
391004631
391004631
391004631
