61023223
31983984
410145759
21759657
19740572
61023223
374836998
19746127
21759657
40934372
61023223
31983984
21759657
61023223
579484180
21759657
67390458
61023223
456588193
56879085
21759657
339438402
61023223
369472529
21759657
61023223
369472529
21759657
319612212
61023223
306274320
21759657
24592791
61023223
456642138
379928897
21759657
34684067
61023223
19740572
21759657
24592791
61023223
307059678
61023223
369472529
34684067
61023223
21759657
29310375
40748394
379394116
319612212
61023223
497245667
369472529
61023223
369472529
61023223
21759657
369472529
61023223
369472529
397823879
19740572
61023223
19746127
369472529
397823879
19740572
61023223
369472529
39849234
19740572
369472529
21759657
24592791
61023223
40934372
579484180
61023223
369472529
61023223
369472529
381230673
369472529
369472529
579484180
369472529
61023223
369472529
19740572
369472529
333199681
369472529
574003873
369472529
23097561
369472529
369472529
19746127
369472529
19746127
369472529
61023223
19746127
369472529
19746127
369472529
19746127
19740572
369472529
61023223
369472529
61023223
23177172
19740572
369472529
19740572
369472529
26072512
19746127
61023223
369472529
421429299
369472529
19740572
19746127
369472529
19740572
19746127
31983984
369472529
19740572
369472529
19740572
19746127
61023223
21759657
19746127
24592791
61023223
21759657
31983984
40934372
361083317
61023223
21759657
25627295
369472529
21759657
574003873
369472529
21759657
39849234
369472529
24592791
34684067
369472529
574003873
19746127
19740572
581149635
369472529
369472529
369472529
19746127
19740572
19746127
31983984
369472529
19746127
19740572
