23246712
312501550
523005869
548407138
392189907
562703930
47916443
400607436
48040579
48040579
313087226
424698486
373449314
511386158
46923664
362988333
533058711
24629780
24629780
46923664
500545055
20152087
48493199
30319441
404051557
302390043
35963650
302377146
27037537
469584444
529410041
35963650
489138849
34991353
46693101
392189907
20597941
317214175
379416064
21459472
19987385
46923664
379416064
568826440
371269284
31103443
294752032
323414525
35963650
548498988
295150425
475797836
407781888
46693101
562703930
22660492
21796777
407781888
36142964
562703930
47916443
39569160
609534432
509741951
31606466
34991353
46923664
520216407
45100402
35963650
22202677
527025156
404051557
473562993
473562993
548498988
313874755
549563682
24629780
46693101
35963650
310267600
31021915
407781888
31606466
46923664
269579260
509741951
46772455
23033452
269579260
509741951
46772455
23033452
35963650
333937870
434809623
379416064
35963650
46923664
31606466
294752032
550535086
266192012
550535086
266192012
270338892
469584444
543909010
473562993
26677313
20597941
490237374
541682008
34991353
490703140
24629780
548504605
548504605
610081709
293278754
46693101
266192012
289069988
407781888
313981294
475845146
31606466
587451712
313981294
31606466
587451712
408035032
265382880
547547857
349146314
47968288
266192012
407781888
490703140
19659335
375295902
607981391
362988333
562703930
568826440
289069988
30095080
30030877
377998055
293278754
333937870
392584371
516073418
548498988
600903860
604862487
39569160
20396961
407781888
323414525
36595690
312501550
39569160
20396961
407781888
323414525
36595690
312501550
407781888
20597941
562703930
533058711
35270851
22463701
46693101
35963650
281586470
586153020
562703930
27037537
46693101
389412766
21163865
549740924
533058711
295150425
457099783
580266137
342382943
52818597
27037537
510871582
528831156
508057612
349146314
473562993
302390043
513239319
436445484
20840805
473562993
50129660
23366920
50289711
66842959
32019238
302377146
282951610
321632002
386476155
481520397
418118242
547547857
302390043
54548932
21606273
24629780
35963650
549563682
538485334
48040579
24629780
35963650
583307507
21737374
27755071
548504605
333937870
41566084
527025156
586584581
543909010
558208318
462235829
317214175
564587835
548498988
527025156
527025156
23948880
511386158
20205685
404051557
278388105
407781888
376474755
470714296
313874755
278388105
561954625
32019238
354514033
305681511
564587835
527025156
444379153
543909010
549862735
547547857
564707064
31606466
58951272
28846807
555005579
514725250
34991353
278388105
20597941
27925812
266264831
29827840
527927742
489138849
562703930
265382880
302390043
50744017
35963650
553978181
570360839
35043813
34991353
349146314
550798275
527025156
19806142
58951272
548498988
315121538
281586470
27037537
520216407
549566483
46693101
270338892
305681511
22463701
462971816
473562993
407781888
265382880
493959170
520816110
407781888
27375221
541682008
462971816
334694973
317214175
548504605
360698508
35963650
278388105
34991353
577154098
41598072
38899113
490703140
293278754
27037537
457099783
509741951
377998055
19582937
26757493
278388105
264023044
283914760
562703930
418564487
548407138
36142964
407781888
30030877
526144685
265382880
24629780
516073418
23246712
270338892
24629780
24706380
19582937
445533482
490703140
407781888
34897210
46693101
293278754
545464511
333937870
562703930
22048545
278388105
392584371
35963650
377998055
527025156
315121538
35838445
37314943
267824230
473562993
36142964
22412944
584409202
321632002
574375500
377048744
584899431
22420828
22463701
23196722
27749703
321632002
587100866
266192012
317474596
340032551
35270851
20208693
50129660
295150425
290714755
299472252
27755071
306040740
511386158
587827936
491996065
20597941
48493199
535151659
30704206
321599357
581580357
321632002
24113539
428705969
543909010
547547857
321632002
548257655
40195631
26757493
581100549
27755071
275495615
308127178
33622833
586153020
35963650
30262534
22412944
450757961
267387960
535151659
309998449
22420828
527025156
580838987
547547857
541682008
535151659
19615951
580266137
568625434
541682008
499811620
407781888
349146314
278060491
316476836
469584444
574505659
558208318
549862735
265382880
568625434
26559695
35963650
27037537
335097628
35963650
356837422
588861117
35963650
59420454
587718715
39569160
50129660
22463701
310372138
28846807
24629780
40593747
553696514
26677313
23366920
51051215
552219864
31606466
31606466
22463701
574677847
278388105
35963650
321632002
59420454
572903846
407781888
24706380
353113578
21802358
294752032
21805239
62360046
56641266
454824234
290714755
475845146
315121538
407781888
293278754
46923664
473562993
538485334
547547857
473562993
26989877
265382880
36903052
296285373
56911669
584834052
548504605
22561541
293278754
64985067
46693101
333937870
516350352
271813999
548208760
516073418
293687574
548498988
407781888
562703930
548498988
302390043
511386158
278388105
35963650
374880696
564587835
549563682
35963650
27702564
266192012
377998055
55303892
59989404
316476836
35963650
377998055
395711870
46923664
284586977
462971816
451886985
300095338
26644882
328329006
57226954
313777112
34147404
20162691
27244993
40632199
31246576
28162492
501001248
528831156
47916443
22584713
38131692
35963650
278388105
315121538
22463701
47040089
36142964
23246541
333010893
34991353
46693101
29189429
326619743
586153020
522556751
565845098
392189907
431451034
23554440
29264968
587451712
377628615
334694973
434809623
544218755
316181606
445533482
371269284
586584581
550535086
66456577
552219864
428705969
549563682
47916443
46923664
430840515
535151659
335097628
568210975
510160952
23500476
435733093
321632002
351058330
562703930
316476836
511386158
548498988
543909010
535151659
574505659
391257843
21606273
548498988
35963650
589507151
298108245
302390043
328333754
21802358
359053951
514725250
34991353
571832059
57259346
547547857
317474596
55232401
562703930
65323149
351388902
584834052
549563682
34897210
431451034
55168678
316465736
565845098
56641266
549740924
19615951
315700380
379416064
20953160
305751073
278388105
462235829
550535086
267387960
33268747
278388105
35963650
307023883
407781888
265382880
266192012
313874755
48289883
441457128
444681775
24113539
32976235
580189928
512550882
584582719
38131692
23033452
564587835
310372138
367593808
564691558
293278754
326162324
473562993
49389880
46923664
548504605
543909010
533791896
473562993
21676559
21079059
350763855
22420828
35963650
316476836
36872610
543909010
407781888
473562993
296285373
376474755
38062832
407781888
39569160
20275692
407781888
22202677
46312689
35963650
407781888
434809623
31021915
46923664
30030877
46693101
278388105
290714755
535151659
561197997
23246712
20579555
363190794
543180071
392189907
51051215
46923664
549805442
313874755
34147404
341020660
548498988
20579555
381661159
40919713
584899431
303246351
47916443
294752032
543180071
315121538
433446091
40593747
22783875
282185487
546414778
27037537
48493199
269400829
267850788
49874805
563493455
23424806
558208318
469584444
473562993
548498988
24629780
547928974
19988840
548498988
588774506
32019238
511386158
39098600
53748568
503702877
313874755
473766223
31841456
57226954
473562993
572903846
404987168
352913333
509741951
38131692
545489874
299472252
376474755
373449314
47040089
466102321
35963650
46923664
27037537
46693101
568768916
548498988
46923664
547547857
586584288
520816110
548498988
