340476646
544440212
276023097
20200749
409263627
554636502
340127772
437355280
276023097
433400446
340127772
437355280
442437209
340476646
340127772
554636502
340476646
340127772
437355280
554636502
340476646
276023097
340127772
554636502
340476646
350893560
340127772
433400446
340127772
437355280
577498995
340127772
442437209
554636502
276023097
340476646
340127772
554636502
20564061
340476646
441016032
437355280
340127772
340476646
437355280
340476646
570226912
437355280
539362225
340476646
340127772
437355280
554636502
572329611
437355280
340476646
340127772
564034329
437355280
340476646
340127772
587451712
437355280
340476646
340127772
442437209
554636502
340476646
570226912
442437209
419087123
340127772
493536387
442437209
407345135
587451712
493536387
340476646
340127772
569338003
340127772
340476646
442437209
437355280
589648078
442437209
340476646
286253053
36145917
340476646
437355280
570226912
340127772
340476646
587451712
570226912
340127772
428095794
340476646
570226912
437355280
286854976
340476646
570226912
340476646
340127772
340476646
570226912
442437209
589648078
340476646
340127772
340476646
340127772
492460274
539362225
442437209
340476646
340127772
437355280
442437209
340476646
340127772
437355280
570226912
340476646
570226912
442437209
340476646
570226912
442437209
340476646
570226912
442437209
340476646
442437209
340476646
437355280
442437209
340127772
340476646
570226912
340476646
570226912
340476646
437355280
584210081
340127772
276023097
588363350
340476646
437355280
340476646
276023097
340127772
588363350
358617474
588029912
340127772
436687958
554636502
340127772
340476646
38525164
442437209
436681220
587780160
442437209
340476646
570226912
437355280
442437209
581580505
340127772
587451712
442437209
587780160
340476646
437355280
586882638
340476646
340127772
340476646
340127772
583326770
585034573
38343230
340476646
340476646
442437209
437355280
570226912
587451712
442437209
340127772
570226912
340476646
340127772
442437209
340476646
340127772
570226912
539362225
340476646
570226912
587780160
340476646
338607963
437355280
442437209
587451712
379913551
570226912
340127772
472719529
587451712
570226912
340127772
570226912
585192464
21718393
340476646
570226912
583335031
375135781
340476646
570226912
442437209
570226912
570226912
372716679
36145917
588363350
539362225
570226912
437355280
570226912
570226912
570226912
396592964
554636502
582945547
570226912
570226912
26389970
583335031
