434053610
21054393
40031690
267502895
20023842
19890069
315190845
27155678
19572438
349779163
434691441
48891171
305365365
349779163
267502895
434053610
268544318
301397220
26127088
541999006
32197127
327887389
268544318
62806376
40031690
349779163
22434781
434691441
24263174
301397220
301056545
429748942
349779163
327887389
21054393
521332567
434691441
327887389
36330654
19890069
264589200
391117521
429748942
434691441
24325481
533525043
26127088
35076943
429748942
533525043
432976351
354790270
22691361
429748942
387242731
429748942
586548098
464734677
25145455
391117521
346641159
19588199
19890069
26685437
354790270
19890069
22691361
21054393
464734677
327887389
429748942
28837074
434053610
327887389
32197127
434691441
327887389
391117521
21054393
349779163
422719752
432121925
349779163
365352534
21286609
267502895
19572438
26127088
327887389
310785858
315190845
434691441
323083642
464734677
24325481
346092424
27392196
294685858
264589200
429748942
306974057
264589200
26647432
31432096
333732534
26647432
23785067
464734677
349779163
23407471
19877116
429748942
21054393
347952398
20801275
19588199
38090399
391117521
349779163
437595645
43127573
19890069
429748942
354790270
429748942
429748942
43127573
22691361
429748942
346694026
558090674
21286609
429748942
429748942
19572438
26676478
429748942
429748942
19890069
429748942
429748942
20023842
429748942
21399195
20023842
429748942
394420684
63330179
19877116
545272413
19572438
24499866
436290786
41698805
422719752
46891628
19572438
434691441
26127088
317108087
57075586
474252010
25336674
