536228012
442171753
436533463
536699556
419155407
442171753
425719176
431148467
542437557
419155407
531276064
436533463
586234945
436533463
460158914
545365515
564186067
482131386
419155407
581242941
280099877
447694959
499425969
436533463
447694959
573405383
563947197
579145583
436533463
447694959
581242941
447694959
505139934
499425969
436533463
572462969
581242941
561345973
419155407
505139934
532471952
436533463
499425969
425719176
419155407
421228469
473566469
361082297
393942403
447694959
461557738
455297213
531276064
492184134
