270193942
378536656
464955558
280344818
358422528
468480520
324106728
468480520
505592813
464955558
490314972
500534032
280344818
581922446
324104851
464955558
468480520
299885483
292687837
447572861
468480520
319377058
332464490
328071251
464955558
546239329
580333674
468480520
384449538
281872065
314892141
373304871
464955558
276862689
373101597
281872065
580333674
572040214
270074890
383801831
468480520
466136560
564860935
280344818
281872065
396637588
583775102
464955558
378536656
281872065
572895919
464955558
281950047
295345412
464955558
494979745
376515282
281872065
464955558
292687837
468480520
567368878
464955558
281872065
586617325
403700343
464955558
564860935
580333674
407817619
315288904
464955558
406605846
399806863
270074890
464955558
378536656
281950047
281872065
328045730
464955558
378536656
328490635
464955558
589474103
378536656
468480520
464955558
546239329
455553818
281872065
363536032
586617325
464955558
378536656
406605846
382203351
373101597
390964863
464955558
457234484
464955558
317082687
384231351
464955558
295345412
464955558
580333674
589474103
464955558
586698717
464955558
464955558
488493763
586617325
564860935
471313843
295345412
564860935
583775102
584402475
557654318
555948851
360499494
360046533
393137223
293322185
468480520
490902150
457234484
305862965
315288904
292687837
281872065
283443053
280344818
468480520
281872065
276862689
281872065
464955558
378536656
281872065
464955558
311951659
281872065
307744997
292687837
464955558
403700343
564860935
406605846
281872065
281872065
468480520
464955558
457234484
464955558
468480520
468480520
