494287345
52210349
52210349
452334245
339343703
387741322
403224018
339343703
387741322
598992858
387741322
52210349
452334245
52210349
610755457
452334245
52210349
387741322
452334245
52210349
52210349
339343703
387741322
52210349
490211848
387741322
52210349
52210349
387741322
452334245
52210349
387741322
452334245
339343703
52210349
501102359
52210349
339343703
52210349
387741322
52210349
339343703
339343703
403224018
52210349
503235876
452334245
387741322
483634201
339343703
483634201
339343703
