553884499
553268952
264835546
440715965
553268952
264835546
553884499
506604473
264835546
553268952
285099361
553268952
553884499
357645648
264835546
285099361
264835546
553268952
394283930
285099361
264835546
553268952
264835546
590966581
264835546
553268952
264835546
264750381
553268952
264835546
366542301
264750381
268594428
403020668
264835546
553268952
264835546
553268952
264835546
264835546
264773435
264835546
441875120
591202126
264750381
526591691
264773435
553268952
553884499
553268952
590966581
264773435
553268952
553884499
266021832
553268952
553884499
266021832
264835546
553268952
553884499
374152583
553268952
553884499
432712613
266021832
553268952
553884499
367931873
553395731
441207998
553268952
553884499
285099361
553268952
553884499
321584607
408009280
553884499
321584607
264835546
553268952
553884499
424038895
333747950
440715965
553268952
355229434
438409759
553268952
264835546
394283930
370387594
376888268
266021832
553268952
394283930
553268952
553674912
387605029
553395731
312735996
264835546
439985474
368801600
264835546
553268952
377425476
264835546
553268952
357645648
264835546
266024146
422728372
589428633
264835546
441875120
266021832
264835546
553268952
441875120
264835546
264773435
347299939
553268952
589221852
441875120
553268952
553884499
408173336
266021832
553268952
264835546
266021832
52683065
441875120
264773435
441875120
553268952
386890770
381742570
335110095
353556075
553268952
441875120
553268952
285099361
440715965
440927148
377425476
381769263
590607106
591318872
553268952
357645648
553268952
264835546
266021832
280606181
394283930
439425717
441204761
440715965
553268952
265873583
377425476
553268952
376124737
377425476
553268952
392521907
376124737
440715965
553268952
391412610
553884499
553268952
367137616
553268952
553884499
355302016
553268952
330152308
553268952
440715965
553268952
553268952
269924273
264835546
440715965
553268952
264835546
553884499
357645648
553268952
321584607
553884499
338937383
264750381
285099361
553268952
498282502
374152583
553268952
266021832
553268952
591318872
441875120
502438723
589428633
441875120
264835546
553268952
433619083
377425476
264835546
441875120
553268952
591318872
491178268
441875120
264750381
491178268
553268952
377425476
553268952
591318872
264773435
553268952
553268952
271410297
266021832
589216258
264835546
553268952
264835546
359089464
553268952
264835546
591318872
264750381
590902756
362023341
530763254
491178268
371703024
491178268
