373997240
424864979
547491088
408261796
580672505
23895191
414435112
323895192
25042856
391331419
34866564
311824472
323895192
535315396
568198119
405156521
23896059
524954366
525968430
56457063
400287532
552560803
580672505
400287532
58901425
303014133
516675972
23896059
23895191
405283822
23896059
451251092
405283822
505597698
483805374
535315370
340485421
490315369
574840531
340485421
580672505
437773393
25042856
23896059
267360454
574140678
580672505
323895192
574461271
374413660
400287532
323895192
580672505
525968430
588523161
350229385
522230994
580325978
522230994
400287532
580672505
483748744
519281301
580672505
323895192
428624676
588523161
511684165
340485421
337896697
350229385
501120362
267360454
50906841
588523161
522230994
337896697
23895191
323895192
578252674
588444909
323895192
23895191
328413538
576479903
522230994
588523161
409930377
400287532
586588955
414435112
555937408
586588955
34866564
490315369
398977001
