361724142
360810425
384385937
358214702
369612554
361724142
388042640
554352883
370232215
531836248
367314450
391003538
361724142
372412231
388042640
361724142
376464837
583504088
369454732
540374422
438801246
377047087
370110053
369454732
526688671
367055558
436793831
365017774
382131298
367055558
387087448
388212971
387040256
381763830
367304186
387040256
589097251
377712704
388523624
373873432
367055558
500862527
443082783
388042640
382131298
370232215
575281616
361724142
384194826
388570255
384430051
367304186
583144965
382345892
364051688
388042640
381712943
358986466
589108313
388042640
531836248
361724142
388042640
376057865
500862527
384494153
539279516
388042640
367055558
392296790
517200366
388042640
589108313
367055558
366027957
388042640
498264527
387040256
515394486
367055558
388042640
361724142
382492675
367055558
388042640
378039438
383033111
388042640
367055558
436923977
391003538
367055558
388042640
568970942
445238091
387040256
367055558
388042640
363749527
367055558
388042640
388212971
531836248
367055558
388042640
388212971
367055558
388042640
591283511
503084286
367055558
388042640
566241625
583144965
367055558
388042640
388212971
388042640
583144965
500862527
367055558
535221537
388042640
588969569
367055558
583144965
388042640
388212971
367055558
583144965
388042640
367055558
388042640
367055558
583144965
388042640
367055558
388042640
367055558
388042640
388042640
583144965
388042640
583504088
495608082
388042640
566241625
369987668
356991072
371477851
379973718
505303423
370232215
531836248
370196933
503084286
388042640
388267160
371444134
443629223
503084286
375845286
373354050
387110988
367055558
589561248
379414331
373354050
384430051
360810425
388212971
440610735
387040256
376644354
589561248
588814921
361724142
377186105
554352883
373014948
382492675
387732772
383253747
382492675
583144965
575281616
372133673
503084286
366027957
508119581
377908101
361138731
387040256
356991072
443389010
361724142
384506168
374481721
378480757
387040256
370232215
367495325
538190079
591472385
503084286
393293541
373672314
374889255
389955180
388212971
591472385
392590365
388042640
388212971
378039438
442129550
381385075
515459668
388212971
503084286
374481721
378960281
372154611
371671132
367055558
388042640
378039438
367055558
374194463
388042640
367055558
387040256
568970942
367055558
388042640
361724142
436793831
357106330
588242653
379797832
367055558
503084286
586959906
367055558
388042640
366027957
367055558
373309802
583144965
378110787
367055558
383045147
388042640
367055558
387350644
367055558
388042640
388212971
583687940
367055558
388042640
589626223
539279516
388042640
389333380
372835238
388042640
367055558
531836248
588969569
388042640
367055558
531836248
591847200
388042640
367055558
554352883
588249583
388042640
367055558
554352883
367055558
549085647
388042640
367055558
388042640
588717394
367055558
388042640
384819938
388042640
592050280
588242653
388042640
531836248
589061957
588242653
388042640
588249583
583144965
540374422
500862527
443082783
370232215
382492675
383018018
366027957
387040256
388042640
391003538
388042640
388212971
531836248
388042640
367055558
388042640
367055558
583144965
388212971
367055558
388042640
583144965
367055558
388042640
583144965
583144965
367055558
388042640
