599522659
552630570
542662634
581196191
482657762
558571216
536211509
592104148
580945976
443912097
611130942
592104148
532490427
577886063
535722656
541316941
592104148
591470014
549331664
540054430
427608646
542494250
592104148
550923881
542079430
588265538
580191579
552630570
549331664
576563457
509112826
549331664
582134945
591612614
587315376
577886063
517113072
578273393
548696073
592104148
526024264
590116262
578273393
583130601
563524792
549331664
588855744
519633973
590889476
580796835
550041704
590333194
584986692
462676775
583131166
591612614
579706460
542494250
587315376
444575942
592104148
586295597
495644169
591186729
591470014
561448222
588479947
549331664
542079430
582497177
576563457
549331664
582134945
586437349
553408970
506326155
559537950
