343055160
35738548
40236154
340283710
50624988
343055160
35738548
40236154
62097636
35738548
24788542
345196332
343055160
310672334
574111974
340283710
35738548
48218747
345196332
481506044
21888635
265440364
40236154
24214863
437943563
356537869
357243498
35738548
265968611
281946418
26619222
24788542
343055160
310672334
317497936
24070983
445260965
588024088
62097636
35738548
343055160
265440364
343055160
574111974
393604285
343055160
559448858
24788542
48478370
343055160
281946418
310672334
51296294
319507381
574111974
343055160
345196332
278029513
24788542
40236154
481506044
563139929
590541760
35738548
51296294
48478370
310672334
481506044
345196332
59482769
35738548
24788542
411063229
265440364
24214863
343055160
375412575
481506044
343055160
265121737
278029513
30663527
343055160
24214863
62097636
559448858
343055160
24214863
62097636
343055160
265968611
578718978
343055160
65997332
24788542
343055160
292615572
571000296
343055160
65997332
343055160
35738548
343055160
343055160
26619222
65997332
407347747
343055160
481506044
21888635
343055160
343055160
59482769
60519122
343055160
340283710
343055160
51296294
39949229
31727404
569392387
62097636
40236154
278029513
21888635
276539913
551216161
503988556
22814858
62097636
265390587
40236154
481506044
21888635
559448858
266546998
481506044
35738548
24788542
24070983
559448858
21888635
266546998
265440364
24070983
310672334
26619222
577103562
356537869
43464394
292615572
26619222
30663527
265390587
317497936
590541760
65997332
437943563
265968611
40236154
62097636
551216161
276539913
265968611
36198910
35738548
571000296
265968611
30663527
481506044
271139566
40236154
24788542
559448858
265390587
24070983
356537869
339517517
34031077
317497936
26619222
21888635
24788542
571000296
24070983
48478370
481506044
62097636
265440364
278029513
345196332
65997332
278029513
556282809
453894100
563139929
265968611
545230571
43464394
265968611
65997332
357243498
22814858
21888635
345196332
24788542
36198910
65997332
559448858
24788542
310672334
43464394
317497936
577103562
22814858
310672334
317497936
26619222
563139929
24214863
317497936
26619222
265968611
62097636
577103562
24214863
65997332
548932704
34031077
563139929
265968611
577103562
26619222
563139929
367136619
481506044
65997332
288426457
265968611
24070983
276539913
265968611
22032540
563139929
577103562
559448858
48218747
481506044
477318200
265121737
481506044
60519122
64873990
276539913
278029513
481506044
278029513
62097636
19554763
563139929
356537869
577103562
340283710
24214863
319507381
278029513
65997332
574111974
278029513
22032540
481506044
22032540
577103562
310672334
65997332
24788542
580807778
65997332
51296294
437943563
265440364
60519122
64873990
578384963
30663527
24788542
345196332
559448858
278029513
545230571
30663527
62097636
35738548
24788542
577103562
281946418
22032540
265440364
356537869
64873990
34031077
375412575
266546998
48051330
30663527
367136619
24214863
265968611
563139929
278029513
31727404
551216161
265968611
30663527
62097636
357243498
30663527
62097636
456300680
276539913
317497936
30663527
62097636
437895830
281946418
403856021
24788542
26619222
36198910
437895830
278029513
24788542
34031077
577103562
437943563
339517517
20985132
356537869
317497936
265968611
310672334
339517517
317497936
563139929
357243498
48478370
563139929
548932704
30663527
559448858
295632125
563139929
415823374
588024088
39949229
30663527
453894100
22032540
30663527
265121737
265176317
276355083
265968611
310672334
24788542
48478370
577103562
65997332
64873990
265968611
303856099
62097636
276539913
310672334
265968611
317497936
310672334
265968611
24214863
411272448
551216161
265968611
64873990
24214863
437943563
559448858
265968611
36198910
317497936
278029513
60519122
265968611
437895830
40236154
265968611
34031077
495204022
481506044
584086964
367136619
65997332
265968611
30663527
24070983
24214863
265390587
574111974
393604285
26619222
356537869
265176317
265968611
30663527
26619222
559448858
65997332
345196332
265968611
65997332
31727404
481506044
530488107
65997332
26619222
24070983
577103562
496672624
30663527
577103562
471243027
481506044
367136619
317497936
577103562
24788542
278029513
43464394
563139929
265968611
24070983
34031077
65997332
278029513
265968611
65997332
22032540
51296294
62097636
265968611
21888635
481506044
22032540
265968611
339517517
65997332
505835872
310672334
281946418
265968611
62097636
50624988
65997332
496672624
62097636
428093690
35738548
298113973
303856099
39949229
437943563
276539913
310672334
62097636
340283710
30663527
265390587
310672334
62097636
317962661
345196332
559448858
339517517
500668923
19586090
62097636
584086964
559448858
265968611
281946418
281946418
393604285
310672334
367136619
356537869
477318200
317497936
310672334
40236154
21969879
310672334
40236154
278029513
574111974
35738548
265390587
577103562
34031077
24070983
577103562
376741737
40236154
24070983
528852382
62097636
265390587
579702212
30663527
310672334
584086964
24788542
340283710
265968611
62097636
265968611
62097636
35738548
563139929
276539913
559448858
317497936
46487995
339517517
393604285
443609142
65997332
310672334
481506044
65997332
265968611
563139929
310672334
24788542
319489533
265390587
48478370
345196332
339517517
340283710
35738548
22814858
65997332
310672334
34031077
65997332
574111974
40236154
481506044
31727404
310672334
477318200
278029513
40236154
310672334
578384963
477318200
278029513
26619222
23631182
339517517
317962661
310672334
357243498
65997332
278029513
35738548
24070983
345196332
276539913
265968611
65997332
278029513
295632125
559448858
65997332
574111974
317497936
376741737
292615572
265968611
24788542
577103562
574111974
65997332
477318200
375412575
317497936
521749322
419610190
24788542
345196332
577103562
39949229
26619222
418104688
65997332
21888635
495204022
24214863
265968611
495204022
345196332
22032540
65997332
496672624
276539913
65997332
278029513
35738548
487572496
281946418
35738548
496672624
281946418
577103562
24788542
35738548
30663527
503988556
24788542
590541760
292615572
19665869
495204022
62097636
563139929
541869917
21888635
64873990
22032540
545230571
590541760
295632125
481506044
62097636
577103562
495848198
35738548
481506044
295632125
310672334
24788542
24214863
310672334
530488107
574111974
577103562
22532933
60519122
521749322
495848198
21888635
318554064
295632125
35738548
310672334
37773041
530488107
318554064
288426457
340283710
310672334
24214863
30663527
578384963
24788542
