395457987
543579733
21423628
320695533
543579733
21423628
395457987
472527615
358032344
38358989
395457987
420236792
313655622
21423628
268763163
472527615
395457987
21423628
38358989
62902362
21423628
358032344
492483672
21423628
62902362
472527615
21423628
62902362
461802971
278103577
472527615
266130911
62902362
553088846
21423628
62902362
472527615
472527615
21423628
472527615
313655622
472527615
543579733
395457987
527253221
62902362
365575103
21423628
543579733
492483672
472527615
424483893
