25019289
302342854
271961783
62986007
356781956
27220282
304747267
327571850
340530824
302342854
360076454
271961783
340530824
387147180
360076454
62986007
271961783
340530824
25019289
36866826
62986007
340530824
302342854
350191144
340530824
27220282
25112334
62986007
302342854
350191144
403895001
62986007
360445527
350191144
62986007
27220282
24726848
421066596
62986007
27220282
574803080
62986007
27220282
62986007
340530824
27220282
61079866
62986007
340530824
27220282
356781956
62986007
27220282
62986007
340530824
20418632
24541159
27220282
422906854
266812223
27220282
271961783
54703415
60127618
403895001
266812223
340530824
339582466
52517067
350234335
27220282
271961783
574810290
304747267
350191144
27164986
366599834
54703415
350191144
302342854
271961783
67245932
34552684
302342854
61079866
339582466
62986007
27220282
339582466
62986007
27220282
360076454
62986007
24726848
62986007
356781956
62986007
29314978
403895001
360076454
27220282
62986007
350191144
24541159
356781956
350191144
302342854
373325601
340530824
390982024
62986007
579784279
27220282
340530824
67413266
377250842
340530824
388927338
340530824
360445461
61079866
574803080
340530824
266812223
370236257
302342854
340837916
356781956
361805104
360076454
302342854
350191144
356781956
271961783
318796271
340530824
356781956
293904779
318796271
350234335
356781956
350191144
361805104
350415488
360076454
356781956
350191144
360445461
403895001
271961783
356781956
350191144
360076454
360445527
393499308
356781956
350191144
340530824
24541159
356781956
350191144
266812223
422906854
304747267
356781956
350191144
360076454
302342854
61079866
356781956
350191144
266812223
293323818
356781956
350191144
370236257
363973620
360076454
350191144
360445527
340530824
302342854
350191144
403895001
360445527
27220282
350234335
350191144
360445563
339582466
356781956
363973620
422906854
360076454
27220282
414227693
271961783
25112334
327571850
360076454
409198939
356781956
360076454
340530824
350234335
27220282
356781956
360445563
33040008
356781956
304747267
339582466
350234335
304747267
51465688
271961783
61079866
360076454
271961783
299133638
293323818
339582466
360076454
25019289
350191144
340530109
409198939
361805104
350191144
327571850
350191144
340837916
60127618
350191144
356781956
360445527
360049218
62986007
360076454
350234335
339582466
582630896
302342854
363973620
327571850
40241520
293904779
340530824
350191144
24541159
360076454
409198939
268428913
350191144
370236257
339582466
409198939
350191144
318796271
339582466
302342854
271961783
350415488
360445563
579784279
327150915
350191144
360076454
360445527
356781956
339582466
271961783
356781956
340837916
356781956
360076454
340837916
339582466
360445461
340837916
360076454
286591862
356781956
363973620
377250842
356781956
20418632
304747267
302342854
266812223
271961783
62986007
36866826
350191144
27220282
356781956
403895001
24726848
56238636
266812223
25112334
62986007
360076454
62986007
62986007
27220282
62986007
266812223
356781956
52517067
574803080
52517067
