38533326
59844035
307550578
509335736
415048788
515824759
570159687
570159687
509335736
38533326
313074516
265334984
440495166
355773010
519070699
62169174
516428687
509335736
52837882
516428687
422875190
546154046
530926645
440495166
516428687
62169174
30681215
516428687
509335736
491065091
582552783
516428687
22744751
62169174
545281479
459132454
570159687
62169174
491065091
62169174
515533330
62169174
516428687
570159687
265334984
516428687
516428687
440495166
515824759
516428687
62169174
469825631
535383070
480875624
459132454
424195477
423875617
415048788
62169174
516428687
480875624
415048788
516428687
62169174
415048788
422875190
546225591
62169174
38533326
423875617
360626095
423875617
360626095
519070699
423875617
419351500
516428687
589961129
551563502
546225591
424195477
423875617
491065091
546225591
37453271
522044726
508021697
480875624
515824759
62169174
424195477
491065091
424195477
610881311
491065091
267014554
610881311
20237807
20237807
62169174
610881311
424195477
37184967
610881311
479366880
486029151
24662524
265334984
480875624
265334984
480875624
35623704
423875617
480875624
424195477
424195477
265334984
21364145
516428687
424195477
458529645
39239539
269807491
610881311
610901518
424195477
311318103
424195477
26971165
424195477
480875624
424195477
516428687
508021697
510574304
516428687
307100171
24662524
516428687
310418108
307100171
264373660
422875190
355773010
313074516
516428687
25653002
530772670
422875190
313074516
41380992
30294504
265334984
517524198
551563502
516428687
22208793
546225591
515533330
338803041
303465707
62169174
491065091
522044726
491065091
52837882
516428687
22208793
516428687
483406441
355773010
22310673
530761109
506771161
491065091
519070699
303465707
577880375
491065091
62169174
265615730
513156226
440495166
422875190
459132454
551563502
519070699
37029065
479366880
415048788
62169174
516428687
62169174
516428687
31377684
515824759
479366880
516428687
415048788
62169174
516428687
522044726
491065091
519070699
422875190
440495166
471611366
491065091
546225591
47360784
423875617
491065091
355773010
62169174
513156226
519070699
66096233
508021697
589961129
419887544
21364145
424195477
62169174
338803041
440495166
265615730
508021697
519070699
33593248
515229756
23113653
355773010
479366880
530772670
459132454
415048788
516428687
415048788
479366880
415048788
31115890
516428687
589961129
265334984
423875617
491065091
465295869
423875617
584907400
516428687
423875617
424195477
530772670
423875617
27721957
479366880
546225591
28900857
269807491
423875617
516428687
465295869
423875617
513156226
491065091
479366880
43835035
484945535
529719253
29859967
415048788
516428687
524659070
338803041
264373660
303465707
524139778
458529645
423875617
508021697
267014554
546225591
491065091
490382618
45614364
267014554
577880375
491065091
22208793
515824759
21369259
286812493
303465707
264373660
415048788
516428687
323757771
338803041
265615730
40220476
64217842
303465707
529826460
418363878
52837882
38533326
513156226
418363878
423961368
29133542
265615730
355773010
52837882
519070699
51033688
62169174
551563502
508021697
515533330
423875617
546225591
22208793
508021697
313074516
440495166
508021697
486029151
286812493
38533326
21364145
62169174
29945888
355773010
303465707
529194361
408311343
265615730
479366880
64217842
500790464
419456814
516428687
267014554
23932178
515824759
316920433
265334984
530926645
514708653
546225591
516428687
21364145
486029151
48510028
514708653
66096233
62169174
424195477
29039832
423875617
386790243
424195477
423875617
66096233
483406441
513156226
66096233
491065091
582552783
418363878
408311343
577880375
491065091
343544428
480875624
522044726
21452645
64218326
25541287
408311343
423875617
522044726
491065091
22523363
570159687
423875617
516428687
544961376
264860584
480875624
440495166
480875624
66096233
516428687
23758237
36872154
491065091
545938647
491065091
37184967
561191426
491065091
546225591
546225591
38533326
435575574
64355408
531187254
306192061
22208793
38533326
264373660
265334984
491065091
318173687
487415582
454352703
443568722
29685158
436220397
545938647
303465707
514708653
472752268
515533330
515824759
459132454
29383378
507564141
311318103
505535568
47360784
515824759
265615730
267745090
355773010
265615730
453250819
547738772
491065091
520986451
515824759
265334984
62169174
440495166
544735372
336593067
30681215
489220770
517671538
419955822
491065091
22208793
47089790
522044726
546225591
303465707
423875617
28151682
480875624
577880375
513158001
419351500
265334984
