476512794
382268860
468152504
453409961
400121272
486744270
382268860
468152504
499423679
395074629
299253064
416646282
468152504
423428214
381385903
468152504
423428214
358391614
400121272
576378366
468152504
423428214
401285247
393508772
468152504
423428214
381575719
397189559
423428214
407514601
433516301
465244258
423428214
456062011
368555221
423428214
482789264
400422802
581672173
423428214
453409961
489048493
297489361
423428214
412333586
465138722
423428214
499423679
404413352
478682443
458256411
423428214
401285247
395074629
423428214
441477442
381903824
392222753
423428214
371642043
441477442
382119230
423428214
441477442
423428214
365854999
430691011
372652572
416646282
423428214
388382147
453409961
423428214
388382147
458256411
395074629
489048493
423428214
499423679
410551062
365808638
423428214
442951512
499423679
441477442
401285247
423428214
397189559
358391614
576378366
499423679
406276403
364067923
423428214
489048493
437410114
383237060
401285247
441477442
367194905
423428214
355487642
489048493
441477442
410551062
421740891
499423679
430691011
546028597
400121272
423428214
397189559
453464158
401285247
441477442
423428214
590331683
401285247
441477442
423428214
456038523
590331683
499423679
423428214
397189559
423428214
397189559
398299429
461819480
423428214
441477442
397189559
442951512
482561363
576378366
397189559
442951512
482561363
486744270
412333586
397189559
465138722
423428214
395074629
386157174
358391614
423428214
397189559
482561363
499423679
489048493
364067923
397189559
465670962
588317456
489048493
397189559
423428214
482561363
486744270
397189559
423428214
556015596
397189559
423428214
381903824
397189559
397189559
390479292
397189559
405368895
400121272
468152504
465138722
476512794
400121272
468152504
395074629
400121272
476512794
401285247
400121272
381602018
423428214
364067923
444814830
468152504
406470494
423428214
465244258
419469698
406470494
423428214
437234637
468152504
401285247
478682443
587122139
453409961
416646282
489048493
400121272
430691011
371642043
586697439
299587560
423428214
415943764
413378863
424068310
458256411
423428214
398299429
395074629
589233644
581672173
423428214
407210913
483679225
416646282
423550813
461492994
584444196
416646282
465138722
423428214
456062011
416646282
368555221
423428214
356375427
416646282
584444196
433821772
423428214
395074629
416646282
465138722
410593183
423428214
373059764
416646282
499423679
423428214
355520985
441477442
404958397
396340704
437410114
299253064
486744270
471019510
489048493
364067923
441477442
398299429
468152504
586951056
430793741
437234637
437410114
468152504
476512794
401285247
392222753
358170500
367194905
423428214
482561363
465244258
399203544
441477442
421740891
367119110
461819480
579304825
468571027
364067923
392222753
397189559
299587560
423428214
398486121
441477442
401285247
364067923
576378366
296302899
356375427
358170500
453464158
364067923
437410114
423428214
401285247
397189559
437410114
423428214
489048493
401285247
499423679
437410114
423428214
390489365
401285247
437410114
443616224
423428214
437410114
397189559
468152504
388382147
442951512
364067923
441477442
468571027
406470494
397189559
401285247
461819480
417870413
576378366
482561363
461819480
407514601
486744270
482561363
464128564
482561363
397189559
416646282
535720397
589695662
482561363
397189559
388382147
486744270
482561363
397189559
398921945
482561363
397189559
591906934
482561363
397189559
489048493
400334242
397189559
479128563
374185287
397189559
556015596
535720397
584444196
407514601
397189559
482561363
489048493
468152504
423428214
412333586
499423679
401285247
356711241
423428214
372652572
453409961
388382147
410551062
499423679
442951512
441477442
397189559
358391614
489048493
400121272
397189559
489048493
576378366
397189559
482561363
423428214
576378366
441477442
465138722
379434395
489048493
473277303
397189559
486744270
397189559
576378366
585198468
576378366
576378366
585155788
579729747
443777465
565719718
376507374
