603480097
442269658
399395934
455567660
397824318
525015775
442269658
457123588
455567660
429343928
493086823
490558557
544642170
442269658
266572232
532482497
497478886
443309434
547967935
357887015
268420082
429036535
399395934
442269658
570177308
441682319
603480097
457123588
442269658
555416763
570177308
453044768
399395934
574384613
468950186
399395934
460387591
357887015
570177308
446158956
493086823
429343928
555416763
603480097
490558557
603480097
466255200
527661190
441682319
402872975
442269658
570177308
466255200
