553789736
386408930
535633660
546294427
434497044
440088216
536865601
553789736
386408930
542588211
465645073
51215610
447261794
553789736
503367869
553789736
368179729
434497044
541999006
521542832
440088216
439399703
465645073
465698413
51215610
503367869
440088216
504234663
465645073
440088216
521746806
519071546
51215610
503367869
587884478
535633660
521542832
590558418
437796460
521542832
521542832
521542832
412866746
521542832
553789736
439399703
476266460
521542832
521542832
521542832
521542832
521542832
521542832
484241258
521542832
521746806
521542832
521746806
521542832
553789736
521542832
521746806
51215610
521542832
535633660
434497044
51215610
386408930
553789736
535633660
51215610
497234358
553789736
521542832
521746806
503367869
553789736
521746806
51215610
399057569
553791111
521746806
521746806
465698413
386408930
521746806
499083832
494600602
521542832
521746806
553789736
521542832
521746806
437796460
585591616
588592008
521746806
535654090
465645073
519071546
521746806
573842011
386408930
521746806
418671332
590558418
519071546
553789736
439399703
553789736
51215610
521746806
521746806
521542832
51215610
554510709
521746806
51215610
521746806
399537117
521746806
521542832
573842011
521542832
553789736
51215610
521542832
553789736
519840194
521542832
412866746
521746806
553789736
521746806
553789736
521746806
545249950
553789736
553789736
465645073
440088216
521542832
553789736
521542832
521746806
475304828
521542832
585591616
521542832
553789736
521746806
521542832
546945334
521746806
553789736
521542832
521542832
521746806
590228494
521542832
386408930
521542832
553789736
521746806
519840194
521542832
521746806
521542832
465645073
521746806
553789736
521542832
584369367
538775028
521542832
538775028
521542832
51215610
553789736
521746806
553789736
368179729
521746806
521542832
465698413
440088216
465645073
521746806
51215610
437796460
521746806
521542832
553789736
465645073
553789736
465645073
521746806
521542832
521542832
521542832
541999006
521542832
521542832
521542832
521746806
