20539343
21755663
20539343
322658025
21755663
20539343
547860587
24267659
21755663
588196135
24267659
20539343
352476472
24267659
24267659
588196135
21755663
20539343
588196135
362758736
588196135
588196135
588196135
588196135
588196135
588196135
588196135
322658025
588196135
304163979
588196135
588196135
588196135
20539343
588196135
588196135
588196135
588196135
588196135
20539343
588196135
588196135
588196135
588196135
588196135
588196135
588196135
588196135
588196135
588196135
588196135
588196135
588196135
588196135
588196135
588196135
588196135
588196135
588196135
588196135
588196135
588196135
588196135
588196135
588196135
588196135
588196135
588196135
588196135
588196135
588196135
588196135
588196135
