568464366
23424169
485980630
465003115
290269909
568464366
23424169
485980630
465003115
286443425
294528303
30346013
568464366
294528303
479581034
294528303
285057071
40119306
479581034
294528303
402452814
485980630
318027774
465003115
46859854
403313137
294528303
568464366
533597721
390676040
590711104
479581034
365352996
390676040
46859854
479581034
426773521
321260667
479581034
462367086
560002509
479581034
485980630
294528303
365352996
591325611
485980630
23424169
26892684
485980630
568464366
23424169
479581034
465003115
485980630
23424169
465003115
462367086
479581034
40119306
46859854
286748470
465003115
568464366
352318129
439189154
590711104
568464366
485980630
479581034
346660549
329566704
479581034
379405796
304295804
454051803
454051803
485980630
454051803
285057071
485980630
46859854
454803124
40119306
454051803
485980630
454051803
291600230
485980630
479581034
485980630
454051803
485980630
485980630
454051803
485980630
485980630
479581034
485980630
23424169
465003115
485980630
479581034
40338639
485980630
364477897
590711104
590711104
23424169
454051803
40119306
488959059
21927500
35733095
497059944
20682739
442810928
375952484
294528303
21927500
269024193
370144432
375952484
479581034
23424169
296656612
479581034
24795199
40119306
390676040
294528303
479581034
559685282
20188971
365352996
479581034
446578311
46859854
485980630
488959059
46859854
346660549
485980630
372811784
46859854
365352996
462367086
23424169
30031680
404156932
485980630
39571639
294528303
24795199
479581034
338138083
425802595
479581034
429792654
376621120
294528303
454051803
485980630
46859854
285057071
294528303
429792654
388608890
374476913
459194618
485980630
365352996
485980630
454051803
510159957
346660549
364477897
485980630
304549044
34872554
479581034
46859854
429792654
485980630
454051803
358816161
454051803
365352996
485980630
294528303
568464366
23424169
365352996
366023884
414585220
368941115
46859854
485980630
365352996
468268921
485980630
40119306
454051803
485980630
346660549
454051803
485980630
485980630
461447084
454051803
37072205
485980630
485980630
454051803
346660549
485980630
460100827
568464366
454051803
356841487
485980630
376867087
485980630
485980630
422603548
20188971
294528303
35094638
362346082
407703177
453157620
414084358
346660549
46859854
24795199
294528303
523697012
265413521
377948035
294528303
455477087
46859854
384204183
294528303
23424169
375952484
479581034
294528303
516933610
294528303
389255180
404507148
21927500
375952484
294528303
479581034
498545847
432191280
435603995
294528303
403313137
46859854
465003115
485980630
460869138
479581034
465003115
359950080
500927010
316977624
532895899
454051803
384324768
365352996
46859854
59301117
478934527
460869138
449031286
454051803
40156580
366023884
479581034
454051803
363123829
365352996
380812726
46859854
591325611
562407520
429792654
318027774
40119306
404507148
479581034
23424169
296656612
454803124
479581034
365352996
439889873
591325611
479581034
465003115
294528303
37220205
479581034
454562869
479581034
46859854
407703177
454051803
346058024
34872554
591325611
407703177
454051803
366023884
291600230
384324768
294528303
383839355
20859171
591325611
454051803
590711104
454051803
485980630
591325611
590711104
454051803
360453048
479581034
454051803
479581034
423803829
479581034
40119306
479581034
485980630
591325611
358344105
479581034
454051803
479581034
454051803
294528303
364477897
454051803
485980630
454051803
591325611
454051803
454051803
454051803
294528303
500927010
454051803
467160452
590711104
454051803
42234666
485980630
454051803
568464366
485980630
568464366
23424169
365352996
23424169
485980630
21636654
479581034
46859854
29323647
454051803
23424169
485980630
488959059
485980630
479581034
485980630
23424169
454051803
57645792
454051803
