461124292
381464671
393516427
443126632
431405442
20221184
266054415
336604914
432226229
581825070
20020100
25870411
432226229
429551079
581825070
481982382
58830693
51752075
373829747
374909029
20130237
20309237
20128508
19848937
20071180
21104313
20128508
581825070
355617173
352504764
364469543
20221184
363707614
486672906
19553799
20337972
336604914
465663790
20221184
432226229
461060179
450354409
448434960
31924604
441758263
20221184
432226229
20221184
429551079
20221184
381464671
20221184
381464671
388760834
401495096
381464671
20421329
336604914
381464671
23817667
388760834
20221184
370849562
381464671
20221184
378851537
381464671
309951186
363707614
364469543
381464671
20221184
356997734
363707614
381464671
355849737
364334726
381464671
20221184
381464671
340682495
309951186
349803106
20221184
340682495
309951186
20221184
381464671
340682495
339393780
20221184
381464671
338692498
308663552
309951186
381464671
340682495
20221184
381464671
308663552
315682245
309951186
311101814
381464671
308663552
23817667
381464671
308663552
20221184
381464671
308663552
266054415
20221184
381464671
308663552
52953240
66888316
381464671
308663552
24093592
443126632
20128508
467605794
20128508
454598750
20221184
20221184
432226229
381464671
20221184
381464671
20221184
381464671
308663552
20221184
23817667
381464671
52953240
20221184
66888316
381464671
49812116
24093592
381464671
21632327
21650001
24093592
381464671
20689296
21650001
19869742
19777915
381464671
19553281
19552902
381464671
381464671
19552902
