20721233
30145281
21155706
26291341
20721233
30145281
368826046
20721233
307318233
385068213
316548332
368356830
298217222
266172310
30145281
292290246
308393594
400912504
59111377
366031522
352624476
292290246
520974490
294021681
30145281
307318233
24566252
58770068
30145281
59111377
555055754
26291341
19674717
20721233
358167945
366031522
20952748
279626788
583161770
366031522
292290246
561731592
352624476
396436404
475503556
583161770
307318233
352624476
58770068
58770068
352624476
21155706
27006307
400912504
583161770
566233417
455198483
364423806
354167399
20048713
296447356
426489438
475503556
30689947
58770068
411542407
36803713
324670685
49691793
292290246
316548332
396025098
49691793
19674717
583161770
376784440
404519714
20048713
400912504
19674717
316548332
352624476
24750289
316548332
20048713
316548332
404519714
352624476
483761574
51023040
368826046
316548332
20048713
59111377
279626788
561731592
359024937
352624476
366031522
316548332
22082534
279626788
37177838
316548332
400912504
20048713
316548332
425384754
296348926
35298168
366031522
583161770
361833590
20952748
59111377
313235174
30689947
20721233
308393594
366031522
26291341
20721233
30145281
22268298
28256969
28111885
23611552
37656488
561731592
30145281
396436404
352624476
20325702
24566252
20948644
23732905
21369174
352624476
59111377
561731592
21770519
35298168
59111377
19580498
64914293
20948644
30862064
