19764746
27939810
21481205
20375752
277682188
27449416
23667044
21481205
27168198
28621749
277682188
27939810
20973418
382755999
21481205
27214774
282180757
265278492
27214774
20973418
265278492
24894819
27939810
530979206
58145114
48445221
21494945
503079026
395226247
48445221
289015131
21481205
339651034
27449416
26134344
568675330
21481205
282180757
28621749
528116394
503079026
277091287
282180757
430519074
53666870
21494945
53887238
21475657
300644949
28621749
57507086
289015131
282180757
27168198
322038126
300644949
265278492
68638268
301890299
277682188
300644949
289015131
56298004
331647833
265278492
68638268
282180757
289015131
282180757
300644949
289015131
322019162
390467570
352374868
322019162
40657947
26134344
300644949
326489960
322019162
282180757
282180757
322019162
289015131
50881248
410523752
289015131
322019162
40657947
390467570
68638268
265278492
20952073
291713125
27939810
58578493
26134344
58145114
38730120
559408107
289015131
265278492
589039858
282180757
300644949
300644949
265278492
525626840
28903974
58578493
265278492
591298350
297739930
22023405
559408107
522482331
289015131
291655327
517267238
518440838
40657947
53887238
289015131
328094330
40657947
27939810
289015131
58145114
289015131
40657947
289015131
63293219
56301488
534172875
328098403
