500406718
591312865
20899988
21747929
285586045
591312865
590152131
351504112
23105092
21747929
591312865
590152131
20791691
511646587
551004482
265453795
356982241
21546408
298287529
589642089
53261114
328444462
266096929
21747929
298287529
340415734
307749863
589904843
439598096
584477499
581347727
589642089
356351510
589904843
58488056
584713844
340415734
584477499
533185746
591312865
320155407
511856781
492545174
328444462
439598096
266812791
49751695
26934313
27462559
46509697
591312865
589642089
590152131
589904843
31092580
511856781
589642089
439598096
407844290
543929336
22853451
491132556
459004684
500406718
574446635
340415734
439598096
543929336
500406718
317046234
439598096
54403217
554606208
34442235
339778631
21747929
448169628
394259343
459004684
439598096
21418449
22853451
568248345
26934313
288115796
579523482
543929336
382949081
448169628
288115796
405367458
591821235
311207855
48191695
48191695
365343579
26160121
568248345
340415734
48905104
288115796
287421003
589642089
589904843
21747929
534598587
311432227
27503962
568248345
412421967
27368268
367881424
586120986
27574436
586120986
27574436
579916771
563454479
311207855
21747929
604163183
611167161
21747929
439598096
421674339
27876068
306452885
552074650
270352528
494519458
609053260
21747929
491132556
360729923
568248345
21747929
412421967
360729923
568248345
21747929
412421967
340415734
21747929
587040366
390717188
21747929
589576837
365343579
27567688
21747929
581481701
356351510
57261137
604163183
21747929
589642089
288743798
584713844
21747929
587218245
21747929
587218245
43618397
21747929
29138020
23844552
27462559
27462559
609768259
491132556
21747929
572065489
586120986
23148377
579916771
21747929
587489754
20402534
21747929
382725548
452295496
21747929
32048560
48191695
49751695
591312865
65497027
465049546
49751695
22853451
434695322
578099543
49751695
469223256
46509697
486983161
49751695
511856781
39302436
285586045
274409719
364980266
267434362
574785659
548067056
24890607
578099543
493465431
590152131
589642089
356351510
579916771
543929336
51288493
267434362
534598587
553693979
62985699
511262443
486386099
22420900
21747929
293810318
24821788
20941966
49751695
298287529
317046234
367881424
462635818
20305894
51134387
574785659
30589163
533185746
34442235
439598096
563395289
33596746
495468027
30466420
486386099
30589163
459009825
303208441
57746751
37043487
556253610
352626424
543929336
272065178
364980266
26071216
572065489
20596433
34665842
314879954
307749863
356982241
492545174
585745085
30589163
448169628
511646587
266812791
462635818
451327108
36913495
270783764
27459050
328444462
421674339
502674379
356351510
306452885
483939272
421674339
20367931
309112157
48191695
30589163
568530840
412421967
582595084
543929336
587040366
486386099
444555079
456442206
365343579
563395289
548067056
38884089
576256773
340550126
563395289
430885980
439598096
580113412
421674339
456669235
307749863
576758408
20799742
574785659
49751695
439598096
356982241
552074650
54403217
435415765
268247882
20596433
528871933
22335941
448169628
563454479
555706148
311432227
506902360
30896688
27940474
485985051
31092580
531943914
367881424
499229527
511262443
36022013
401638713
429707066
483357851
23148377
340415734
572065489
439598096
587489754
264370798
324218869
356351510
328444462
511856781
341356587
560672370
270352528
579916771
412421967
473107876
306452885
361469806
568248345
272065178
382725548
511856781
51359754
503261465
439598096
66941121
344204034
448169628
367881424
486386099
590152131
589904843
314745062
49770330
562025581
21546408
504157085
265453795
20275578
563806594
34832261
30362260
552074650
266812791
26417244
462986059
265634331
49751695
24590883
450919157
60044384
511646587
455583564
580208002
522616013
356351510
589642089
459770611
302696453
277139137
434695322
24440517
298287529
327093833
543929336
589642089
584713844
359906573
27960832
550497011
49751695
453362079
465049546
543929336
506902360
462332668
268247882
264370798
433870930
20799742
304157901
584477499
276815517
49751695
367881424
459009825
543929336
265634331
287421003
584477499
317046234
24440517
407844290
430021666
306452885
287421003
328066906
522616013
551004482
356351510
46905971
270783764
55615909
589642089
543929336
580208002
439569498
487321841
434695322
583515127
271926659
40148516
443779205
499229527
581347727
279766037
471999381
445562404
306452885
34442235
331477666
320155407
346571485
24590883
36913495
564587764
459009825
568248345
367881424
562025581
502674379
338544695
278682736
559520814
495772801
451327108
494238397
328810338
311207855
575983484
551004482
344204034
27922992
486983161
522616013
451327108
30262900
400400231
386347847
421674339
551004482
568106104
471434830
24590883
27503962
387856198
448169628
341356587
572065489
584923436
439598096
589642089
534598587
433870930
306452885
587040366
26934313
22853451
559474180
439598096
21747929
586408931
485985051
272065178
387856198
315201616
534598587
48690700
306452885
356351510
288115796
287421003
451327108
435533536
31304026
451317362
456669235
543929336
66290306
394259343
271281045
472650585
265453795
51359754
430699763
34098079
26934313
448169628
365343579
446863957
27462559
339778631
21076919
271330075
543929336
21747929
23043337
20259336
30072490
31082722
26443384
58864210
591312865
361948099
589642089
534598587
562037084
313379321
315201616
387856198
539962988
20413979
311207855
30262900
585518109
591312865
22221180
26547156
28900960
576758408
485985051
469223256
340916482
33084543
555960000
452295496
21747929
453748872
581347727
48191695
265634331
345756061
351504112
26700222
53261114
568248345
26682043
348189701
524681952
459009825
534598587
439598096
49751695
568530840
30377549
457163691
572315662
314879954
356351510
450919157
340229645
421174785
568530840
487321841
35113215
39302436
443779205
307749863
57853611
475877331
563454479
581603369
495468027
574785659
51727516
57721663
507790994
453362079
527574626
451317362
38884089
274409719
568530840
552074650
22853451
37043487
503261465
60402355
574446635
537844401
20596433
387856198
21747929
579332163
451327108
486386099
51039416
492545174
565139884
511262443
509917281
279766037
23148377
584477499
43561713
27850677
459275565
324218869
589904843
365343579
29138020
36802908
434732218
340916482
455583564
45621009
522999797
484021414
492545174
403076697
23043337
365343579
340415734
55615909
61624754
448169628
522616013
305437193
367881424
584477499
482003599
544839577
394175354
421674339
369582010
584477499
533185746
548067056
421674339
439598096
580113412
19794858
497344549
28135660
22867411
506367072
20358416
27574436
356351510
20358416
21669554
21747812
566290446
365343579
387856198
21715980
433932953
266096929
272065178
485985051
483301201
29138020
572102382
439598096
350929200
21747929
412421967
27574436
486386099
360729923
568248345
451635771
448169628
26934313
27850677
439598096
26695021
32087709
30466420
67948916
589904843
387940895
30119197
315201616
35172305
289852673
267434362
551004482
31082722
276815517
30290082
347264877
461860114
433240345
23834032
274409719
591312865
276815517
271330075
27940474
26928687
356982241
318138275
377803052
568248345
506902360
22853451
523729202
556113938
20941966
22853451
374253671
35172305
33554217
495772801
581481701
448169628
328444462
298287529
267434362
55615909
22853451
444825341
444555079
303208441
29634589
24440517
289852673
35648714
30737325
31038569
446863957
345497663
453362079
270783764
39839971
27930531
459009825
471957392
387856198
578836368
286268112
566290446
34787444
451317362
265453795
438686773
21747929
589904843
584477499
492545174
586120986
268216396
19882990
30529257
551004482
