305645926
264978217
327589081
386867879
280344818
379747044
49227578
313172064
414191620
268038314
405306736
39243935
313172064
22780654
414191620
41889034
49227578
486613460
439322848
414191620
495168690
313172064
336526885
22780654
327589081
383874402
403997121
336526885
327589081
383874402
313172064
461193433
59901949
364047560
59965174
313172064
386867879
469681286
327589081
391884879
313172064
373220444
450151232
268038314
439322848
313172064
414191620
450151232
478716119
327589081
27967997
313172064
425043328
336526885
371413196
58196615
313172064
27967997
309329339
405306736
313172064
414191620
403997121
327589081
442333723
313172064
303669463
456039310
327589081
394849325
313172064
414191620
399646683
389364447
438572863
313172064
349099224
394034794
395772274
461368951
313172064
393715456
444953165
375053282
343528193
492627229
329229487
394849325
264199987
343528193
59901949
439322848
336526885
576951983
263570336
466330432
453766276
313172064
292687837
349099224
368945333
359408316
405306736
50618295
349099224
368945333
309329339
313172064
414191620
323258800
519218625
313172064
381518764
414191620
368945333
327589081
461193433
460268392
397948608
324023668
349099224
38180521
486613460
466330432
349099224
359408316
414191620
313172064
349099224
414191620
400294844
480426518
313172064
40389569
453766276
36397565
27967997
313172064
264199987
349099224
391884879
327589081
439322848
359408316
349099224
453766276
386813323
461193433
349099224
439322848
359408316
414191620
349099224
439322848
359408316
449214709
466330432
349099224
264336746
359408316
344929686
349099224
359408316
313172064
466330432
349099224
39243935
439322848
359408316
461193433
349099224
312189992
313172064
349099224
439322848
349099224
394849325
359408316
349099224
456039310
359408316
349099224
349099224
349099224
305645926
27967997
313172064
280344818
336526885
268038314
313172064
39243935
55417383
268038314
439322848
313172064
580829387
425523558
313172064
280344818
405306736
336526885
313172064
327589081
292687837
327589081
452541430
395772274
466330432
312189992
327589081
414191620
576951983
313172064
461193433
389095529
395772274
313172064
264978217
22780654
453766276
29894377
51550850
309329339
461193433
486613460
414191620
384830922
40389569
396749538
27967997
280344818
329229487
41889034
384671650
495168690
367145436
403997121
336526885
414191620
580829387
376134845
349099224
313172064
439322848
466330432
458588233
313172064
268038314
349099224
368945333
381518764
336526885
313172064
349099224
309329339
375053282
414191620
466330432
349099224
336526885
414191620
313172064
466330432
407251932
336526885
354420206
396749538
405306736
392183564
408096929
324023668
313172064
405306736
439322848
580829387
359408316
37533243
576951983
313172064
461193433
414191620
349099224
412430499
466330432
309329339
414191620
349099224
403345511
359408316
354883693
313172064
352844969
349099224
359408316
466330432
313172064
461193433
405306736
264199987
313172064
436181057
439322848
492627229
349099224
313172064
576951983
351484234
381518764
439322848
359408316
343477881
393715456
264199987
312189992
391884879
313172064
418574842
359408316
349099224
313172064
405306736
349099224
379987423
349099224
503718312
275700656
349099224
576951983
365760971
581262140
391823758
352316402
27967997
439322848
49227578
383874402
264199987
312189992
313172064
264978217
58196615
268038314
312189992
313172064
461368951
466330432
312189992
313172064
268038314
37533243
313172064
359408316
264336746
313172064
65802344
439322848
313172064
62962525
349099224
456039310
313172064
349099224
313172064
313172064
