586785258
570368182
586785258
570368182
400034217
490738671
586785258
386920818
384156750
303361160
586785258
533458933
519748660
400034217
519748660
502373613
516438366
519748660
387192418
491289018
516237843
502373613
408984423
516237843
363938981
515151777
502373613
510131923
516438366
502373613
498258053
408984423
515972565
502373613
498258053
485176022
498258053
386920818
312018255
490738671
478102003
465095489
296975197
386920818
465095489
452877123
454551282
465095489
386920818
465095489
373319862
400034217
400034217
400034217
280572379
