31922749
496445565
348637052
51951974
328870384
327292932
348637052
266757017
520140489
442000334
23444667
277413946
527807934
50568186
425076353
30535732
30119886
267709963
589023369
383452883
422585253
348397268
31922749
505152704
413225742
422585253
54416634
31922749
55429853
275649131
297289951
333686272
30119886
548828493
267709963
283586476
31922749
577187952
30119886
592012434
548828493
275836379
22293427
577187952
577729993
49713115
520140489
23444667
548828493
299286266
306085320
422585253
548828493
383452883
267873333
283586476
267873333
267709963
55429853
267873333
360953597
30535732
383452883
488831267
534547663
321637389
520140489
589023369
50568186
429078984
488831267
520140489
589023369
584859525
327292932
530926434
328870384
54416634
30397073
283586476
485980630
442000334
267709963
297289951
385217256
50568186
30119886
49713115
30119886
509981015
51951974
285688168
55429853
578076781
530926434
267709963
348637052
520140489
442000334
383452883
45025902
327292932
530926434
30119886
422585253
589023369
283586476
64323144
589023369
577729993
275836379
30397073
520140489
362298516
542727782
30397073
520140489
306085320
442000334
462904376
64323144
348637052
534547663
610863047
527106455
267709963
413225742
30397073
388281138
267873333
285688168
520140489
327292932
589023369
30397073
485980630
383452883
520140489
422585253
534547663
520140489
359189927
378365119
46859854
520140489
383452883
30397073
312032650
327292932
55429853
610863047
269935860
351673708
485980630
520140489
50568186
610942739
283586476
520140489
30397073
404342859
267709963
23444667
542727782
48227269
348046007
327292932
485980630
547630873
390882047
513394502
425076353
266757017
589023369
56402211
590286433
359189927
279558475
530926434
558776804
267873333
360953597
413225742
577729993
31922749
283586476
275836379
359189927
40717380
401019090
589023369
492241342
267709963
577729993
297289951
266757017
321637389
22665085
30119886
462904376
321637389
285688168
520140489
578076781
366333806
41212458
488831267
267873333
378365119
23444667
50568186
47077793
383452883
422585253
267873333
413225742
577187952
40717380
413225742
55429853
348637052
534547663
533597721
30535732
267873333
534547663
22665085
46859854
44309937
577187952
383770760
54416634
30397073
425076353
48227269
306085320
285688168
462904376
500236265
267709963
589023369
462904376
46764119
485980630
267709963
462904376
285688168
485980630
539536725
37083451
267709963
548120294
47261695
57302994
327292932
577729993
328870384
516509313
283586476
442000334
383452883
327292932
577729993
279558475
267709963
548828493
64323144
307350716
442000334
360953597
307350716
589023369
51356869
360953597
267709963
442000334
266757017
316860170
267276281
275836379
443500762
279558475
582601681
589023369
520140489
442000334
359189927
360953597
577187952
584859525
577187952
520140489
488831267
306085320
520140489
577729993
327292932
383452883
520140489
360953597
485980630
488831267
520140489
577187952
520140489
413225742
485980630
321637389
520140489
348637052
485980630
520140489
485980630
30119886
520140489
30397073
485980630
589023369
520140489
520140489
31922749
41212458
28520115
548828493
383452883
267709963
346884947
264469579
55429853
529282639
488831267
321637389
373078369
306085320
425076353
589480526
23444667
371853800
360953597
20072555
584859525
24980754
312032650
62300279
267709963
267873333
50568186
360953597
279558475
488831267
414676308
47077793
267709963
443500762
22292885
582601681
37762522
267709963
442000334
413225742
23002433
442000334
388884038
462904376
22651909
577729993
442000334
54416634
327292932
401019090
55429853
383452883
267709963
585987457
285688168
22148130
404720636
442000334
404342859
530926434
46859854
267873333
425076353
25090657
348637052
267709963
500751395
442000334
538803385
470423582
383452883
442000334
488831267
266970348
22054361
364133647
442000334
266970348
352885689
267873333
286877380
285688168
582601681
47708788
51951974
462904376
487981081
383452883
55429853
55652052
577187952
360953597
422585253
267709963
319035147
383452883
46764119
48227269
360953597
312119512
570195334
401019090
64323144
590935923
275836379
429078984
30397073
422585253
267709963
485980630
577729993
50568186
283586476
30119886
64323144
348637052
442000334
54416634
383452883
285688168
388281138
30119886
30530082
50568186
267709963
541500071
359189927
442000334
21100102
488831267
31162988
327292932
582554447
488831267
20761228
520140489
488831267
267068718
267873333
57302994
520140489
22001726
24742924
383452883
442000334
64323144
28199844
442000334
520140489
327292932
488831267
520140489
360953597
442000334
520140489
24859485
488831267
548828493
