20248768
550832770
20084733
580490384
277225143
468091108
468091108
550832770
457518847
402327595
468091108
550832770
37973742
20084733
382749846
342145136
54873330
37973742
439219701
468091108
20084733
550832770
354696919
550832770
65435025
354696919
550832770
399913696
342145136
377719367
497803719
550832770
583148564
354696919
24361101
371127306
550832770
468091108
361896676
368272210
368272210
468091108
550832770
402327595
443933964
376495054
550832770
583148564
387782410
550832770
580838065
37973742
54873330
377719367
377723244
354696919
24361101
355458573
377723244
376495054
20084733
387909858
327925718
550832770
390544342
376495054
399913696
550832770
435900484
581846973
580889935
392784258
582607575
580760683
376495054
468091108
545501044
377719367
387692444
377719367
580889935
354696919
466585500
580889935
341430408
590548513
387754467
581684024
590543731
581976865
467994629
20084733
545471042
580838065
583148564
20084733
590543731
582802221
20084733
585260076
582473586
500385129
582802221
581976865
