606714574
48750032
606714574
336119442
606714574
336119442
411988312
464033765
422033477
591086677
409815751
429821479
373597858
606714574
437476175
413900957
450943447
606714574
464033765
586914912
354215779
606714574
422066066
527336997
451647524
606714574
591086677
353244927
606714574
589942875
464033765
566282224
464033765
606714574
401639718
466151841
464033765
354215779
331119709
267958658
326784172
454159872
32041852
326856143
335229495
31682124
336119442
32041852
464033765
336119442
31682124
413900957
32041852
395825156
336119442
606714574
338398353
606714574
416805410
409984220
293136819
283053167
336119442
566282224
423415513
395825156
464033765
409815751
566282224
464033765
31682124
464033765
395825156
464033765
353896175
354215779
326978958
606714574
464033765
464033765
436764599
464033765
61670498
464033765
437085991
376715679
606714574
440788228
395825156
336119442
606714574
464033765
62579845
606714574
464033765
606714574
464033765
606714574
464033765
566282224
606714574
401639718
326856143
283053167
455946022
391202928
326856143
566282224
358451202
465929292
406238389
566282224
405110968
31682124
326856143
422976624
465929292
369369704
31682124
409815751
566282224
284961945
316495761
413900957
437085991
336119442
31682124
32041852
566019154
406220386
282015564
397795022
423415513
326856143
335526729
409322768
406220386
326856143
566282224
409815751
401639718
566282224
293047211
331119709
61999808
336119442
422500138
472763565
61999808
331573372
440331998
416805410
31682124
281691905
283053167
416805410
334760245
369369704
315046761
338707897
401639718
471519687
283053167
439210242
32041852
464033765
31682124
395825156
497088902
436764599
32041852
408980260
395825156
48960303
436764599
464033765
380229805
31682124
464033765
437085991
409984220
464033765
416805410
455946022
606714574
283053167
458060515
408629755
312686300
395825156
464033765
336119442
401639718
422033477
471519687
282432097
422976624
401639718
385983217
283053167
455946022
411931811
395825156
398234836
606714574
61550739
472763565
395825156
606714574
464033765
606714574
416805410
430045722
606714574
335526729
464033765
464033765
606714574
437085991
464033765
61550739
464033765
403843923
400399879
566282224
464033765
401639718
411988312
589286754
62579845
32041852
566019154
353044550
409984220
42469078
606714574
268068305
424867814
283053167
363209983
344697931
320236037
591153931
592101270
478246443
372408205
325921663
496498502
464033765
268598158
521026453
540517557
515523897
444304777
591086677
589942875
464033765
571650052
424868206
590119084
606714574
590119084
588548901
464033765
591091967
464033765
418570138
606714574
315413936
587970930
464033765
591086677
606714574
591091967
606714574
589942875
606714574
424868206
540338917
592101270
423013468
591091967
487587603
531570120
386128683
441112253
572921641
464033765
447768496
543036529
317700427
