364160142
577165415
27076261
583088864
558645703
267453423
27076261
311890615
300314811
558645703
583742954
577165415
336724425
364160142
505359910
26681307
583088864
56306506
583742954
583088864
566502469
518085687
310033805
583088864
583742954
26681307
583088864
27076261
558645703
423412421
577165415
558645703
311890615
371088361
56306506
583088864
558645703
311890615
583742954
558645703
56306506
583742954
558645703
56306506
268591261
56306506
558645703
27076261
518085687
558645703
311890615
583088864
355643270
577165415
56306506
505359910
364160142
577165415
308668451
583742954
558645703
566502469
558645703
563393815
583088864
558645703
583742954
558645703
565636393
558645703
505359910
583742954
558645703
300314811
583088864
558645703
558645703
27076261
311890615
336724425
558645703
505359910
583742954
267453423
558645703
274566703
56306506
267453423
558645703
371088361
311890615
583742954
267453423
558645703
26681307
56306506
518085687
558645703
56306506
558645703
505359910
558645703
558645703
558645703
