307324091
276532475
534894050
321822699
276532475
534894050
353464599
276532475
534894050
353464599
321822699
560008890
276532475
534894050
334368166
353464599
276532475
465722428
307324091
334368166
276532475
465722428
307324091
334368166
276532475
353464599
353464599
321822699
276532475
321822699
276532475
353464599
334368166
276532475
321822699
276532475
321822699
276532475
353464599
276532475
353464599
534894050
465784794
276532475
353464599
276532475
353464599
276532475
307324091
334368166
321822699
276532475
276532475
321822699
276532475
353464599
307324091
276532475
276532475
276532475
