324419036
314654162
324419036
338454820
324419036
325537092
324610603
325537092
324419036
325597209
423435426
389002329
314654162
324419036
531206790
346007023
395701179
395712639
325065583
325537092
324419036
325065583
531206790
324610603
314654162
324419036
325024765
531206790
325065583
324419036
346007023
531206790
325537092
325065583
350858896
344886070
395701179
324419036
346007023
423435426
324864110
324419036
531206790
386480392
323136083
324419036
325065583
531206790
338454820
440925142
325065583
323717260
443269949
325065583
314654162
395701179
325065583
314654162
350858896
395701179
325065583
314654162
325613668
388730185
325065583
314654162
531206790
325065583
333834476
531206790
325065583
338454820
395701179
389002329
325065583
325537092
338454820
324419036
325065583
531206790
324419036
325065583
324536441
531206790
395712639
325065583
395701179
344596794
325065583
323717260
346007023
325065583
531206790
395712639
325065583
395701179
326079068
323717260
324419036
325065583
395712639
389002329
323717260
395701179
326079068
395712639
324536441
325065583
324536441
325065583
357259987
324419036
578275471
440925142
324419036
338454820
548738948
314654162
389002329
395701179
324419036
324536441
395701179
346007023
325537092
324536441
323717260
324536441
324419036
531206790
324536441
326079068
323825257
324536441
323717260
325065583
583504648
531206790
531206790
423435426
521324488
484107859
471791488
451031640
484107859
449548253
451338743
484107859
449876126
440925142
451338743
484107859
449698269
451338743
430200668
412356361
426446122
423435426
426319935
409189377
353359706
412356361
423435426
363567378
395701179
395712639
389002329
395701179
395712639
346007023
395712639
388398005
395701179
388383982
389002329
338454820
395701179
395712639
390159414
374609588
384890064
395701179
395712639
389002329
395701179
353359706
389002329
369612030
395701179
389002329
363732846
395701179
346007023
389002329
354964556
395701179
346007023
389002329
395701179
346007023
339361170
344979959
355185825
346007023
325024765
325065583
346007023
344596794
338454820
325537092
314654162
325065583
338454820
323717260
325537092
325065583
338454820
314654162
324536441
336594631
338454820
324610603
324536441
333900650
314654162
338454820
324419036
325613668
325065583
338454820
325537092
324419036
324610603
325065583
338454820
325380356
324419036
326360327
325065583
338454820
326079068
324419036
325024765
325065583
338454820
314654162
324419036
326079068
325065583
325024765
324864110
324419036
325537092
325065583
314654162
326360327
324419036
323825257
325065583
324536441
314654162
324419036
324418934
325065583
323717260
323825257
324419036
326360327
325537092
324419036
314654162
325065583
323825257
326079068
324419036
314654162
325065583
324412910
324419036
314654162
325065583
324536441
323717260
324419036
314654162
325065583
324536441
324419036
325024765
325065583
323717260
324536441
324419036
314654162
325065583
323717260
324536441
324419036
314654162
531206790
582480241
534002921
583504648
531206790
582480241
531206790
335506831
578275471
531206790
435140153
366129911
578275471
531206790
531206790
531206790
531206790
531206790
531206790
531206790
531206790
531206790
531206790
458204767
531206790
466033816
531206790
451087408
450315627
531206790
412356361
