469923848
421433339
513074703
459036721
434018916
357955600
428294817
544743970
469923848
553690208
452444239
486694844
513074703
466120191
439094257
520805005
469923848
389359028
513074703
510836822
555467079
460503025
319882873
57617678
424159595
271139894
439094257
357955600
398712438
364629218
398712438
550549821
469923848
528652971
550549821
504472728
468520177
458886672
513074703
452444239
364629218
520805005
455617698
378493134
448599681
383989748
329571104
324592314
548899039
513074703
585281497
329571104
324592314
390485345
550549821
586660977
435088323
469923848
538963192
435825379
391261053
389359028
520805005
364629218
306309611
353934907
329571104
271139894
513074703
357955600
419484800
448599681
458721188
357955600
417712627
324592314
389359028
360947170
508792507
324592314
544338978
324592314
364629218
468896563
271139894
582625011
371941979
389359028
512216821
396688231
452444239
364629218
452444239
299081849
558443192
360947170
299081849
357955600
457489701
448599681
532235767
364629218
553531734
547268386
321188409
501055940
525662701
505321175
582418447
324592314
435215604
357955600
466753454
324343015
556319941
439094257
360947170
433795945
447358962
462884337
491245951
520805005
508792507
469923848
420119238
57617678
271139894
548933348
395785250
419484800
319497945
442161198
472572020
309965406
57617678
455617698
459036721
466753454
401503915
324592314
370937742
324592314
390485345
469923848
324592314
271139894
406243552
469923848
381825998
469791539
448599681
548899039
374097735
329571104
324592314
435088323
324592314
324343015
591400524
398058208
541454288
457796539
474621646
398712438
447358962
452444239
508792507
461642445
279499831
553690208
412011813
369844224
461642445
398202039
299081849
442161198
527907736
378139913
360947170
452444239
423502161
524568632
324592314
439094257
554617272
442018287
528245099
555739331
458721188
271139894
466753454
430254560
357955600
360947170
466753454
534661694
360947170
582647891
457796539
271139894
469923848
459036721
447358962
462884337
559160363
508792507
550549821
389359028
510836822
319882873
447358962
513154807
465208753
357955600
462884337
320670823
395785250
520805005
387338409
293965646
466753454
442161198
423502161
504472728
390307029
494521027
370937742
328005146
389359028
309965406
405953499
461642445
387338409
423502161
57617678
459036721
466753454
351018382
370230899
400326576
370824256
383291949
370937742
381825998
384129096
389359028
324542803
420119238
391261053
324592314
380961996
469923848
295636553
299081849
434018916
369262620
377057806
374097735
353934907
538460071
469923848
357955600
371941979
370275468
455617698
357955600
281567784
324592314
515421466
370682452
377057806
470786874
394694703
404763057
520159117
468896563
371172359
435088323
271139894
364629218
357955600
389359028
470776372
271139894
377057806
423502161
433795945
470786874
405953499
558443192
520805005
398712438
324592314
387338409
508792507
472473739
371941979
353934907
584146537
548899039
377057806
442161198
429468978
360947170
424159595
324592314
370937742
271139894
360947170
399176130
430279549
271139894
299081849
438918802
324592314
448599681
435215604
351018382
452444239
271139894
528245099
553336826
306412486
385390364
296825443
271139894
324592314
319882873
513154807
428147856
357955600
324592314
548899039
458721188
433795945
466753454
469923848
496102211
384016837
553690208
488226795
520805233
440036800
447358962
447366125
435215604
306309611
447358962
495649027
555467079
468896563
447358962
561783238
57617678
341562401
398712438
469923848
324542803
360947170
508792507
351018382
378139913
371386158
354189881
319882873
377057806
309965406
271139894
341661079
360947170
370937742
472572020
435215604
57617678
485132360
364629218
405953499
281567784
455617698
421433339
383377964
376622997
483984696
460503025
351018382
532646365
486141692
371742257
299081849
398712438
508295766
533043153
267881447
324592314
270438054
435251111
528652971
435088323
370937742
381825998
409169896
360947170
370937742
369844224
458721188
512034466
528245099
544338978
421433339
351018382
398712438
523958652
486141692
382586703
64276929
325701823
369844224
329571104
320223842
398058208
433218271
508792507
518476105
442161198
309965406
508792507
395785250
462884337
391261053
420119238
450187100
299081849
276737518
458721188
495649027
435088323
370824256
271139894
378139913
512269851
508792507
341562401
409169896
398653641
328391681
468896563
299081849
466120191
383185118
411806683
435088323
299081849
384016837
271139894
391261053
486066963
511774781
328391681
466541022
365985331
447358962
389359028
370682452
281567784
355483075
324592314
405953499
351018382
374265908
299081849
383377964
328391681
381825998
468896563
454475666
466753454
527907736
468896563
528245099
423251911
483792606
483954354
435088323
324592314
271139894
525628199
303283791
466753454
370682452
395785250
360947170
271139894
589985812
271139894
393764530
466753454
506028456
435088323
433129287
466753454
432988825
480877009
299081849
357025286
466753454
299081849
271139894
384016837
528652971
447358962
405953499
528652971
58107173
378139913
512034466
435088323
416200837
433097408
464024696
512171792
538793320
508792507
545709152
434810590
378212642
377057806
369431044
555467150
316136361
57617678
59849130
460503025
293965646
510322586
378755430
509167195
299081849
548899039
434215343
319882873
511774781
407452246
491922000
267881447
455617698
328391681
351018382
471775780
299081849
338891354
421433339
486141692
384129096
381825998
486141692
441448770
513154807
511580548
413351548
357469497
