479546432
548990979
430433847
460453248
38168587
542384517
22614530
31453442
42308581
520612625
590671381
542384517
552511544
295218763
427955750
509043179
280902940
53334486
358501132
334294484
348529473
520612625
295218763
571753126
571753126
322456200
494009464
427955750
31636086
51397059
322456200
54574982
478832833
47294528
53334486
527530463
309325534
515500415
282194226
542384517
47819244
579228650
460453248
590671381
427955750
28173190
542384517
590671381
450546000
572328823
348529473
444501084
459046236
24371626
346623885
549684731
427955750
568655105
549684731
54475162
485182018
50907887
322456200
427955750
358501132
589280976
322456200
590673872
535513386
460453248
419409955
53493618
590671381
590673872
47819244
443082855
358501132
67936725
590673872
514755659
491062855
340581356
590671381
420652966
457421815
322456200
542384517
558508743
323625485
343920897
592007186
427955750
590673872
334294484
549684731
582158045
514755659
526444609
562246965
322456200
358501132
380519532
322456200
590673872
358501132
322456200
427942662
590671381
589766166
343920897
437399629
590673872
590282480
427955750
590673872
335953077
589280976
479546432
485182018
571753126
515156209
460453248
