24296512
532600930
534715244
24296512
400906462
587696864
493452560
453795146
310353421
453795146
534715244
589832114
314601453
534715244
557449230
588571736
491588139
21872181
453795146
530930379
588414822
534715244
310353421
453795146
530930379
314601453
587418116
440688612
534715244
440688612
523805561
448553792
318503695
21872181
530930379
589840434
276575163
530930379
341289039
21872181
24296512
352226245
588414822
310353421
310353421
530930379
493452560
21872181
24296512
530930379
310353421
41713862
567265318
588414822
530930379
400906462
530930379
310353421
314601453
24296512
587696864
61233428
453795146
530930379
530930379
530930379
310353421
530930379
378661237
400906462
530930379
453795146
24296512
400906462
530930379
534715244
530930379
530930379
530930379
544731522
530930379
530930379
400906462
310353421
530930379
400906462
530930379
591322935
530930379
530930379
400906462
459890858
400906462
530930379
400906462
310492043
400906462
453795146
21872181
24296512
68725206
29361150
36502612
24296512
314601453
373786560
534715244
265906527
24296512
314601453
276575163
491588139
530930379
346393034
314601453
24296512
21872181
49939701
453795146
24296512
586227356
21872181
491588139
24296512
21872181
530930379
312730443
318503695
24296512
588473066
314601453
394342736
