589412571
321097655
387550377
31452167
364763663
30587018
526537951
48922931
374174264
58105065
553381710
359970407
58714215
22132795
586365754
387550377
454321081
22132795
57802761
586365754
364763663
68729098
57118895
23544746
321097655
40273887
57118895
285084411
30587018
586365754
57118895
359970407
500000314
374174264
57118895
589035136
541030100
364763663
57118895
411132235
22132795
28353973
560643957
349957008
29257571
364763663
57118895
349957008
57118895
494760261
30587018
307497950
22132795
555514143
461075356
30587018
57118895
326973738
349957008
351766584
22132795
387550377
553082071
522731865
57118895
41502002
57360305
22132795
584294056
459392886
526537951
57118895
374174264
57118895
555795051
464662417
49067466
37941174
398736640
58551155
22132795
22132795
461075356
316801472
374174264
585537551
265728533
374174264
379882149
22132795
300021169
22132795
57118895
553082071
30821189
384091623
319568418
57118895
446669043
591981937
412900048
57118895
461075356
527796025
58714215
588634288
461075356
590072215
57118895
590932910
271153518
588243462
57118895
22132795
520279665
321162228
34819280
591369718
57118895
590890689
68548266
57118895
584294056
68548266
57118895
522731865
22132795
374174264
22132795
321097655
375825056
67617064
24053278
321097655
381670043
528022480
30587018
57118895
330091787
316801472
58714215
57118895
381670043
22132795
30587018
58714215
463500022
465735702
374174264
461075356
49067466
264793616
448288744
307497950
349957008
330091787
307497950
271361673
30587018
374174264
319468696
443858756
22132795
553082071
327059629
352548434
431621154
374174264
43419961
40387441
22132795
330091787
57118895
359970407
37941174
22132795
465108257
272119100
359970407
57118895
352548434
431775525
349957008
321162228
22132795
327059629
321162228
359970407
448972628
300021169
417786900
270724929
30821189
359970407
443858756
29029053
319254683
448332797
300021169
56684502
57118895
349957008
57118895
359970407
57118895
387550377
364763663
22132795
330091787
461075356
22132795
376662801
22668704
323264112
22132795
330091787
23544746
22132795
57118895
320422928
450173469
29257571
22132795
330091787
374174264
37368729
364763663
22132795
330091787
385287113
40273887
22132795
48427742
379963069
22132795
57118895
500000314
48922931
22132795
321162228
55372770
323264112
349957008
326973738
390502871
461075356
385165160
455893204
374174264
67214619
330091787
349957008
390502871
359970407
397426020
321162228
57360305
374939430
40273887
321162228
43419961
330091787
59585067
322167610
528022480
330091787
500000314
40273887
48922931
22132795
23883013
447076836
461075356
359970407
461075356
541030100
39058244
22132795
390502871
330091787
541030100
57360305
425604933
55372770
271361673
349957008
349957008
461075356
374674150
359970407
349957008
330091787
455893204
55372770
359970407
463500022
322167610
359970407
40387441
541030100
58714215
321162228
475274884
451883114
320422928
391160032
21401877
330091787
461343839
271484895
270724929
29029053
321162228
464469988
55372770
270724929
40387441
30587018
22132795
514852643
541030100
330091787
48922931
30587018
465735702
55372770
31452167
330091787
379241121
463500022
300021169
463500022
56708133
443858756
57118895
24053278
454321081
352548434
300021169
48922931
29257571
374174264
541030100
55372770
374174264
22132795
327400926
307497950
40273887
461075356
541030100
275810684
40273887
57118895
541030100
22132795
269756273
359970407
541030100
374751848
321097655
30587018
385482640
47014871
322167610
58714215
590932910
55372770
50943342
322167610
57360305
448288744
38446200
29029053
541030100
330091787
271787457
413233283
330091787
371463944
320422928
359970407
321162228
30587018
359970407
327059629
312679871
265769447
22132795
461075356
57360305
327059629
326973738
330091787
321162228
57360305
303201522
330091787
321162228
21401877
553082071
34333625
374174264
30587018
49067466
48922931
30587018
57118895
461075356
273670293
37941174
386950259
461075356
330091787
412900048
446669043
324999342
29029053
377157401
374174264
390502871
22132795
327059629
528022480
349318466
461075356
56194222
321162228
23544746
330091787
303201522
22132795
30587018
308630992
461075356
30587018
328085313
22132795
463500022
30587018
22132795
281711950
446669043
271787457
454321081
30587018
321162228
390502871
500000314
330091787
57118895
390502871
327059629
374174264
57118895
344588532
461075356
57118895
461075356
23544746
377565150
22133596
321162228
327059629
41284677
57118895
321162228
30587018
67617064
57118895
26414246
461075356
588634288
412900048
330091787
22132795
454321081
68729098
349957008
57118895
23544746
55701968
316801472
440552431
275810684
40273887
560643957
24053278
22133596
30587018
330091787
361692218
553082071
42709359
374174264
390502871
359970407
57360305
300021169
57118895
48922931
374751848
321162228
412900048
55372770
30587018
68729098
524020008
590532399
589035136
