481291980
66666711
545577838
348046007
485980630
57550464
37148115
267576457
481291980
485980630
57550464
324274795
536460860
313805525
61944235
19614538
579594077
61944235
505152704
19614538
416766630
472878768
265820030
332292519
548729436
24488040
35988355
35099422
415667494
21786071
19614538
324274795
370371597
66666711
462904376
267576457
39077265
22651909
462904376
279569141
61944235
545577838
267576457
19614538
31806053
306504973
267576457
21100102
279569141
31806053
306504973
500751395
544794508
541375375
267576457
306504973
545577838
579594077
267576457
19614538
370371597
35099422
462904376
19614538
485980630
42251183
487075839
462904376
342075010
306504973
21804880
370371597
509981015
462904376
485980630
541375375
35099422
462904376
485980630
370371597
265820030
530903256
485980630
57943484
35099422
547610588
306504973
61944235
342641590
60760274
485980630
57550464
487075839
324274795
370371597
35099422
541375375
485980630
462904376
370371597
315225759
370371597
541375375
370371597
301747499
485980630
306504973
370371597
485980630
21100102
370371597
324274795
267576457
19614538
472878768
370371597
485980630
370371597
19614538
306504973
23525386
337129431
485980630
401609715
306504973
485980630
526481956
485980630
19614538
19604541
485980630
370371597
66666711
485980630
487075839
485980630
370371597
61944235
485980630
31806053
19604541
342641590
418196034
515547005
375434927
485980630
370371597
562009865
370371597
57943484
20501110
548822335
37148115
21804880
20501110
300104375
370371597
57550464
324274795
500751395
370371597
371887649
499516714
269665094
336206763
306504973
397212203
485980630
306504973
267576457
545577838
505152704
55442701
57550464
19614538
403062069
306504973
313805525
19614538
22651909
279569141
267576457
263443935
313805525
306504973
22651909
348046007
42251183
485980630
39077265
487075839
306504973
344731871
324274795
472878768
473830689
39077265
332292519
315225759
31806053
39077265
19614538
485980630
19765659
541375375
306504973
485980630
387255476
57943484
485980630
39077265
321186670
391433699
485980630
39077265
436081194
57550464
370371597
37148115
22651909
472878768
57550464
324274795
432201383
348046007
370371597
544794508
348046007
292592536
370371597
306504973
391433699
485980630
526481956
306504973
370371597
66666711
485980630
61944235
57943484
279569141
306504973
57550464
24488040
485980630
379469900
500751395
455558105
526481956
364197303
348046007
370371597
370371597
31806053
63055321
365652104
485980630
19614538
315225759
279569141
485980630
19614538
370371597
370371597
370371597
485980630
370371597
485980630
370371597
462904376
42251183
23525386
485980630
37148115
19614538
449403816
37148115
26645359
415667494
19614538
337129431
305003073
472878768
519785573
482793922
23525386
39077265
332292519
371887649
472878768
57239495
348046007
332292519
337129431
350525185
279569141
532450100
37148115
22651909
61944235
337129431
19614538
57943484
455452534
279569141
61944235
368423144
432201383
348046007
370371597
485980630
23525386
348046007
379469900
305003073
481330276
46739340
348046007
393698568
487075839
499516714
348046007
342641590
500751395
42251183
19614538
61944235
371887649
416766630
342641590
391433699
348046007
269665094
24488040
541375375
31806053
19604541
348046007
337129431
306504973
405399442
66666711
279569141
37148115
315225759
379469900
391433699
472878768
19614538
35151410
400213657
26842635
487075839
371887649
485980630
39077265
348046007
391433699
482793922
394035205
66666711
348046007
39077265
370371597
348046007
485980630
526481956
348046007
541375375
485980630
407754633
348046007
485980630
32313562
19614538
279569141
368423144
31478708
370371597
462904376
66828094
19614538
352774138
370371597
485980630
541375375
503193403
371887649
485980630
348046007
61589281
472878768
361234515
21100102
39077265
485980630
31806053
530245972
541375375
39077265
485980630
19604541
42251183
39077265
368423144
279569141
37148115
21786071
370371597
485980630
279569141
337129431
485980630
472878768
370371597
485980630
370371597
57943484
485980630
370371597
485980630
348046007
370371597
348046007
23525386
472878768
300556102
19604541
485980630
263443935
541375375
370371597
370371597
485980630
370371597
19604541
324274795
27581276
371887649
21804880
22651909
314133557
319421737
348046007
23525386
397612931
35988355
327313103
531179566
57943484
542464100
531179566
393727428
545577838
23616865
541375375
66666711
46739340
61944235
337129431
379469900
449033333
371887649
541116531
46739340
462904376
37148115
434962406
402010773
348046007
37148115
579594077
348046007
35988355
37148115
57943484
485980630
332292519
533256934
472878768
337129431
370371597
265820030
39077265
37148115
368419519
391433699
401609715
306504973
449403816
337129431
39077265
368423144
306504973
19614538
332292519
369910731
337129431
19614538
415667494
277623424
21206598
57550464
342641590
66666711
293532319
487075839
541375375
532889388
348046007
344731871
31806053
348046007
39077265
416766630
348046007
359400740
37148115
370371597
294490742
31806053
348046007
267576457
19614538
279569141
348046007
500751395
374417424
499516714
332292519
23525386
267576457
394035205
348046007
57943484
51469007
522559584
373580163
348046007
37148115
319421737
39077265
370371597
19604541
370371597
337129431
21100102
332292519
279569141
348046007
541375375
324274795
37148115
541375375
348046007
37148115
39077265
35151410
348046007
279569141
382559540
57550464
370371597
265820030
39077265
35151410
31806053
22651909
541375375
472878768
332292519
39077265
370371597
21100102
370371597
306504973
57550464
472878768
485980630
348046007
66666711
19614538
370371597
57943484
370371597
