68203611
19667267
19621922
19667267
24229395
55442743
500138020
20215319
587716883
304058992
20917923
20215319
20017927
20215319
434431161
322658025
514394258
20215319
349737462
514394258
20215319
570360912
514394258
20215319
28198995
19667267
587716883
514394258
20215319
20917923
514394258
20215319
570360912
514394258
587502004
19667267
28198995
514394258
28198995
398358946
20539343
20215319
28198995
52174658
434431161
20917923
492881371
358347384
339390014
19621922
590179343
464381580
353728113
514394258
28198995
590179343
587716883
20215319
590179343
413136248
19870679
20215319
572420571
352101563
55442743
489161160
590179343
570360912
353728113
490203203
372636958
279050261
570360912
353728113
319238823
570360912
353728113
590179343
514394258
353728113
590179343
19667267
28198995
587716883
342045946
590179343
587716883
23887940
464864592
590179343
20917923
514394258
304579104
587502004
349774792
56554226
514394258
20215319
20017927
322658025
20917923
516447646
514394258
20917923
20215319
19667267
19621922
23927628
68203611
20215319
587745788
52174658
20215319
19667267
23887940
28198995
20917923
19621922
514394258
266245328
358347384
19621922
413136248
572420571
20215319
19655355
570360912
19667267
20215319
19621922
586164329
20215319
590179343
587745788
347224590
586164329
587502004
586164329
586164329
20385948
586623569
574587303
20215319
514394258
586164329
591440185
20215319
68203611
590179343
19667267
28198995
20215319
20215319
20215319
