51436916
380630524
437062889
48561170
51436916
490287084
437062889
51802762
333637033
487071470
437062889
380630524
539372766
437062889
437062889
490277482
437062889
51801689
265405714
437062889
532085058
487071470
436725388
380630524
487071470
537478835
380630524
487071470
410506988
490277482
487071470
380630524
436725388
487071470
263725579
436725388
437062889
380630524
487071470
436725388
51436916
333637033
532085058
380630524
436725388
50389249
380630524
67932844
532085058
380630524
437062889
487071470
532085058
380630524
265405714
487071470
490277482
437062889
487071470
51436916
532085058
487071470
437062889
436725388
532085058
51802762
380630524
490277482
487071470
48561170
380630524
532085058
490277482
437062889
436725388
532085058
490277482
437062889
436725388
380630524
532085058
67932844
380630524
532085058
490277482
265405714
380630524
532085058
490277482
436725388
380630524
436725388
380630524
532085058
487071470
436725388
380630524
532085058
51801689
436725388
380630524
532085058
48561170
380630524
532085058
380630524
487071470
380630524
437062889
436725388
380630524
532085058
436725388
532085058
436725388
437062889
487071470
532085058
436725388
487071470
532085058
436725388
532085058
487071470
532085058
380630524
532085058
490277482
333637033
532085058
487071470
436725388
48561170
532085058
437062889
437062889
437062889
50389249
490287084
314390186
380630524
487071470
380630524
48561170
333637033
51802762
263725579
487071470
436725388
380630524
410506988
380630524
437062889
67932844
487071470
532085058
437062889
265405714
487071470
48561170
380630524
487071470
436725388
487071470
380630524
487071470
380630524
493308886
436725388
380630524
487071470
380630524
582725993
487071470
380630524
48561170
359917375
487071470
573578377
436725388
380630524
437062889
487071470
532085058
532085058
436725388
48561170
314390186
436725388
380630524
487071470
487071470
487071470
487071470
48561170
487071470
487071470
487071470
487071470
67932844
487071470
487071470
487071470
487071470
487071470
487071470
487071470
