423678407
431132675
554793511
569219457
484693463
418747565
461847858
479356616
319729116
479313075
270675426
464987255
319729116
450031662
527430838
461847858
487817336
492591704
461847858
437122051
450031662
319729116
481995716
608421327
319729116
574535408
569219457
578829601
319729116
343001869
608421327
572495904
319729116
319729116
578829601
552782213
464987255
428109622
564423509
480213390
549329051
487817336
552782213
608421327
549329051
407086559
552782213
450031662
442299155
492591704
458104959
554793511
285501092
343598292
578829601
285501092
401117416
564423509
556013187
608421327
319729116
416271064
281333480
343001869
564423509
319729116
