19934309
52070583
540097942
314752342
306789195
540097942
24928449
291669112
540097942
37024282
19934309
37024282
52070583
540097942
355554211
68681703
284967378
355554211
320189478
540124584
355554211
540097942
291669112
540097942
37024282
545693080
540097942
19934309
442388924
540097942
540124584
478505546
442388924
28104693
306789195
19934309
540097942
25917132
540124584
19934309
540124584
291669112
540124584
540124584
28104693
540124584
314752342
540097942
540124584
540124584
306789195
19934309
540124584
314752342
540124584
314752342
540124584
540124584
540124584
19934309
68681703
540124584
540124584
540124584
25917132
540124584
291669112
540124584
540124584
540124584
540124584
540124584
540124584
540124584
540124584
540124584
540124584
540124584
540124584
540124584
540124584
540124584
540124584
