20886933
21283475
431850542
20886933
546010078
20633755
20886933
598839115
314113966
584997963
455818048
417075948
407825036
508753868
20886933
392661911
359000749
546010078
464480869
36796059
529600429
23463534
511018651
20886933
526873383
567720851
359000749
582532251
436979793
315951650
555021870
526272529
351743117
532779781
607919111
20886933
417075948
63843376
546010078
20886933
36326405
572652427
23463534
432411706
456555354
449753944
36748132
418278946
311924491
526272529
278012827
531681260
362063400
36326405
