591518283
411425717
353085825
591518283
589962453
411682578
330693775
591518283
496672624
309180343
303930787
591518283
353085825
408692081
589962453
591518283
353085825
28881353
589962453
529982774
591518283
363202942
586860409
589962453
497554514
591518283
498420681
411921730
589962453
591518283
28881353
307728012
589962453
365004710
591518283
589962453
28881353
591518283
308841403
589962097
385520087
411985422
591518283
586860409
418495003
591518283
28881353
394755484
496689201
591518283
28881353
330693775
591518283
28881353
493746688
394755484
353085825
576940620
355180249
28881353
394755484
591518283
316017797
28881353
394755484
591518283
375888332
28881353
591518283
589962453
587252960
394755484
591518283
361708450
394755484
28881353
518120410
308841403
423652205
591518283
28881353
339135205
591518283
28881353
359243071
469303613
591518283
28881353
394755484
591518283
28881353
339135205
589756810
308841403
402931948
28881353
587252960
28881353
394755484
496689201
28881353
591518283
469303613
394755484
28881353
591518283
353085825
308841403
28881353
591518283
28881353
591518283
411272448
496689201
28881353
591518283
28881353
591518283
308841403
339135205
589962453
28881353
469303613
411739639
28881353
591518283
492696333
28881353
411425717
370811678
590595235
28881353
591518283
452077814
394755484
28881353
591518283
413024950
411425717
28881353
591518283
496672624
411425717
404519600
28881353
530021203
28881353
591518283
496689201
28881353
591518283
307728012
589962453
28881353
591518283
316017797
589962453
28881353
591518283
496672624
589962453
28881353
591518283
411995587
587252960
28881353
591518283
404671798
589962453
28881353
591518283
529982774
411425717
442521071
483760968
411425717
496672624
411985422
408692081
588891286
589962453
394755484
411985422
423652205
589962453
442576218
411985422
446561938
425651422
339135205
411682578
394755484
464242893
512303400
353085825
557549302
362435888
350452112
411739639
411985422
330693775
353085825
495848198
589962453
330693775
426183664
57272673
411985422
357424985
403085268
332663659
315757038
574296345
28881353
495848198
464242893
339135205
518120410
400873996
574296345
337355208
411682578
330693775
470204931
589962453
361708450
496689201
589962453
590595235
411985422
394755484
530021203
578084634
464242893
589962097
442576218
307728012
411985422
586860409
355576724
589962453
308841403
469303613
529982774
589962453
339170325
520172013
574296345
465515777
411739639
370811678
464242893
496689201
28881353
495780080
355576724
408533485
28881353
589962453
518286221
410794206
512303400
341518514
582646379
402931948
28881353
394755484
411905766
470204931
28881353
487637910
589962453
582646379
462711492
394755484
426183664
403085268
589962453
495780080
492696333
404519600
460433898
411425717
28881353
418495003
353085825
316017797
359243071
411905766
495848198
411995587
487637910
589962453
496689201
411425717
363103318
574296345
589962453
496672624
411682578
346843549
589962453
411995587
451064310
411995587
411985422
496689201
411995587
404519600
532588768
496672624
471196364
492696333
532183737
496689201
411739639
582646379
498319337
518120410
411682578
553998127
57272673
411425717
490839986
589962097
512296405
501362474
518120410
307728012
308841403
412415827
589962453
353085825
400873996
492505845
498420681
589962453
518120410
496689201
382377283
418495003
576940620
346050234
344733952
495780080
576940620
411947296
498420681
503245211
370811678
353085825
533476697
316017797
370811678
411425717
530021203
502603670
404519600
588449030
411739639
408385390
469303613
589962453
339170325
420701829
423652205
470204931
589962453
471196364
532163869
533476697
385520087
469303613
586860409
353085825
496689201
361708450
470204931
536217818
411739639
490839986
362435888
375888332
411739639
519996913
482631717
547863872
547093079
518286221
477000026
353085825
496672624
588449030
411995587
464242893
418495003
411739639
492696333
316017797
423652205
492696333
588449030
533512701
408692081
587252960
339135205
492696333
452077814
518120410
533070230
362435888
518120410
532163869
442576218
411425717
496672624
337315836
411921730
589962453
411995587
496672624
495780080
363202942
532163869
469303613
307728012
418495003
532163869
531606644
589962453
446561938
400873996
549229317
411995587
531606644
582646379
339135205
411995587
589962453
496672624
411995587
404671798
426183664
452077814
502603670
496689201
533070230
411912384
426183664
532163869
404671798
411272448
316017797
355576724
357930774
533476697
496672624
442521071
413024950
353085825
450272457
574296345
530021203
309180343
589962097
496689201
308841403
411921730
467143015
330693775
411682578
307728012
382377283
423652205
577169025
28881353
411739639
582760102
574296345
344503920
315757038
375888332
416810191
363202942
316017797
353085825
370811678
464242893
411682578
533070230
462711492
531606644
419671095
498420681
385520087
398170287
316017797
339170325
307728012
363202942
411995587
398062240
307728012
537626863
589962097
411478455
411739639
574296345
315757038
413909888
411272448
370811678
372769880
421683054
418495003
404519600
355576724
496672624
532183737
412356584
412325993
496689201
550265978
577169025
413024950
420701829
