27326084
543665614
450811338
541672459
317803562
456580645
543665614
589189408
436893271
541672459
543665614
495459141
541672459
317803562
535525259
27326084
27722844
456580645
534235106
491878503
27722844
543665614
556002869
589189408
543665614
536964941
495459141
27326084
317803562
450811338
27722844
550003843
556002869
491878503
495459141
534235106
543665614
534235106
456580645
317803562
541672459
436893271
543665614
454588643
550003843
380314884
456580645
495459141
456580645
589189408
20184294
456580645
359243122
534235106
380314884
539518936
449487895
541672459
491917479
590326000
543665614
495459141
495459141
317803562
27175054
605135522
504504119
543665614
282035303
550003843
543665614
450811338
491878503
495459141
495459141
589189408
541672459
541672459
534235106
317803562
543665614
552259425
27722844
589189408
543665614
541672459
543665614
436893271
543665614
541672459
587096582
359243122
27326084
456580645
27722844
27722844
20584661
495459141
274695447
282035303
27326084
20184294
543665614
21864613
454588643
550003843
380314884
543665614
543665614
380314884
605135522
605135522
543665614
37383630
543665614
36078430
543665614
541672459
543665614
27724929
