27850842
450135085
35108138
19624446
24919231
30707386
357214236
58011673
52068042
480348497
24919231
48742384
38516870
529994880
555945616
529994880
464424534
52068042
30707386
374820231
394913932
529994880
58011673
590286528
21024276
555945616
48742384
319680551
610454437
574817853
593837441
541457086
601079115
19624446
27850842
410895293
29586814
574817853
52921817
24919231
574817853
276831255
574817853
590286528
389214173
590286528
360820817
394913932
27850842
553392649
38516870
590286528
19624446
555945616
541457086
541457086
590286528
553392649
24919231
23565986
590286528
19624446
22575089
