501210095
305717371
268553122
62499483
501210095
405119019
504316673
452046181
501210095
405119019
599152248
268553122
501527719
501210095
489708301
405119019
479812830
476115333
308724492
591764148
590536733
405119019
394186780
452046181
501210095
394186780
481371887
346396275
464766118
585437205
268553122
514959612
54271574
405119019
308724492
549662640
586964672
405119019
464766118
511150236
405119019
580726119
484863356
395768852
405119019
489708303
521093723
342336842
585437205
556542831
502871219
501210095
591704802
308724492
60677124
464766118
486602898
501210095
395768852
60677124
394186780
54271574
501210095
415840748
60677124
569354557
479812830
585437205
582883564
452046181
407134534
585437205
405119019
308724492
502871219
65696612
502871219
405119019
585437205
452046181
405119019
60677124
590344746
483531833
585437205
464766118
501210095
585437205
502871219
582764384
535091070
586351202
464766118
60677124
570566626
524799144
464766118
405119019
60677124
519960980
464766118
432260277
585437205
464766118
545935646
580726119
464766118
582883564
502871219
464766118
502871219
306379356
502871219
580726119
502871219
478672666
502871219
585437205
590665984
502871219
464766118
584355200
511482844
464766118
464766118
502871219
584355200
580726119
502871219
576409655
483531833
585437205
464766118
585437205
536368393
501210095
268553122
401328783
415683142
501210095
268553122
489708301
65696612
464766118
308724492
484863356
424306650
268553122
40497463
394186780
585437205
520431913
394186780
400066826
501210095
533378564
40497463
401328783
464766118
484863356
432260277
268553122
507899481
395768852
60677124
508364501
41182283
598548854
476115333
502871219
501210095
65696612
449952247
54271574
268553122
54271574
500927652
60677124
501210095
464766118
54271574
60677124
40931300
65696612
464766118
502871219
464766118
346396275
501210095
40931300
502871219
