429992222
21327283
22529922
398476586
31085620
20719857
286983191
398476586
50761693
20770505
20646155
59438763
370204805
467437863
38630528
31085620
19712796
38404617
19712796
50761693
536042626
19712796
20024582
50761693
489878965
398476586
284052024
309161851
35182136
22348253
363530446
309161851
59438763
315002767
27465835
62807310
22529922
452502363
549380997
56168021
370959851
513540494
50761693
383284776
29690398
386969177
31085620
353576395
27319436
19875240
386492357
536042626
367623770
302179991
589742401
34479409
386969177
19712796
62807310
386969177
545345427
291019502
317604207
564793714
398476586
23230957
20646155
31085620
35281326
50761693
370959851
22529922
398476586
50761693
27834732
315002767
398476586
29690398
546956114
268945144
269050269
398476586
267463835
392348083
284052024
414479981
23651981
315002767
27640678
392348083
19712796
513540494
20719857
388853057
20646155
513540494
50761693
31085620
309161851
398476586
588557142
513540494
439724544
315002767
370959851
392348083
62807310
309161851
315002767
407487262
22529922
62807310
549380997
590135951
22529922
62807310
39758566
284052024
315002767
352930911
62807310
398476586
20719857
513540494
420058581
62807310
19712796
355263688
315002767
63133011
375091269
57618518
315002767
398476586
62807310
315002767
57618518
62807310
398476586
352930911
398476586
355203073
29690398
398476586
315002767
19712796
590135951
55729733
38523244
57618518
398476586
408278815
429992222
20719857
38630528
20646155
27319436
20719857
38630528
21327283
27319436
377960516
21315792
27465835
27640678
398476586
34479409
343944086
398476586
27640678
20646155
19712796
27537767
580930886
568816462
62807310
37743693
513540494
392348083
27465835
50761693
583370698
62807310
63133011
408278815
57618518
309161851
60399379
19638474
22848972
21613354
27465835
286983191
62807310
62807310
291298645
