27201483
21292902
385507085
19975840
438965521
517642803
21292902
547785977
278993222
22721285
388738597
27201483
438965521
320458337
512501186
512870333
546581515
438965521
320458337
512870333
512501186
36452602
36251621
531330206
280900220
405868740
375303740
512870333
393036708
438965521
366180968
25524280
327629496
34400211
385507085
480624142
366180968
388738597
19975840
21902323
388738597
290833032
327629496
388738597
375303740
369810541
480624142
577724982
512870333
438965521
320458337
385507085
516449405
366180968
320458337
438965521
312546833
338272503
320458337
19975840
36452602
19975840
339811176
531272355
320458337
366215526
21065159
531330206
547785977
267175398
366180968
327629496
546981917
19975840
540743269
30428050
40036318
290637939
19975840
549016243
40036318
342483382
520776172
577724982
527434375
516454094
531272355
30428050
393036708
520341892
19975840
516449405
19975840
19975840
547785977
438965521
366494567
63397245
522265431
517642803
378313145
19975840
19975840
339811176
480624142
