437493235
515085842
464846599
596147925
440308774
515085842
335964337
455347432
272120425
597100808
335964337
479058673
435392469
597100808
335964337
455347432
405976625
272120425
476557857
437493235
596147925
597100808
432042660
442174709
483617229
483948592
487292071
480915130
339852022
272120425
430749073
335964337
272120425
487292740
272120425
597100808
573734177
340131617
272120425
597100808
437493235
430749073
596147925
340131617
272120425
440308774
596147925
272120425
334992409
340131617
437493235
339852022
339852022
