303809600
505858989
22056950
22192443
20921874
475470739
22056950
465082372
41150674
22056950
303108564
527124352
327423080
473037806
303108564
505858989
463974363
426184659
481029694
32003037
28070538
307464256
20867454
21132926
28070538
321068165
307464256
470324177
321864565
307464256
297766334
329262260
454364216
288423214
298028748
28070538
463974363
297766334
322601708
408493761
352105854
297766334
456682944
345436514
384719972
321068165
527124352
297766334
463974363
308608838
380452959
50291049
28070538
476878909
481029694
463974363
363019875
506362657
481029694
463974363
410340637
463974363
485868744
426184659
454158306
52185203
452906440
463974363
20655782
435855535
458482092
454793522
327423080
485868744
21132926
470324177
345436514
454364216
456808503
485868744
387748908
472950840
487045784
485868744
322601708
473037806
476878909
475185751
454364216
463974363
463974363
481029694
465082372
477008304
485868744
463974363
20655782
465082372
477008304
475185751
465082372
477008304
485868744
46134773
485868744
579660611
50291049
487911788
487492122
485868744
472950840
585117788
473037806
472950840
487911788
456682944
456682944
454364216
463974363
472950840
413702233
52185203
475185751
456682944
29897039
481029694
321068165
269418634
307464256
297766334
321068165
465082372
20867454
352105854
371703478
454364216
28070538
506362657
592097403
337667612
50291049
297766334
21132926
399342505
322601708
473037806
371105927
476878909
350116278
505858989
371105927
463974363
464377170
297766334
28070538
454364216
270097052
402140636
50291049
28070538
348978184
473640201
50291049
463974363
322601708
321068165
28070538
50291049
485868744
452906440
481029694
463974363
589215717
458482092
371105927
363019875
476878909
297766334
485868744
348978184
473640201
454793522
321068165
473640201
579660611
454364216
475185751
463974363
454793522
589215717
21132926
505858989
457192146
485868744
579660611
487492122
426184659
589215717
590473824
472950840
579660611
476878909
426184659
463974363
579660611
487492122
476878909
455013314
454793522
579660611
470552254
