458849579
421710532
423928737
449014490
485589940
435831401
449635668
485589940
460126657
443456194
25069792
435628003
404250811
546865559
460338961
431219059
435628003
485589940
435628003
443456194
423423752
457019954
404250811
437209076
428125457
435628003
497547701
404250811
381433621
370131660
439749383
52561853
449014490
587074963
457088287
319451003
486812330
436057595
458849579
457088287
435964987
439749383
460126657
19585153
450221076
20061186
419389041
418106361
435628003
404250811
463581296
548433587
450221076
20137567
460126657
435628003
463581296
319451003
470728924
435628003
20527414
319451003
319451003
20061186
497603392
36995309
466611949
486812330
20061186
421345310
458849579
23242175
20277304
404250811
473662283
24706913
404397155
492940200
441901284
458849579
402413661
20527414
469311671
551669289
435628003
319451003
425038900
21028559
560902309
422749393
55378801
449014490
483733868
469311671
52276739
465905476
431539724
39826055
19562019
20061186
