389354232
423764018
30119197
524809203
524681952
440136872
550497011
556253610
469223256
20402322
360549970
452295496
60787862
27637916
524580708
548067056
314024044
490976148
385243209
30119197
469223256
495707946
490976148
524681952
270352528
389354232
322693578
50997867
27386361
296008861
550497011
548067056
440751523
421674339
270352528
322693578
548067056
520958582
423764018
571741096
270352528
455460542
39431192
572743617
556253610
550497011
444499361
407844290
556253610
23447320
464423144
535455649
55493026
30119197
525288351
553442941
55493026
421674339
20402322
473807040
445562404
421674339
554606208
20402322
32087709
465346075
421674339
25628124
30119197
559474180
49179645
421674339
548067056
556253610
50997867
389139613
406408447
539199639
585690285
265935669
548067056
421674339
428038404
