518952632
539260030
518953238
518952632
540977464
518953238
518952632
358203643
540977464
518952632
605357150
20832675
366402163
518952632
568759141
540719134
518952632
358203643
52499346
518953032
518952632
519126191
518952632
518953032
540719134
518952632
540719134
518952632
63152546
24823111
530659432
568759141
518952632
605357150
568759141
518952632
568759141
568759141
559336478
568759141
533889181
518953238
548436234
540557675
539260030
540719134
518952632
537879270
540719134
541046727
568759141
518153646
539260030
540719134
568759141
540719134
563865013
518953032
605357150
518953032
540860461
