452155395
66523577
434043775
379841571
589637215
502509261
434043775
379841571
589637215
569170246
492808176
434043775
379841571
589637215
278134539
569170246
344254764
379841571
589637215
383597892
452155395
379841571
500537358
434043775
383597892
379841571
509737742
379841571
457512798
379841571
492728358
445764192
379841571
557383397
379841571
405455922
445764192
379841571
445764192
379841571
394802574
589637215
492728358
492808176
379841571
457512798
502509261
395425184
379841571
344254764
379841571
413502302
379841571
379841571
379841571
379841571
379841571
379841571
