550976656
518663667
301491532
610890857
545108671
371364636
19814550
461920973
579654013
545108671
19814550
578996067
469634791
584561412
442468964
447598193
582468173
578090093
21270577
19814550
582468173
578090093
469634791
579654013
587555562
578996067
30597710
582460669
461920973
579654013
446514022
19814550
391080330
579654013
508216612
545108671
587289932
267483854
582468173
19814550
545108671
469634791
578996067
582468173
508871289
545108671
391080330
25734540
510326999
545108671
334480205
20585523
578090093
314080876
545108671
442468964
21484818
545108671
28627000
21453852
562050508
28627000
510326999
22206867
545108671
357725219
28627000
469634791
551697545
545108671
22700184
579654013
545108671
39953134
555924675
469634791
460314933
545108671
469634791
22206867
545108671
544914446
510326999
21047107
545108671
555924675
19814550
458687994
545108671
39953134
544914446
551239156
545108671
544914446
545108671
555924675
371364636
460314933
28627000
545108671
460314933
461920973
545108671
335153456
545108671
419188932
54321070
545108671
540115375
545108671
575764944
28627000
545108671
19814550
510326999
469634791
391080330
545108671
521186665
24541628
469634791
39953134
545108671
508871289
33911186
39953134
545108671
507700398
20585523
508216612
545108671
502878499
30597710
24541628
545108671
502878499
484931485
545108671
421821240
545108671
545108671
21277559
435322370
545108671
19700864
267483854
28627000
435322370
545108671
545108671
404121104
545108671
419188932
395451767
545108671
545108671
391080330
327794870
396540021
356242350
545108671
391080330
545108671
545108671
579654013
582468173
579654013
582937096
356242350
579654013
499186757
20585523
571819788
579654013
579627841
290145779
579654013
582460669
579654013
590641361
28627000
24155473
579654013
582468173
24155473
578090093
579654013
20585523
340606451
24155473
569810223
576292412
24155473
579654013
576274578
419188932
572705103
19814550
579654013
585134397
413938731
578090093
579654013
587827160
582468173
25734540
579627841
24155473
582468173
578090093
510326999
578090093
469634791
360006055
28627000
469634791
21453852
22206867
510326999
579654013
469634791
21453852
469634791
555924675
28627000
502878499
20585523
37485088
555924675
508216612
562062059
59227720
555924675
544914446
24409569
544914446
551697545
510326999
447598193
54321070
510326999
22534262
578090093
537130187
551697545
536439687
335153456
540115375
21143701
575764944
510326999
22700184
469634791
536433028
510326999
19700864
469634791
452318781
510326999
521186665
510326999
494818235
20585523
502886263
508216612
59227720
502886263
267483854
479234240
502886263
286767707
30597710
318045233
510326999
419188932
510326999
463416216
25255372
395451767
28627000
432669057
267483854
28627000
404121104
349910310
309803858
396540021
356242350
327794870
396540021
368567467
27617980
396540021
65878293
396540021
26911086
592146247
361708760
579654013
587827160
579654013
544914446
582468173
591764716
579654013
582468173
582460669
579654013
59227720
578996067
28627000
576274578
20914890
295095979
587827160
510326999
442468964
578090093
579654013
442468964
562050508
378590658
368218699
502878499
555924675
579654013
555924675
551697545
23250852
59227720
510326999
54321070
551697545
544914446
20597056
318045233
510326999
541658204
510326999
510326999
540115375
356242350
59227720
536506267
538159405
340606451
510326999
575764944
510326999
533449832
522551130
510326999
492315708
469634791
510326999
22801456
536439687
29241434
502878499
35340215
507700398
371364636
20345704
419188932
39953134
26379660
419188932
20585523
335153456
356242350
461920973
35340215
461920973
479234240
397926571
461920973
35340215
469634791
403741196
39953134
452004152
375134934
404121104
411097391
349910310
53916521
349910310
391080330
327794870
396540021
327794870
396540021
23250852
396540021
375125590
396540021
19888506
396540021
20390257
65579584
578090093
497093414
587978664
36603512
65878293
19888506
562050508
20237554
460374071
21277559
510326999
510326999
301491532
21143701
575764944
510326999
528604840
455776359
510326999
431574559
25255372
443930364
390946652
493313674
375125590
22206867
479053590
337628170
33911186
453971036
382955637
19550327
22206867
426686387
356242350
35085249
403361335
404121104
421207441
22206867
396540021
23250852
65579584
396540021
31183873
397926571
340606451
371364636
369080188
396540021
396540021
19888506
396540021
353328888
20390257
26911086
25741292
334480205
19814550
567588274
545108671
538159405
562050508
544914446
465659489
544914446
471235781
510326999
575764944
538159405
445306755
31198093
502043059
267483854
502556861
32082216
26507091
443930364
489064765
