23759266
564949053
22633896
499644147
21993771
19618217
331743255
589466916
564949053
318852682
587326872
518411012
47718765
462330692
386055508
21993771
35963907
564949053
371418456
23759266
589718338
47718765
569260643
320565397
26406147
401914512
22243887
363472832
586907626
544643537
564949053
328119773
592117706
587326872
363472832
583982840
57030360
564949053
337413507
322742036
20494460
573735593
589718338
587326872
509981263
509981263
591160847
592117676
584400693
331743255
584650254
584400693
585777150
576395752
573535398
564949053
587326872
587326872
583010652
363472832
585144861
580583625
587326872
586700642
306923896
580583625
580583625
57030360
57030360
573535398
587326872
526403149
582864128
573535398
330103386
345020586
23759266
587326872
584650270
23759266
584400693
587326872
576623278
315797856
584400693
587326872
315797856
564949053
22243887
19638229
582864128
22243887
580583625
34657391
24298072
583010652
583010652
23759266
20494460
331743255
47718765
388126802
25144649
63616201
21993771
23199363
544643537
306923896
585296698
328119773
587326872
363472832
23759266
564949053
588077928
573735593
589718338
588077928
591160847
585147976
584400693
576395752
573535398
584400693
564949053
587326872
585340339
585340339
586521230
583010652
585144861
580583625
587326872
580583625
590038967
580583625
592117652
34048933
587326872
592117676
592117652
582864128
586700642
573535398
36123677
23759266
387497255
585296698
587326872
22243887
585147976
587709264
576623278
587326872
592117706
564949053
569486603
21751199
582864128
580583625
583010652
39741283
30729131
20494460
583010652
592117652
587709264
573535398
346045483
