591383171
590984682
591805610
588884863
591718641
590994132
591136717
590984682
591769142
590994132
591805610
588884863
590984682
590984682
572514085
591793403
590984682
591793403
590984682
589906840
590984682
588937330
590984682
591009697
590984682
591136717
588884863
590994132
590984682
590984682
589558202
590984682
589906840
585251399
591009697
591010384
591359856
550597784
591769142
589906840
458549960
385866553
518523476
518485760
518593546
518485760
522923601
518182769
518523476
527538737
518485760
523523160
517033609
507724379
518485760
518182769
518485760
518593546
518182769
503882088
518485760
518593546
517033609
527538737
518485760
518182769
517033609
492964675
507724379
518485760
517033609
518182769
507724379
518485760
517033609
507724379
518485760
517033609
507724379
518485760
517033609
458549960
518485760
448200613
449672623
507724379
518485760
448200613
449672623
518485760
448200613
449672623
448200613
449672623
447018773
518485760
448200613
449672623
458549960
518485760
448200613
447018773
449672623
518485760
448200613
447018773
448864770
448200613
420195129
385866553
420195129
448200613
385866553
420195129
385348232
448200613
420195129
448200613
377292865
377526210
378429248
448200613
378052177
378109608
377991128
448200613
420195129
448200613
448200613
448200613
534224224
558829218
550597784
543420490
534863000
518485760
524883738
523793772
527538737
385866553
518485760
518182769
517805307
527538737
518485760
518182769
513324977
518485760
517033609
517033609
518485760
518182769
507724379
518485760
501770258
517033609
524819192
518485760
518182769
517033609
511622539
518485760
518182769
517033609
518485760
501770258
518182769
517033609
518485760
511622539
518182769
517033609
518485760
527538737
518182769
517033609
518485760
507724379
518182769
