540501174
30854656
30011707
20692479
512450210
273784779
590710885
30011707
273784779
540501174
277006719
362683169
513633854
457260755
324458326
30854656
540501174
512450210
21336062
457260755
523717081
404812366
324458326
370485186
512450210
27212373
362683169
590710885
532613905
512450210
540501174
512450210
404812366
404812366
406694341
512450210
404812366
540501174
512450210
540501174
540501174
512450210
30011707
512450210
540501174
457260755
512450210
516825524
457260755
512450210
21336062
540501174
457260755
33737420
457260755
404812366
512450210
540501174
512450210
512450210
30854656
512450210
404812366
30854656
457260755
540501174
512450210
404812366
512450210
573584835
512450210
512450210
404812366
540501174
457260755
540501174
404812366
512450210
27212373
21336062
512450210
540501174
21336062
457260755
457260755
512450210
540501174
512450210
512450210
20046225
512450210
404812366
32014479
324458326
540501174
30854656
57337907
404812366
540501174
512450210
573584835
512450210
512450210
540501174
57337907
457260755
35236566
404812366
540501174
35980260
26953465
512450210
277006719
512450210
36178420
31965142
324458326
540501174
457260755
457260755
540501174
37137069
512450210
512450210
20619938
512450210
457260755
573584835
512450210
512450210
573584835
540501174
404812366
540501174
404812366
404812366
540501174
512450210
30854656
512450210
21336062
21336062
27212373
512450210
512450210
512450210
540501174
512450210
490157270
19651187
