25502290
20606398
25502290
317831774
36759803
317831774
20606398
20967681
317831774
66389632
62547657
317831774
36759803
20967681
317831774
39958090
36759803
317831774
20967681
36759803
317831774
264329000
317831774
545852894
31274938
317831774
25502290
302200682
317831774
461600606
266151333
317831774
317831774
25502290
20967681
317831774
521661580
560998144
317831774
461600606
317831774
64233713
559195303
317831774
317831774
45328496
317831774
317831774
317831774
45328496
317831774
317831774
317831774
317831774
317831774
317831774
317831774
317831774
317831774
317831774
317831774
317831774
317831774
317831774
317831774
317831774
317831774
317831774
317831774
317831774
317831774
317831774
317831774
317831774
317831774
317831774
317831774
