361334467
314172773
404011064
66809080
264528313
366505791
66809080
442677447
370246625
43616240
66809080
361334467
263311949
372941287
428060226
455405441
372941287
43616240
484432783
280843595
463472495
66809080
271421884
445768115
428070456
66809080
429887140
372941287
399888185
66809080
268747742
403259424
447560902
381459196
271421884
395956153
386172695
403259424
268747742
302258140
66809080
425669884
268747742
284490985
469971634
43616240
372941287
268747742
271421884
373524393
372941287
411716284
462893237
463472495
43616240
411716284
442677924
271421884
570182488
67525038
463472495
43616240
413413479
438602106
372941287
431602560
66809080
356821901
462668834
361334467
570713570
425673582
409037138
270933774
43616240
398872150
428070942
372941287
442677447
423463083
372941287
268747742
318698481
366561135
267492850
361334467
429887320
372941287
398872150
455405441
335313700
306604905
439997946
570713570
43616240
445038712
471262060
589429134
263311949
429887140
372941287
589429134
570182488
565260365
466930567
43616240
366227086
361334467
398184072
66809080
268747742
66809080
428060226
66809080
462893237
66809080
381459196
268747742
565260365
373524393
463472495
372941287
425673582
409037138
43616240
428070942
372941287
267492850
361334467
398872150
263311949
43616240
68299414
