47916443
38790591
30010198
27925812
47916443
532804522
20162691
64368023
47916443
28808960
394687082
25869262
58428694
47916443
64368023
21252929
27925812
58428694
47916443
326619743
523793730
47916443
269400829
28808960
40121728
19566985
47916443
280578110
353113578
430609404
47916443
313954046
42103976
449445280
47916443
40121728
27925812
24026857
301567777
269400829
47916443
352913333
269400829
27925812
28956081
47916443
20423074
27925812
47916443
280270981
27050525
23663595
27925812
591397525
64368023
486320783
58428694
526001559
47584454
21252929
353113578
592213696
307915184
47916443
36724141
590959620
269400829
280578110
591400067
606441071
311582614
313954046
27050525
311582614
486755202
21079059
38250718
22378218
25869262
27925812
51518463
449445280
280270981
431050686
21079059
20804880
58428694
27925812
25869262
588961420
25869262
483479994
280578110
22378218
280578110
285836554
36724141
21252929
27925812
334995333
266135591
22378218
288985639
281033609
21079059
353113578
353113578
21252929
19566985
22378218
25869262
38250718
25869262
34974287
22378218
430609404
38219130
27925812
25869262
21252929
25869262
30010198
27925812
313954046
21252929
328945581
30010198
27925812
22417638
20162691
30772958
21072374
40121728
300651651
47916443
64368023
25344079
62954013
27925812
28956081
22378218
453007397
450902421
24026857
21079059
281033609
47916443
24026857
520038616
320416488
303413825
27050525
38378850
507769114
266135591
606441071
300651651
27925812
321865454
48313653
280270981
343095869
314416861
52931623
40958730
410524733
54165507
25869262
65581548
297090103
31571139
528719022
19566985
47584454
36303314
396221338
410524733
27925812
22932016
27925812
410524733
285836554
308377246
591550667
47584454
353113578
342043780
333580052
21079059
449445280
54959588
273100653
410524733
326619743
419464943
22378218
39003098
372705281
266135591
396221338
25869262
27925812
439257083
584682004
311033667
34288711
25255327
22378218
524722500
422532811
492685168
294973457
287353614
396221338
272096960
20846216
22378218
38250718
22378218
27925812
21252929
63253462
362902646
342360443
47584454
269400829
38250718
353113578
22378218
25869262
22378218
25869262
298722589
22378218
25869262
431050686
22378218
25869262
47916443
301719312
51886654
21079059
21629763
294973457
47461136
47916443
40121728
27050525
62954013
30010198
23809681
40121728
311582614
353113578
21079059
301691284
54959588
40958730
28956081
21079059
20388822
266135591
434691481
38219130
281033609
20388822
31580378
40121728
449445280
28808960
28956081
370035417
22378218
297296876
40970866
430609404
38378850
38250718
373450994
329895673
22436028
27050525
313954046
25869262
333580052
385274546
40824042
328945581
381201292
47916443
20320209
266312097
38378850
19566985
365747792
21252929
280270981
308644613
280909519
349852487
285836554
63013516
384363413
307915184
38219130
298333616
25255327
25038998
266588535
371867902
47461136
26449555
27925812
429188436
27925812
35461616
450630180
370215477
272096960
454741436
390194457
438360552
25869262
22378218
285836554
40958730
379409519
40121728
526330635
27925812
468014029
31571139
319783410
430609404
309678554
55348644
38250718
20189363
25869262
518401982
22378218
25869262
27925812
337766493
453007397
454741436
430609404
396221338
38790591
58428694
33322096
47916443
356094820
31580378
21079059
322554679
47916443
309678554
357311440
329206071
310704977
47916443
267782638
42103976
38790591
31474776
525025447
62954013
21432699
58428694
390426877
22378218
28956081
28808960
27050525
42103976
294694242
57688333
24026857
320416488
324624816
40970866
47916443
19699372
38219130
26658618
281033609
58428694
431977607
19566985
266135591
373467737
47584454
40121728
31571139
64368023
30851464
42103976
64368023
40121728
25869262
303153434
22932016
363176040
382235966
272096960
36303314
286705160
47916443
389401688
360895452
47916443
384363413
453007397
25038998
24026857
272096960
396221338
267756463
381201292
21252929
27050525
24026857
25869262
342043780
290499606
282044789
361677981
393938124
375627958
21432699
401868112
22932016
353113578
55396204
21252929
20320209
376968740
30851464
25869262
22378218
280578110
285836554
55623586
432255733
65411166
396221338
381311469
384456064
40121728
24026857
25255327
51886654
391005798
484568059
449445280
38250718
292765472
20423074
410524733
40121728
285836554
20320209
25869262
