560040084
378861512
432292760
549968095
434525856
433951433
505213659
432292760
549968095
378854215
433951433
505213659
432292760
549968095
432146967
514827570
432292760
434525856
505213659
514827570
432292760
434525856
505213659
514827570
432292760
505213659
378861512
432292760
434525856
457767404
434525856
432205523
434525856
431772923
434525856
431772923
379048526
432205523
432202094
431772923
431209139
458712357
433049413
431772923
432205523
432155309
431772923
379048526
431209139
431772923
431209139
431772923
432205523
432292760
431772923
432155017
432205523
431772923
433951433
431772923
434525856
431772923
431209139
432202094
431772923
432155017
433393319
379048526
432146967
434525856
431772923
432292760
431772923
431772923
432146967
431772923
432397842
378854215
431772923
378861512
431772923
431772923
431772923
431772923
431772923
431772923
431772923
431772923
431772923
431772923
431772923
431772923
431772923
431772923
431772923
431772923
431772923
431772923
431772923
431772923
431772923
431772923
431772923
431772923
431772923
431772923
431772923
431772923
431772923
431772923
431772923
431772923
