300182407
406953060
325943454
453224940
26251749
423064339
300182407
26251749
568589054
406953060
325943454
26251749
283476626
26251749
475673432
296131271
597135000
325943454
566864013
47280477
453224940
436370508
325943454
333388640
283476626
26251749
325943454
325943454
515173815
26251749
283476626
47280477
304801646
484241479
389192616
602240002
483680062
383457854
581449617
288655694
591390020
26251749
26251749
602240002
581449617
26251749
26251749
325943454
445753681
20943331
24994945
300182407
26251749
24994945
26251749
19781639
485040553
428602420
26251749
602240002
26251749
296131271
587436302
26251749
325943454
453224940
55730789
26251749
283476626
325943454
325943454
316169888
26251749
589978063
26251749
24994945
406953060
597135000
305844089
602240002
304801646
597135000
573371565
300182407
316169888
288655694
602240002
475673432
587436302
475673432
26251749
436370508
325943454
26251749
406953060
448736418
568589054
406953060
597135000
19781639
325943454
475673432
55730789
325943454
47280477
406953060
26251749
597135000
26251749
29613375
423004732
383457854
515173815
26251749
602240002
283476626
47280477
336432090
406953060
602240002
305844089
325943454
512391031
26251749
325943454
37744146
483680062
581449617
336432090
338508930
323211391
296131271
26251749
266438967
602240002
475673432
392585814
421266083
588466210
59895758
602240002
391824670
26251749
537462384
436370508
67928823
325943454
48688851
283476626
448736418
423064339
24994945
483680062
513962340
325943454
602240002
47280477
325943454
597135000
406953060
597135000
602240002
568589054
423004732
383457854
26251749
566872284
336432090
510740397
590385276
566864013
583742472
316169888
475673432
602240002
602240002
59895758
436370508
597135000
325943454
446865663
436370508
325943454
