269489431
406586198
389145369
344249624
456872950
389145369
348421452
584885129
590790498
378344446
561189006
528247481
270599006
492786383
555664666
577690615
360127274
422857493
447506254
431424474
311563319
378344446
423111956
421716599
361336774
303076433
37716497
290629317
416810399
470389892
566729605
405512373
447188782
448556283
566729605
405512373
281962266
406733178
454978529
361855938
528247481
524425426
521263668
35043813
366642845
520877312
331102150
441304805
35043813
492623851
400481285
331102150
497636921
504430340
498631624
361855938
303076433
282224177
505699051
265818456
285660857
61185406
303076433
379562651
269384888
285660857
278438544
303076433
430672245
406733178
352445684
22841134
286735480
350922352
37716497
366642845
447188782
344249624
350922352
340740656
37833355
22841134
269489431
35043813
340740656
366039813
347932441
35043813
35043813
35043813
269489431
35043813
35043813
448556283
269489431
520947225
405512373
269489431
521263668
389145369
405512373
311563319
366278042
285660857
512331834
37716497
278438544
361855938
271218583
366642845
269384888
286735480
27470252
269489431
344249624
311563319
22841134
456872950
366039813
22841134
285660857
37716497
470389892
448556283
35043813
37716497
22841134
36994068
572620102
35043813
344249624
303076433
35043813
347932441
271218583
286735480
470389892
347932441
37716497
61185406
380031748
344249624
35043813
303076433
285660857
344249624
56043839
269489431
330507902
303076433
278438544
35043813
269384888
400481285
493618666
350922352
265818456
35043813
448556283
35043813
35043813
555664666
520566703
555664666
366039813
35043813
286735480
35043813
520137664
304093719
389145369
286735480
359916235
286735480
37833355
378344446
379562651
492786383
340740656
51382354
512331834
286735480
405512373
455685921
366642845
278438544
36994068
35043813
269489431
37716497
285733563
278438544
389145369
285660857
380031748
284139982
37716497
269489431
344249624
285660857
331102150
366642845
380031748
454978529
406586198
22841134
400481285
455685921
37716497
380031748
348421452
421803386
340740656
352445684
35043813
361855938
269489431
344010027
22841134
340740656
331102150
37716497
347932441
421803386
331102150
288902342
518505962
285660857
66732475
420458486
285660857
472195709
22841134
350922352
366039813
35043813
440562546
335764264
421803386
286735480
406733178
304093719
344249624
295912440
336717333
395548726
35043813
278438544
347932441
340740656
37716497
406733178
273537843
335764264
344249624
361336774
380031748
352445684
344249624
37716497
268416956
352445684
422857493
35043813
416810399
268461127
61185406
380031748
487058790
35043813
303076433
36994068
366278042
554785095
347932441
269489431
352445684
340740656
422857493
36994068
347932441
555664666
35043813
269489431
286735480
