25266362
40460267
379837916
42235377
38637998
40460267
417543641
42235377
373592076
270420748
26377291
42235377
417543641
40460267
587163658
42235377
417543641
586868865
38637998
42235377
417543641
40460267
578049947
42235377
417543641
40460267
49829001
63074727
42235377
417543641
40460267
62617361
582476678
42235377
417543641
40460267
62096076
42235377
458711951
406225418
42235377
40460267
458711951
417543641
270600314
42235377
373592076
342791910
40460267
377647356
42235377
417543641
40526321
40460267
63074727
42235377
417543641
40460267
63074727
42235377
417543641
40460267
40526321
42235377
417543641
458711951
40460267
42235377
417543641
40460267
352414366
42235377
460562937
40460267
329505833
42235377
63074727
458711951
509582785
462702514
42235377
63074727
40460267
420171057
42235377
586868865
40460267
63074727
42235377
40460267
38637998
437413948
317488892
40526321
40460267
271979248
458711951
373592076
40460267
462702514
518200988
40460267
42235377
459919859
591945555
40460267
410123713
317488892
40460267
417543641
40460267
591526614
40460267
266764322
317488892
506175571
342791910
417543641
40460267
417543641
373592076
40460267
458711951
40460267
587698834
442985261
40460267
506175571
289747191
460096408
317488892
40460267
38637998
40460267
506175571
40460267
417543641
506175571
38637998
40460267
53818944
506175571
38637998
40460267
506175571
373592076
40460267
426979826
40460267
506175571
40460267
506175571
352414366
40460267
506175571
40460267
334169147
591945555
40460267
40460267
40502548
591945555
40460267
50457062
373592076
42235377
593087752
38637998
40624675
25282049
40460267
42235377
458711951
38637998
294701426
40460267
63074727
38637998
40460267
40460267
417543641
40460267
506175571
40460267
373592076
40460267
40460267
40460267
40460267
40460267
40460267
295113328
586868865
40522301
