476805377
401410561
510247655
412329667
510247655
521516571
510247655
476805377
482255317
476805377
482255317
476805377
456697806
482255317
464970163
464970163
447935799
450575477
440451807
447465726
29638847
29638847
401410561
419066136
29638847
401410561
419818017
415883552
419066136
419818017
415883552
400829981
392374707
412329667
358151768
344063454
392374707
308052936
35146068
344063454
392374707
308052936
35362312
358151768
38624637
29638847
308052936
35362312
38624637
308052936
35362312
