20997688
486897319
363809396
456106363
446651595
20997688
361024073
360153135
583693030
459575950
363809396
20997688
407579216
347532314
361024073
363809396
332557152
268410987
415608016
20997688
473453658
51792949
518844298
442863426
29188635
47937508
363809396
459575950
423763066
20997688
351061492
361024073
22422423
280142804
361024073
373562040
53627178
361024073
383609983
51792949
62702725
439971353
361024073
376313540
317227981
53627178
396917972
336340993
393959867
465733974
280142804
383609983
414017932
376313540
50607850
295588714
486897319
19552889
380778299
389192616
363973880
20781057
35313203
538790542
406700502
27060724
365761099
407008511
421073981
360153135
361024073
420723716
380778299
384280771
268410987
442863426
459575950
383609983
19582072
20458356
351061492
50607850
459575950
299075049
371401694
50607850
363809396
486897319
22854380
62702725
305355727
27060724
361024073
35313203
37575469
307106374
50607850
361024073
368083290
415608016
407008511
356273456
27130852
366989190
415831579
538790542
442863426
29188635
35313203
447558439
332557152
51330957
439971353
21938886
319925690
377752412
363809396
375424577
35004089
361601330
361024073
280142804
35313203
459575950
29499770
397374147
485378635
34937965
347532314
51792949
390018619
51792949
35835308
23665507
317227981
380778299
390205572
369243257
407579216
35313203
395876877
383050714
353839314
21751871
35313203
436365485
444112383
28062898
358750346
322127656
363891233
51792949
364021696
355093467
326716244
334192684
307913186
465733974
299075049
40639326
280142804
466883150
373090964
459575950
456272265
390018619
401033586
374610100
361540156
29188635
55101333
26395401
390718392
266064980
378665759
361024073
456536630
300778495
355429125
20925326
518844298
359973567
384054275
389685613
319587896
356273456
360756298
370093411
395828995
299075049
26395401
276472918
434536593
407579216
338508930
384280771
375578124
387466829
332557152
360153135
311018673
372449883
390998356
19552889
361024073
589215178
366989190
439971353
361024073
404669437
319097245
351214031
375177801
392585814
361024073
384280771
335809610
486897319
360153135
363809396
368819697
456536630
518844298
331830934
22854380
26393321
373562040
35313203
53627178
406700502
51792949
473267942
328881864
53627178
311018673
352237179
336340993
456536630
50853161
380778299
588663008
305355727
356273456
572104700
588663008
299816075
406700502
407008511
588663008
375578124
392889778
322369424
572104700
361024073
413200595
588657663
404669437
319097245
361024073
591725212
400329942
407579216
572104700
29740697
415608016
436328601
485653497
404864597
473932384
372449883
