451367906
493159345
510427227
546778125
485104039
427947622
544968068
582900965
493159345
554775350
588176589
582900965
493159345
427947622
582900965
479291320
427947622
478782133
510427227
493159345
427947622
478782133
582900965
510427227
493159345
582900965
357477780
493159345
427947622
478782133
493159345
427947622
478782133
510427227
493159345
427947622
478782133
582900965
510427227
493159345
427947622
478782133
582900965
431657585
427947622
371251467
582900965
459399524
427947622
371251467
582900965
481153940
493159345
427947622
371251467
582900965
478782133
493159345
427947622
371251467
582900965
474758802
493159345
471564092
371251467
427947622
464695974
493159345
442838991
376584546
447111912
427947622
371251467
422143472
427947622
360681920
405499991
427947622
370805557
422143472
406305013
414622043
362173746
370805557
376584546
385834497
386743648
333720107
376584546
370805557
376584546
371251467
370805557
376584546
370805557
376584546
370623768
370805557
369976143
370805557
370805557
306569314
341253526
341253526
341253526
341253526
341253526
341253526
335312470
297670715
493159345
362173746
447111912
579694518
370805557
459399524
427947622
478782133
335312470
360681920
333720107
478782133
427947622
341253526
60325982
376584546
493159345
370805557
371251467
406305013
427947622
371251467
371251467
510427227
474758802
431657585
376584546
427947622
582900965
371251467
579694518
582900965
579694518
554775350
516648792
