45355859
47902423
481752963
56832105
28553535
45355859
278529275
313218201
27391716
45355859
419119203
476746907
23026472
45355859
403630260
559716241
426861371
64127378
387912508
408824841
38201620
64048613
512956111
61023223
495560340
473866070
339359560
476746907
549829949
458746870
545108993
513015100
284171727
313218201
498622935
50519946
327341243
363200899
26575442
289711155
313218201
375540331
481893098
57151718
313218201
267294430
61023223
313218201
338530708
587739271
508649136
338530708
64774327
266525175
285786929
386131103
61160012
313218201
551917139
61023223
313218201
338530708
504449023
479090064
313218201
387912508
316592488
64048613
312886445
403500781
363243747
313218201
45355859
36167952
453735972
61023223
359871360
571688459
584039872
64048613
578022791
338530708
402496772
386131103
437557751
387912508
402496772
582823772
583311451
313218201
21365799
48387907
498622935
387912508
26575442
386131103
402496772
338530708
334479480
610783191
428855533
31059658
19748747
495264787
313218201
363243747
386131103
402496772
580816602
498622935
498829427
559714224
305525017
588963444
559714224
381625123
424551296
284929074
28553535
386131103
284958738
575843364
548920698
61023223
387912508
440952308
476746907
463590714
338530708
437523552
23884417
528695597
387912508
559000743
460044722
41928755
495560340
387912508
587739271
582508830
559714224
26556214
560511421
559716241
559714224
21365799
61023223
556906775
591925356
582508830
496958314
341066928
526459194
338530708
322157416
570113752
575803652
402496772
610620657
582508830
570113752
569100747
408824841
437617058
455011306
385457780
290631904
26575442
55742054
23064393
541309789
429879074
30833369
283785158
53191896
402496772
403500781
549829949
56950114
25816805
31015131
453735972
25816805
45355859
37178654
479090064
461502982
549866558
512956111
367777861
61023223
56950114
454040714
23064393
334479480
402496772
490464144
436541831
387912508
64048613
428442799
377687529
31036913
501184598
356438234
447069997
508649136
284171727
402496772
439778079
48736409
289711155
419119203
312563596
266586135
338530708
482115031
480080846
284171727
28553535
52138618
375697611
36167952
27430489
497928145
498579978
43239330
61868412
291422249
386131103
452007648
431062514
313218201
338530708
402496772
386131103
528167456
559714224
289711155
559714224
470180466
57151718
385820439
496490211
290631904
49293948
387912508
582823772
575843364
458746870
402496772
495560340
512956111
587739271
447069997
363243747
323343088
386131103
323343088
377687529
387912508
591799404
399987686
582508830
559714224
587739271
402496772
382211733
338530708
559714224
402496772
48789185
512956111
56327517
556906775
282493150
582508830
453735972
41928755
36262686
570113752
43239330
402496772
26550711
582508830
295705246
39842546
570113752
569100747
48110193
389977377
569100747
564121380
585964518
591976364
582508830
64127378
55742054
313218201
45355859
284171727
23010435
36944356
495560340
49293948
283737898
481737929
402496772
45908070
453735972
338530708
49293948
402496772
446005904
385820439
291422249
313218201
23063513
381625123
61152628
313218201
385457780
338530708
383011566
481893098
335152265
54897369
487525520
344243524
36167952
559714224
28421597
338530708
559714224
290631904
463590714
57151718
512956111
393565523
458746870
41928755
25816805
23064393
479064384
361130394
460044722
339081844
375697611
383247028
582508830
559714224
379866278
278529275
559714224
402496772
37339373
265062934
556906775
582508830
463590714
55742054
570113752
383414951
20346553
512956111
582508830
295705246
570113752
569100747
522306789
307697392
437749753
580620979
569100747
564121380
582508830
591961005
570847893
562487497
549866558
303997100
575130539
49293948
439120404
64127378
387912508
316031657
345922919
425064682
23010435
47902423
345117339
316592488
27173433
512956111
316592488
48010428
431541179
26909324
23064393
266525175
375540331
350765063
444716690
439010602
367777861
440001249
517150450
300362648
316592488
322526368
387029036
311474290
386131103
385395320
57151718
408824841
309413269
316592488
309636998
265799352
29110302
264878576
62230269
273577734
481000101
460044722
463590714
591799404
64048613
402496772
320432625
328119773
432723704
460044722
490377538
279887530
503210069
40094907
62635061
31015131
52824126
379239631
61713400
559714224
57151718
354691686
338530708
559714224
387912508
359871360
56251056
575843364
371148358
316592488
330557224
49293948
308094972
424035913
52824126
433325762
338530708
21289520
337888004
388014502
456278807
545108993
345922919
32030363
307978762
394018269
452007648
461476266
433325762
66033256
463590714
582508830
559714224
353639747
295705246
278529275
373501479
295705246
559714224
556906775
406769262
582508830
338530708
67022204
545108993
570113752
20704847
402496772
436480028
582508830
402496772
570113752
569100747
330365195
463590714
