600095444
392563191
337784043
27271478
600095444
555341855
582762101
358059231
576367117
463919340
61867076
264844090
27271478
337784043
21684783
463749178
392563191
26521845
264844090
463749178
370453787
27271478
375165214
27271478
376791487
450638065
374138624
337784043
322514604
31155603
441108713
31155603
358059231
366027893
600095444
268497019
358059231
31155603
558304296
381463586
358059231
375475977
337784043
31155603
51274230
402491039
372818691
430880598
332426583
61867076
358059231
337784043
582762101
61867076
555341855
49524383
582762101
392563191
61867076
600095444
337784043
392563191
52570577
450638065
392563191
579915116
358059231
600095444
378940433
600095444
338898720
61867076
352079856
600095444
370312985
582580672
31155603
372201664
419007488
491224836
31155603
323210189
31155603
430880598
31155603
561526267
600095444
27271478
600095444
571209585
21684783
49524383
48777852
323210189
48777852
320015031
600095444
41906328
31155603
600095444
31155603
28477831
600095444
31155603
600095444
31155603
31024024
378940433
567607016
561526267
600095444
571102722
561526267
600095444
31024024
21681429
31155603
26521845
392563191
21189545
21681429
600095444
463919340
323088640
392563191
463749178
27271478
600095444
31155603
26087000
600095444
366027893
450638065
552618149
538655343
571102722
600095444
580192204
523159267
31024024
31024024
31155603
26521845
26521845
30095620
26521845
600095444
