430062763
439996979
26909324
430062763
268071315
25816805
439996979
26909324
40939243
439996979
268071315
324985604
371148358
430062763
51875377
25816805
322157416
371148358
268071315
23884417
25816805
36167952
268071315
51875377
25816805
351568988
371148358
430062763
322157416
430062763
25816805
439996979
328962629
36167952
63802596
439996979
328962629
268071315
263446734
63802596
268071315
268071315
439996979
328962629
439996979
322157416
439996979
268071315
439996979
63802596
439996979
309413269
40939243
439996979
23884417
268071315
439996979
36167952
322157416
332599065
439996979
439996979
265846278
439996979
430062763
40939243
439996979
263446734
430062763
439996979
500206972
439996979
322157416
439996979
383414951
430062763
439996979
430062763
40939243
439996979
421330442
439996979
439996979
40939243
439996979
500206972
439996979
439996979
268071315
439996979
268071315
439996979
439996979
470180466
439996979
383355823
309413269
23884417
309413269
268071315
25816805
439996979
439996979
36167952
439996979
439996979
439996979
439996979
439996979
268071315
430062763
25816805
63802596
25816805
328962629
430062763
439996979
360192863
430062763
26909324
434881164
309895002
25816805
371148358
25816805
430062763
309413269
439996979
430062763
25816805
439996979
322157416
383355823
268071315
328962629
379690732
439996979
328962629
309413269
400702343
564323193
360192863
412621605
369918452
459037623
511716685
439996979
430062763
439996979
430062763
439996979
430062763
439996979
317206657
459129061
430062763
439996979
439996979
328962629
42109159
439996979
309340960
439996979
430062763
430062763
430062763
329816917
439996979
439996979
439996979
439996979
319166392
432700888
303212791
439996979
