583199928
423383222
558166648
569961748
553991378
558165846
530624025
423383222
570023885
558165980
530624025
570023885
423383222
591943749
391202928
423383222
523184645
587214898
423383222
423383222
547459268
530624025
423383222
423383222
446286362
430435250
423383222
373707732
423383222
559506484
423415513
423383222
428007301
423383222
558165980
589782563
423383222
572329466
430435250
424867814
423383222
530624025
530624025
591906609
423383222
423415513
584927681
591958102
423383222
585319136
373707732
418184742
423383222
432092931
570023885
423383222
587214898
423383222
423383222
538644158
423383222
508450630
423383222
431353549
423383222
450943447
423383222
558166648
423383222
508450630
428007301
423383222
508450630
585194080
423383222
561239172
423383222
561239172
587214898
423383222
423383222
561239172
423383222
423383222
430435250
587507573
423383222
423383222
591134893
515511127
423383222
591215280
423383222
423383222
610592959
423383222
585892147
423383222
602557655
431353549
423383222
426487156
604431053
558166648
423383222
423383222
558166648
553991378
558165846
530624025
572278523
570023885
530624025
423383222
589468590
446286362
423383222
587949055
530624025
423383222
373707732
530624025
423383222
430435250
423383222
530624025
591906609
584927681
530624025
591225557
585457760
592189113
590883995
592822957
586363063
583199928
423383222
583199928
572278523
562413213
585194080
591906609
591428357
583199928
423383222
587214898
587954571
423383222
586922274
423383222
515511127
424868206
591943749
557394704
533376381
423383222
590017073
586363063
590190998
585892147
587214898
588104991
426487156
590190998
584692439
586922274
589963268
591073897
583946288
423383222
591073897
