46526534
278130285
355973186
576914576
46526534
380587024
36807927
268153996
46526534
367981794
29649382
355973186
395609682
58099029
62948259
468090582
576914576
468090582
429214998
468090582
286667393
322412646
429347794
468090582
269058191
396513659
576914576
468090582
580630320
468090582
422260311
468090582
422260311
538108444
426981235
468090582
396513659
466124627
576914576
580630320
426981235
468090582
48891573
59890652
468090582
46526534
322412646
576559299
576914576
46526534
437418809
576914576
576559299
46526534
429214998
576914576
59890652
49167303
377966274
276102669
576914576
326400073
576914576
357812239
468090582
475569142
