19812006
361476897
429614224
405611117
576750882
316245001
539717909
361476897
361476897
542430740
450073557
312451341
361476897
450073557
316245001
405611117
312451341
361476897
316245001
440437914
586417126
576143888
22077367
316245001
586417126
583264165
316245001
586417126
367906664
312451341
542430740
586417126
542096817
312451341
308870253
429614224
403313137
586417126
583264165
539717909
19639275
533597721
576143888
390676040
539717909
316245001
427287940
586417126
316245001
19812006
586417126
316245001
439326731
429614224
542430740
421170699
539717909
316245001
542430740
539717909
316245001
586417126
312451341
316245001
361476897
586417126
355358636
316245001
414198209
542430740
586417126
316245001
542430740
586417126
542096817
472960844
542430740
586417126
361476897
539717909
586417126
539717909
316245001
586417126
450073557
586417126
316245001
450073557
19812006
586417126
316245001
539717909
542096817
586417126
312451341
542430740
586417126
450073557
361476897
586417126
542430740
542096817
450073557
593691090
586417126
539717909
312451341
586417126
539717909
586417126
288332149
316245001
586417126
586417126
539717909
586417126
542430740
586417126
542430740
417826324
586417126
542430740
586417126
542430740
288332149
586417126
361476897
586417126
542430740
542096817
586417126
539717909
542430740
361476897
542430740
60541495
586417126
542430740
414198209
19812006
450073557
312451341
405611117
344845648
19812006
21542324
312451341
316245001
344845648
19812006
20525572
383206540
421170699
470423582
423178677
314564407
393903103
312451341
538752376
450073557
406136531
344845648
21876848
586417126
414198209
450073557
586417126
398116740
344845648
344845648
41138697
463766985
428391589
309903584
384403128
463766985
312451341
35445476
382750083
414198209
390676040
23157884
288332149
470423582
542430740
393029309
382750083
344845648
331727721
439326731
333526114
542430740
422557639
539717909
542430740
329660892
421504540
442803203
539717909
542096817
30978510
316245001
399067295
542430740
382750083
344845648
421170699
349199862
542430740
57216168
393337955
379738828
542430740
394930575
357574775
542430740
421170699
539717909
404277580
344845648
382459433
288332149
440437914
377209555
344845648
427650788
305053098
542430740
309726023
379405796
27420718
429614224
542430740
417826324
450073557
586417126
542430740
463796931
542430740
22077367
542430740
23157884
361476897
349458346
450073557
542430740
357574775
361476897
542430740
542096817
539717909
542430740
312451341
370154751
542430740
288332149
19812006
424340508
542430740
417826324
542430740
398116740
361476897
470423582
542430740
57216168
542430740
284714068
452943080
542096817
542430740
586417126
542430740
450073557
539717909
309726023
414198209
383206540
399067295
344845648
288332149
22376462
353344989
538752376
421170699
583264165
21878883
357574775
312451341
421170699
308870253
538752376
414198209
421170699
312451341
375952484
412118017
542096817
31808694
405302097
421170699
403867009
448399210
316245001
368831961
35445476
414198209
370618628
408174238
344845648
528661316
316245001
538752376
383497708
344845648
421170699
316245001
542430740
344845648
421170699
542096817
461558642
355358636
344845648
542430740
312451341
539717909
427529575
264671767
472960844
288332149
542430740
355358636
472960844
429614224
470998417
357574775
382750083
429614224
309726023
542096817
264624876
361977649
440437914
450073557
427287940
316245001
448586571
539717909
316245001
539717909
316245001
276394519
361653539
316245001
57216168
450073557
344845648
542430740
382750083
429614224
452943080
542430740
344845648
472960844
414198209
349199862
288332149
539717909
344845648
447923525
296405175
450073557
417826324
542430740
417826324
472960844
502706437
542430740
539717909
450073557
316245001
542430740
450073557
361653539
429614224
361653539
539717909
450073557
361653539
347978067
361653539
542430740
361653539
288332149
450073557
21878883
450073557
405611117
421170699
344845648
450073557
538752376
405611117
390384082
417826324
19812006
288332149
384806562
390716648
371159294
450073557
316245001
344845648
429614224
23157884
375952484
450073557
27663756
23157884
385225676
20525572
38606355
344845648
19812006
421170699
423582488
439326731
57216168
405302097
355358636
556122924
344845648
539717909
421170699
57216168
344845648
355358636
538752376
288332149
417517520
417826324
383206540
539717909
372811784
344845648
23157884
439326731
20525572
450073557
344845648
408446408
399067295
542430740
344845648
539717909
357807025
344845648
542096817
493310556
421170699
344845648
473953186
382750083
472960844
440437914
361476897
382750083
344845648
440437914
425802595
288332149
542430740
440437914
361476897
542096817
421170699
450073557
27420718
440139184
399067295
391541680
422557639
386983742
408446408
403867009
450073557
349199862
316245001
447923525
19812006
450073557
539717909
344845648
417826324
393337955
414198209
440437914
382973471
472960844
364002858
414198209
378255875
472960844
285782107
346491163
539717909
472960844
383206540
489475827
316245001
360927574
414198209
22376462
288332149
399067295
361476897
312433811
417826324
413612592
429897789
399067295
389934655
450073557
374350977
361476897
285782107
399067295
361653539
538752376
440437914
367906664
450073557
350074185
361476897
414198209
344845648
361476897
447923525
349199862
288332149
357637505
542430740
539717909
20242248
450073557
429614224
361653539
405302097
405611117
308870253
414198209
333526114
31808694
361476897
403867009
344845648
57216168
440437914
22077367
344845648
288332149
450073557
421170699
285782107
344845648
450073557
23157884
539717909
440437914
57216168
374454206
450073557
539717909
541109119
350074185
57216168
422557160
538752376
344845648
417826324
450073557
344845648
421170699
23157884
344845648
384370476
399067295
369692780
332457353
405611117
20525572
450073557
35445476
405611117
403313137
352507090
542096817
377855397
352208107
19812006
344845648
542430740
414198209
344845648
361653539
417826324
538752376
