440283840
495194861
522130373
508141572
507187354
425613202
529898536
522130373
528438462
425613202
457048283
425613202
502914279
414647342
529898536
508141572
425613202
440283840
529898536
554083922
551843390
529898536
508141572
479421002
425613202
529898536
508141572
528438462
552221159
425613202
529898536
558940241
528438462
469610939
529898536
528438462
529898536
440283840
508141572
568117249
529898536
425613202
528438462
552221159
425613202
528438462
552221159
529898536
552221159
425613202
457048283
529898536
425613202
414933355
529898536
508141572
425613202
484921125
425613202
425613202
508141572
425613202
552221159
425613202
529898536
554083922
425613202
425613202
572343916
529898536
508141572
529898536
425613202
528438462
529898536
425613202
528438462
529898536
425613202
528438462
529898536
552221159
529898536
552221159
529898536
508141572
528438462
529898536
508141572
529898536
529898536
508141572
529898536
