324120814
454074935
428169764
345289056
454074935
428169764
410373862
422486294
454074935
428169764
418494171
454074935
324120814
454074935
345289056
371734969
324120814
345289056
324120814
371734969
345289056
324120814
345289056
324120814
345289056
345289056
345289056
324120814
345289056
345289056
324120814
345289056
345289056
345289056
345289056
324120814
345289056
345289056
345289056
324120814
345289056
324120814
345289056
345289056
345289056
324120814
345289056
345289056
345289056
345289056
345289056
345289056
345289056
345289056
345289056
345289056
345289056
345289056
345289056
345289056
345289056
345289056
345289056
345289056
345289056
345289056
345289056
345289056
345289056
345289056
345289056
345289056
345289056
