312501550
523005869
527025156
315121538
562703930
392189907
22412944
562703930
576850574
373449314
27037537
562703930
21163865
21269661
362988333
500545055
27037537
528831156
295150425
508057612
30319441
299472252
295150425
508057612
30319441
299472252
568161859
511386158
491477706
26757493
602790377
20840805
392189907
581100549
475167275
56232298
50289711
19987385
22412944
282951610
371269284
583307507
294752032
21606273
541682008
29434069
29434069
295150425
541682008
562703930
22660492
47916443
527025156
574505659
562703930
475167275
586584581
520216407
45100402
564587835
462235829
527025156
511386158
376474755
561954625
564587835
527025156
588929164
28846807
588929164
28846807
310267600
555005579
289069988
553696514
64368023
610384786
23033452
39837835
21269661
587451712
20977466
581034921
26517009
588418417
294752032
315121538
550535086
27037537
309110772
520216407
606019012
62360046
270338892
23325960
315121538
290714755
527025156
541682008
56911669
26517009
21017663
282951610
64985067
29263705
268026106
27037537
26757493
289069988
610577423
27037537
26757493
264023044
271813999
548208760
562703930
408035032
30030877
289069988
610415281
527025156
516073418
289069988
516073418
47968288
610648979
24706380
608424048
610800793
30095080
30030877
280578110
527025156
516073418
429121345
562703930
562703930
392584371
316181606
21434255
47968288
20396961
527025156
516073418
511386158
564587835
312501550
571901451
289069988
21079059
21079059
24706380
586936680
363190794
37314943
300095338
26644882
584119224
451886985
576850574
20162691
341020660
20579555
394687082
34147404
40919713
28162492
525308277
528831156
47916443
28808960
35165850
294752032
315121538
47916443
290714755
306040740
315121538
23246541
27037537
269400829
267850788
387871732
326619743
563493455
65763293
392189907
446090848
587451712
544218755
371269284
26517009
550535086
30262534
66456577
586584581
359053951
31188568
47916443
22139035
335097628
568210975
435733093
351058330
562703930
511386158
588418417
574505659
545489874
299472252
376474755
19718689
21606273
466102321
298108245
373449314
527025156
335097628
35165850
27037537
588929164
562703930
26677313
445968666
550535086
38491042
465569085
586584288
306560604
315700380
523005869
518200405
395459444
574677847
462235829
21864589
511386158
19722066
33268747
24706380
22412944
19806142
24113539
32976235
581034921
23033452
564587835
367593808
62360046
564691558
564587835
27414689
481819093
326162324
26390584
446090848
541682008
21079059
511386158
20291266
24113539
508057612
376474755
27700449
376474755
28819506
20275692
511386158
21328313
564587835
447545498
378140495
21864589
290714755
511386158
62360046
26677313
28341125
276101963
587451712
491477706
20579555
20097263
420173774
20748120
33268747
47968288
439853667
26483956
47968288
20220067
22808635
312501550
267896650
24706380
362988333
447545498
20746724
34147404
29291385
294752032
576850574
30854656
27466043
24113539
363007395
371269284
528231162
27925812
315852195
20746724
287600173
306560604
512777869
296178836
584654536
523793730
65557546
27322746
31536965
363190794
434468676
570593030
435733093
315075575
439853667
62020354
56232298
56911669
369548475
446090848
64985067
531642652
20692466
292262836
29679547
268026106
40121728
315121538
289069988
24026857
29434069
21606273
20727479
308252058
351312452
45100402
400960183
30030877
26757493
456362061
21606273
24544386
363190794
562703930
373449314
392584371
588929164
341020660
494054183
28908171
333389266
500545055
20977466
66456577
518200405
445968666
479399664
511386158
58428694
581034921
312501550
47916443
20746724
294752032
550535086
301801253
500833238
27037537
36724141
20746724
343427921
548208760
468063349
359318661
511386158
546901438
52397909
476553466
27736092
56911669
22660492
388391147
20981568
25869262
