560806714
461523067
502695617
460649784
461507235
461317239
502695617
460649784
480800699
461507235
460441572
461550458
493745871
480800699
502695617
460649784
493745871
461317239
502695617
465943901
460441572
493745871
461507235
461308804
461317239
460441572
460649784
461317239
460441572
461550458
461507235
461317239
460441572
459591640
461507235
460649784
460441572
461507235
461308804
461550458
459591640
461507235
461550458
465943901
461507235
460649784
460441572
460441572
461550458
461507235
461550458
461308804
460441572
459591640
460441572
459591640
459591640
460441572
461308804
461507235
461308804
460441572
460441572
