519340193
393612883
319764527
354889909
464022465
363461678
512892170
268064577
363461678
450620267
366219742
405008467
354977329
405008467
376313640
320086580
315277828
354977329
451367906
414133028
354977329
266042231
354889909
335095977
450620267
369863472
315277828
268064577
354977329
358670856
442457784
266042231
370805557
378747789
450620267
414015369
405008467
385315110
414133028
402805808
335095977
354889909
333656501
390178370
378747789
383449455
385315110
354977329
288797073
452333695
408094834
354977329
320086580
310029483
372245060
354977329
354889909
268064577
354977329
414015369
518542450
354889909
354977329
453878822
372245060
354977329
366219742
494333318
319764527
354977329
383449455
441599679
354977329
462345179
381750137
354977329
482405206
458307481
354977329
370805557
335095977
354977329
266042231
452333695
354977329
591756842
320086580
319764527
354977329
385973769
442457784
414133028
354977329
319764527
354977329
431122528
496050787
378130651
354977329
335095977
354977329
387034466
58452933
392127285
386483747
319764527
381750137
354977329
354977329
268064577
354977329
381750137
474142980
354977329
335095977
354977329
266042231
381750137
370805557
354977329
319764527
354977329
458937912
381750137
381750137
512892170
482405206
340878748
377402379
524661262
348753050
370805557
354889909
366219742
354977329
351924687
544954226
414015369
369863472
369863472
340878748
363831490
378747789
408094834
383449455
414133028
354977329
383847038
266042231
354889909
354977329
320086580
414133028
311078848
354977329
411507332
335095977
58452933
431554900
370805557
378747789
582907844
370805557
402805808
589368433
496050787
370805557
319764527
335095977
452333695
378747789
482953248
405008467
377402379
320086580
354977329
319764527
383449455
397221441
320086580
582900965
370805557
390178370
335095977
277653084
400505603
369863472
354977329
383449455
335095977
354977329
361423706
383449455
405008467
369863472
582900965
354481785
354977329
387034466
496050787
393223836
496050787
354977329
582900965
496050787
370805557
354977329
354889909
264587364
264587364
383449455
354977329
354977329
406305013
320086580
582900965
320086580
381750137
354977329
482405206
482405206
354977329
512892170
582900965
354977329
582900965
452145625
354977329
335095977
381750137
354977329
391222526
582900965
381750137
354977329
319764527
404202892
381750137
496050787
354977329
335095977
381750137
320086580
381750137
354977329
485640504
319764527
381750137
354977329
482187764
381750137
582900965
589368433
354977329
381750137
392127285
381750137
319764527
320086580
408094834
335095977
268064577
358670856
378747789
354977329
320086580
354889909
494333318
405008467
354977329
354889909
383449455
354977329
335095977
354977329
354977329
414133028
319764527
354977329
386483747
381750137
354977329
354977329
354977329
381750137
516648792
531296321
