26573584
20692813
22543504
26573584
24267810
22543504
426933421
26573584
465867948
413559687
26573584
416049678
440818699
26573584
20692813
22543504
426933421
413463013
20948416
460593562
439978510
426933421
430062523
433532163
22543504
22543504
26573584
457928128
443404468
20692813
587812845
585627061
457899011
21785336
22543504
457899011
416535479
22543504
456587070
433532163
26573584
580681136
457928128
439569759
413559687
587812845
580681136
590505619
26573584
580681136
465867948
580681136
584881798
438817560
465867948
580681136
583346853
586828692
460187158
586828692
580681136
467275610
580681136
580681136
416049678
486004232
580681136
448581199
430596169
24267810
361345430
433532163
51960292
586828692
455250566
