24843446
20628050
24086336
23346183
37012883
24843446
38065402
20732368
35141466
20628050
39669108
24843446
29986478
21073212
24843446
35221839
24843446
569638396
38065402
35221839
20628050
569638396
586632427
67808306
25836425
586632427
580506971
28653799
25836425
270755018
27119313
580506971
38065402
37361845
585703211
586632427
585703211
47998710
28797786
22731467
586632427
586632427
20516824
590290936
299107013
586632427
565893596
580506971
580506971
20700164
22106213
67808306
39669108
547527515
586632427
569638396
20155191
270755018
569638396
431341573
67808306
