437817238
393704500
435417603
437817238
393704500
435417603
568982395
570807371
437817238
393704500
435417603
568982395
570807371
437817238
435417603
570807371
437817238
435417603
570807371
437817238
570807371
437817238
393704500
437817238
535621574
435946545
437817238
393704500
436255399
437817238
437817238
535621574
437817238
437817238
535621574
535621574
535621574
535621574
535621574
535621574
535621574
535621574
535621574
535621574
535621574
535621574
535621574
535621574
535621574
535621574
535621574
535621574
535621574
535621574
535621574
535621574
