264489341
384138368
591361758
264489341
26637474
19787795
542227653
58153425
564477585
309110772
309110772
280169222
389176629
520297098
502237234
297186241
577871763
58153425
384138368
465405168
58153425
28630001
26637474
58153425
40409287
26637474
58153425
406818311
309110772
364626469
19787795
465569085
26637474
500192095
281152632
379549685
58153425
26637474
309110772
364626469
446080840
326544960
309110772
389176629
58153425
309110772
584381649
26637474
309110772
53891221
354876162
309110772
364326280
51888517
330653648
309110772
58153425
279137094
389176629
382679468
444197337
300879087
389176629
489437375
61303832
591346999
471875133
385745356
486689837
496160387
22162256
406818311
303734672
496160387
268367130
591267912
373798846
452220688
19787795
361361690
309110772
309110772
389176629
496160387
26637474
389176629
309110772
368976950
453036491
496160387
507481292
309110772
264489341
330653648
385531551
451974958
309110772
309110772
309110772
309110772
309110772
26637474
309110772
303734672
544920693
375627086
22162256
332445453
24194332
26637474
389104479
19787795
489437375
309110772
333228298
293867268
389932674
275654968
437754912
61303832
389176629
58153425
361604516
591595990
280169222
58153425
389176629
354876162
336589127
314905163
19787795
280169222
364626469
444197337
368976950
465405168
349578469
500192095
364626469
19787795
28630001
343418776
19787795
279137094
55004386
309110772
309110772
360361816
456106919
31555983
364626469
390503073
361604516
281152632
592018678
61303832
528911607
375934948
31555983
311449835
314905163
264489341
456293967
279137094
55004386
454352330
465405168
58153425
369477791
26637474
456265665
354876162
512211492
67837246
330653648
58153425
518114768
452220688
394397203
31555983
264489341
58153425
429801595
319598115
451974958
471875133
22162256
347941037
445330701
397552820
389176629
591585305
389176629
378474777
353853393
389176629
502638247
58153425
309110772
380897487
268883827
51888517
523955414
591267912
309110772
309110772
309110772
19787795
309110772
309110772
26637474
58153425
293867268
452220688
26637474
364626469
40647753
384138368
324135395
437754912
31555983
58153425
354876162
268883827
309110772
279137094
31555983
58738837
28630001
465405168
511698785
317132803
36673632
309110772
327437080
58153425
273420050
486846976
268367130
40647753
264489341
58153425
311449835
489437375
58153425
456293967
454352330
293867268
389104479
19787795
389176629
383313879
280169222
67837246
301689417
332899887
373798846
486689837
264489341
58153425
491501082
395552578
496160387
486689837
543847314
61303832
364626469
361604516
314905163
455227562
354876162
55004386
309110772
353948788
506968051
415036416
486979280
41925669
389176629
361049434
441465510
326544960
452220688
382990035
58153425
24194332
328311527
22162256
26637474
503235138
465940974
23450935
326595836
349998781
21916922
373798846
332001333
456329990
317108057
309110772
61303832
308592156
58153425
31555983
344570814
58153425
321378417
327304340
298694485
332001333
61952783
407043928
465911751
58153425
387253340
327190491
301689417
396936164
558241283
300879087
454352330
26637474
319732969
28630001
346385365
388070214
486530836
558293259
297186241
327437080
264489341
36673632
58153425
28630001
324336227
558245909
331881027
309110772
388250047
429383566
486530836
388070214
465405168
437754912
486530836
456293967
28630001
327437080
436289428
558247731
365913437
405442919
36673632
364626469
61303832
349578469
21204578
326414418
558238007
486689837
465569085
62547721
281152632
268883827
314905163
456293967
383313879
465569085
24879433
563447459
437754912
558238007
26637474
323255868
31555983
293867268
328311527
378474777
456293967
382679468
368569546
311449835
309110772
430483330
427634770
456293967
364326280
36673632
347445220
558245909
364626469
456293967
67837246
500192095
385276142
373798846
378474777
558245909
486530836
437754912
486313828
486689837
26637474
347231166
422324276
356676764
26637474
388070214
456293967
315379326
385745356
321102841
387911604
456329990
356958365
405442919
389104479
354876162
389176629
456268299
264489341
275654968
58071459
496160387
456265665
486530836
456293967
452220688
456265665
58153425
309110772
456265665
465569085
19787795
309110772
456265665
61303832
375740182
309110772
389104479
364626469
456265665
304584276
558293259
309110772
485455084
41925669
19957241
379549685
486313828
19787795
58153425
26637474
264489341
31555983
317122804
58153425
56687964
564477585
324135395
58153425
56687964
377612609
58071459
324135395
437754912
264489341
30863989
317119659
456268299
330038539
360682776
317108057
437754912
26637474
22162256
58153425
268883827
298694485
28630001
26637474
327190491
403732037
298694485
466081521
31555983
558241283
465911751
486313828
23450935
33992988
311449835
58153425
26637474
61303832
383313879
564477585
268883827
279137094
390475263
465569085
264489341
405442919
298694485
390475263
456268299
281339758
281152632
347941037
456329990
350274808
382352750
456293967
54352315
31555983
349578469
298694485
390475263
456293967
31555983
298694485
317108057
465227876
364626469
348051130
388070214
382679468
311449835
456268299
298694485
