31999745
53401945
354040984
31999745
380819339
373901830
323795797
551567171
31999745
52668674
354040984
31999745
452722096
411156377
20136301
31999745
22172901
380819339
40334231
50467840
585508442
23846707
323795797
354040984
35402445
330388792
31999745
354040984
28958886
572464774
591727616
263855025
23846707
572464774
31999745
265509422
24305684
354040984
31999745
34637026
373901830
31774594
572464774
31999745
315245899
323795797
572464774
422427047
572464774
456500528
572464774
479445293
572464774
341271027
263855025
572464774
20811073
572464774
547258118
23846707
572464774
31999745
464435635
24305684
572464774
559481345
31774594
572464774
23846707
572464774
325285183
572464774
318549875
572464774
591378054
591727616
571520424
572464774
572464774
40334231
572464774
276528590
572464774
26289502
572464774
30165258
586218692
263493945
591932672
572464774
323795797
572464774
562230724
572464774
412899762
553464816
572464774
562235733
572464774
586218692
572464774
401943471
40334231
572464774
559481345
35402445
403734703
50928704
28958886
53401945
354040984
22395956
28958886
354040984
53311246
65273580
20136301
263493945
23846707
43562635
23046789
376111547
36335377
31999745
34178275
35661224
25309965
373901830
20231095
572464774
411156377
355731428
323795797
263493945
315245899
61790854
572464774
456500528
27010215
277688873
40334231
61644616
547258118
398767666
572464774
31999745
51926481
269699949
572464774
327605724
31774594
354040984
572464774
22377249
360254873
376111547
53311246
404870243
403734703
265509422
458978885
571520424
572464774
263493945
380819339
586218692
