20899988
289779838
397801709
32048560
29372574
32048560
29372574
48776632
37490497
266291909
29372574
374036160
45773200
313379321
404402864
58081520
268348275
365747454
67652386
34206138
585518109
25307289
29138020
53261114
266096929
470781716
35701453
512565866
24590883
285586045
34098079
34098079
453748872
266291909
569168858
285586045
345756061
24590883
21017354
583206231
404402864
40393531
278798145
25307289
591873637
278798145
470781716
20913064
278798145
470781716
20913064
24868351
466336498
423489741
417403923
293810318
300985609
300985609
367881424
45773200
319305957
450918458
375368576
610983995
367881424
573886524
34206138
536650487
549292902
20039623
38884089
589225682
375368576
27376156
430021666
506867139
335765022
54513391
374441970
583932715
571980987
503261465
24590883
367881424
481576477
38884089
579042308
395145313
481576477
395145313
481576477
21017354
545935453
342158617
571024067
571024067
370231112
278798145
565021064
477742455
457882919
39607624
24590883
463858860
305437193
367881424
455535826
24711491
29138020
24711491
29138020
570834912
402394801
517677437
611072309
367881424
402394801
278798145
342158617
367881424
570221276
345378821
425053417
319305957
27574436
57357012
559686299
37180159
490833387
606687767
470781716
319305957
28479292
266096929
518798157
518798157
593020405
579271701
34098079
40393531
45773200
27574436
278798145
300985609
503261465
60787862
503261465
60787862
45773200
539134546
506867139
367881424
579042308
30119197
610844376
20899988
417403923
28772815
579523482
328022761
576165504
476110584
412426667
485980118
289852673
300975864
38884089
374441970
284886698
540101037
22119753
375368576
518798157
39684179
51920544
350078061
569168858
417403923
24711491
24590883
285586045
46835030
34098079
21612257
26930016
25038841
438404653
388683190
29377394
353341563
562508446
397801709
289779838
375368576
265383707
530994310
29377394
45773200
489519419
300975864
357761587
441294256
289852673
424133076
485980118
266096929
441618171
575697943
285586045
56310477
338576391
24833569
32032932
560037344
442492817
51702068
272156840
410782893
305437193
310632731
378939304
499757949
429826104
439771030
30018428
523650684
30119197
60402355
470781716
367881424
494411689
530767425
491798364
55720139
471999381
562154553
46973549
383494692
399160308
545935453
570221276
29377394
41368824
492854858
397801709
39602876
539199639
25307289
545109120
375368576
29138020
61353466
37180159
366644342
550421589
417403923
438404653
37180159
491798364
24098641
334843442
442492817
447224038
531476665
24833569
24590883
367881424
344554894
265808959
472397290
553442941
24590883
265808959
20702054
278798145
46528604
20806652
30082392
29138020
266096929
342158617
432272522
470781716
323812020
285586045
289852673
506867139
27376156
374441970
289852673
30119197
20899988
367881424
30119197
431725755
397801709
28530832
289852673
38884089
300975864
472041349
28278283
317758961
60289885
289788451
37490497
404402864
53261114
470781716
313671299
338576391
397801709
285612911
282432384
454990715
21017354
285586045
60787862
338576391
496626460
26659552
305879541
45773200
383494692
319305957
506867139
342158617
536650487
281858271
537089730
399160308
554340987
29138020
571024067
24590883
45773200
394154572
383557093
399160308
21395276
58151047
581370565
552287710
289788451
50477642
575697943
28661987
536650487
545935453
327204455
57470958
29138020
360065994
26965674
24526559
544744660
383557093
57929967
62185153
60402355
404402864
402762138
46973549
320191705
48180108
23460573
24590883
342158617
20302205
334953775
349405067
402271055
582237941
417403923
543732732
527922200
30119197
430412906
338576391
383494692
529183261
427614655
545109120
492854858
348386359
29138020
556469612
316207016
24590883
24098641
525930095
30082392
584515776
55720139
551632520
37787004
348386359
537089730
291987781
346865819
60402355
57357012
394154572
370231112
427614655
394154572
485858048
314746916
441361902
34098079
540101037
549284314
543587193
525203000
298323023
452367773
319305957
24590883
453069718
350460694
24590883
520963584
20702054
370231112
58151047
383557093
522915268
39021759
30119197
29138020
544744660
319305957
57770020
28278283
281858271
29474829
510867430
305437193
548555074
509079916
366644342
357761587
47883186
25038841
509079916
26965674
399160308
60013978
20806652
309205504
319305957
266096929
27386361
366644342
305879541
29377394
60402355
300985609
542087556
529216912
29775447
461820605
32169632
21017354
438404653
358012330
345756061
67206574
26965674
307231459
40680662
492854858
46835030
57357012
21309717
346830236
589707954
394154572
33783546
471999381
29800458
531837786
430192204
531476665
383494692
24590883
547458931
420024656
466336498
31830544
293589348
31833683
551191973
381078052
396244905
374441970
266096929
331994253
278798145
349169344
51920544
348386359
375368576
402342975
412426667
471999381
288743798
54513391
29138020
24789359
381301280
27574436
37096139
535226847
544591032
67652386
265808959
285586045
60402355
498773091
441790594
440256649
441361902
314746916
27936038
340154278
29138020
404402864
407232850
20702054
319305957
544140501
439771030
481576477
21017354
60787862
455548118
23003213
453920336
457095851
26965674
518798157
46973549
21017354
407232850
535601383
588482214
57770020
433233218
289788451
417403923
374441970
59392251
52600238
396244905
300985609
426469764
60787862
289788451
32048560
21612257
37904398
486484268
581155231
314024044
30119197
311473476
46973549
393691308
496626460
456784414
20806652
281858271
388683190
266096929
284886698
402342975
582168949
349405067
336291614
27386361
300985609
37180159
35701453
472041349
535244045
41507392
30082392
527922200
28671329
266291909
535133998
366797720
502323877
571573106
56310477
352840242
289779838
291554395
289852673
562508446
