30294504
544943487
291534290
30294504
328867281
371550206
30294504
328867281
64218326
291534290
64218326
328867281
30294504
64218326
30294504
328867281
544943487
388007223
30294504
328867281
64218326
393849848
291534290
328867281
64218326
550608993
328867281
291534290
30294504
328867281
64218326
30294504
328867281
64218326
30294504
291534290
328867281
30294504
291534290
328867281
569186081
30294504
328867281
30294504
550608993
328867281
64218326
30294504
328867281
569186081
564400147
64218326
30294504
328867281
291534290
64218326
30294504
328867281
523085365
564400147
30294504
328867281
306032268
64218326
328867281
30294504
538977220
538977220
30294504
328867281
544943487
328867281
30294504
569186081
328867281
30294504
564400147
64218326
538977220
328867281
30294504
569186081
64218326
328867281
30294504
328867281
30294504
64218326
328867281
328867281
30294504
328867281
30294504
30294504
30294504
30294504
