533587800
22264272
21228895
28388004
351084036
291464539
29048469
290208246
609512846
533587800
291464539
265192624
25006716
533587800
21228895
291464539
48567863
21228895
290208246
265192624
48567863
283586476
533587800
535074958
283586476
48567863
54277654
277826310
291464539
38806244
20114522
587248745
395194862
306317547
283586476
367194468
414637544
365508840
283586476
354427524
533587800
29221087
305864807
29305967
290208246
21228895
590057829
533587800
533587800
590057829
610598685
533587800
291464539
582574415
567840145
283586476
590057829
533587800
317810760
23680723
291464539
283586476
48567863
533587800
290208246
283586476
354427524
283586476
21162216
533587800
21228895
38806244
533587800
582574415
591586132
533587800
582574415
283586476
533587800
533587800
573075341
354427524
21228895
362100895
610406659
21228895
20114522
290208246
24981546
20114522
290208246
21228895
21228895
533587800
588481873
283586476
582574415
590057829
590351516
582574415
21228895
582574415
590057829
587248745
582574415
306317547
21228895
29101069
582574415
552490343
21228895
590057829
582574415
354427524
22264272
275553015
414637544
41913048
29221087
22264272
20114522
48567863
290208246
22264272
29305967
290208246
48567863
290208246
414637544
407861751
25006716
34151467
283586476
414637544
291464539
389676537
29221087
267143108
305864807
290208246
19686352
283586476
48567863
395194862
28388004
579163343
354427524
395194862
269368809
567840145
22264272
354427524
414637544
48567863
533587800
414637544
283586476
356949895
283586476
399808268
21228895
354427524
533587800
354427524
48567863
22264272
354427524
21228895
354427524
21228895
306317547
283586476
21228895
277826310
573075341
21228895
573075341
337029243
453106660
533587800
20114522
283586476
501435081
48567863
414637544
21228895
354427524
293509346
20114522
533587800
354427524
29305967
533587800
533587800
289615378
533587800
21228895
25006716
22264272
414637544
28763298
20674700
414637544
19686352
442956486
267102845
291464539
22264272
275553015
28780958
389677332
29048469
389676537
38806244
412128458
21228895
38806244
290208246
22264272
415576603
38806244
28388004
390834683
320289734
25006716
41913048
306317547
24502210
28003119
41913048
22264272
460393886
39111991
48567863
414637544
28388004
366202778
38806244
414637544
364174621
28452290
416558615
320289734
21228895
283586476
24502210
412128458
270337281
39111991
22264272
336125938
359675530
362525185
25006716
283586476
21228895
354427524
354298459
29101069
393943566
20797362
410472317
22264272
414637544
567840145
414637544
395680418
41913048
23680723
436950811
22264272
291464539
283586476
356949895
21228895
22264272
414637544
351084036
354427524
20114522
21228895
269368809
385657465
356949895
453106660
286492896
354298459
48280704
582574415
354427524
267143108
291464539
336125938
354427524
373004142
354298459
336125938
354427524
21228895
391875421
29066854
22264272
354427524
283586476
290208246
354427524
267143108
29510613
533587800
370686607
62391182
34547394
291464539
269368809
34547394
20114522
407861751
21228895
356949895
389676537
414637544
22264272
269368809
22264272
20557034
20114522
22264272
354298459
291464539
29221087
34547394
290208246
21228895
354298459
389676537
312946320
20114522
354427524
21228895
19686352
22264272
35303075
25006716
414637544
533587800
320289734
412128458
414637544
533587800
321995963
21162216
320289734
290208246
21228895
54277654
25006716
395194862
22264272
34547394
354427524
21228895
25006716
22264272
41913048
374287030
414637544
407861751
283586476
391875421
414637544
20674700
29221087
414637544
364384255
41913048
290208246
354298459
354427524
414637544
375831468
363339912
20114522
393943566
48567863
365508840
29101069
41913048
28388004
414637544
48567863
28780958
55085447
290208246
527706655
48567863
22264272
29066854
533587800
356949895
48567863
290208246
291464539
354427524
269154549
283586476
365508840
567840145
295243752
29101069
316254598
275553015
356949895
439234177
54277654
354427524
579163343
24502210
21228895
38806244
390834683
283586476
389677332
21228895
414637544
34151467
368534076
286199921
364174621
283586476
38806244
21228895
374287030
22264272
336125938
20114522
321779133
379727710
267102845
356949895
38806244
29221087
412128458
371537840
361951779
22264272
334155986
389677332
388863328
354427524
283349696
533587800
322363264
267667130
368005644
48567863
417476946
283586476
21228895
533587800
431145208
283586476
267143108
20947335
390834683
350185850
38806244
290208246
22264272
389676537
336125938
393943566
316254598
374982215
354427524
22264272
501435081
35303075
21228895
48567863
290208246
29101069
21228895
435822787
354298459
578047770
21228895
399808268
590057829
591586132
21228895
48567863
20114522
20557034
351994136
21228895
356949895
19686352
21228895
38806244
21228895
414637544
582574415
384302540
21228895
385842540
39997087
447714724
21228895
435822787
21228895
291464539
29048469
22264272
290208246
21162216
414637544
41913048
390834683
283586476
21228895
588481873
283586476
21228895
414637544
283586476
354427524
22264272
291464539
290208246
20674700
20674700
21228895
582574415
389676537
443099800
21228895
283586476
290208246
21228895
585685345
269368809
21228895
582574415
588481873
