527952541
568773087
543423643
510929895
527952541
399182543
479029129
557849233
399182543
493265829
494850655
479029129
493265829
479029129
425518986
498223543
553354847
526424001
440685071
553333397
546116118
582133492
587083029
539171938
493265829
553354847
530347717
498221748
544764973
527952541
534461873
516716882
493265829
590861540
530347717
590861540
536340848
527952541
493265829
516716882
530347717
565486052
516716882
452383047
527952541
574795935
479029129
452383047
527952541
493265829
549625790
590861540
574795935
479029129
543877856
493265829
562214500
568773087
541047906
479029129
574795935
530347717
555901440
479029129
530347717
479029129
539616610
530347717
543464837
556009446
530347717
493265829
555421894
540752200
556009446
530347717
568773087
546116118
546116118
530347717
527952541
530347717
479029129
399182543
524583272
493265829
479029129
532808061
530347717
527952541
534461873
516716882
530347717
527952541
493265829
479029129
493265829
