60031957
420051797
58325976
311930501
60031957
383666147
458850479
21778206
60031957
383666147
66467902
59415489
60031957
432405908
420044271
60031957
60031957
404062367
439144085
404825718
420062905
60031957
459938475
420044271
60031957
60031957
399285784
60031957
420048676
20303007
60031957
489262157
60031957
380256838
407773383
60031957
426347154
296491818
420051642
60031957
20303007
571836459
60031957
440587709
60031957
276800656
60031957
439993881
60031957
426347154
60031957
60031957
399285784
60031957
420051642
439144085
60031957
278743523
439144085
60031957
600360572
60031957
60031957
60031957
24885054
390874140
60031957
420044271
404825718
60031957
37865484
60031957
37865484
60031957
37865484
23889712
37865484
60031957
37865484
60031957
37865484
60031957
37865484
418958571
37865484
60031957
37865484
383666147
37865484
60031957
37865484
432405908
60031957
37865484
60031957
37865484
420051797
60031957
37865484
60031957
426347154
23889712
60031957
292577427
66467902
263614632
60031957
440587709
25833988
68039844
20303007
60031957
380256838
404825718
404825718
380256838
21778206
60031957
20303007
59415489
66467902
440587709
60031957
588603865
43099153
420051642
426347154
60031957
37865484
383666147
60031957
426347154
57463418
383666147
418958571
24885054
420051642
418958571
60031957
420044271
68039844
20303007
23889712
59415489
60031957
58970293
380256838
21778206
60031957
426347154
448236354
37865484
60031957
511071994
432405908
530289153
383666147
439144085
37865484
60031957
37865484
37865484
563857912
37865484
420048676
431937058
37865484
37865484
60031957
37865484
60031957
60031957
61115414
37865484
37865484
39386749
37865484
60031957
37865484
34384775
37865484
37865484
25833988
37865484
37865484
37865484
37865484
37865484
37865484
37865484
37865484
37865484
37865484
37865484
37865484
37865484
37865484
