25360821
591598554
330539732
25360821
591598554
319437190
588441551
38893536
580899896
337597950
29382492
366392253
337580728
55835762
25360821
425436868
267872056
59336372
472110502
68097418
367180292
386306379
58472370
341176620
475533305
330539732
422523110
422523110
367180292
355755915
367180292
410506988
417100158
410506988
378957033
355626971
341176620
378957033
355626971
378957033
363516663
378957033
363516663
341176620
40766135
341176620
337582125
337580728
19872169
25360821
386306379
422523110
588441551
444962373
588779053
319437190
366392253
330539732
588658052
588441551
428436930
460497800
589221537
586816701
375132666
588151814
337580728
48419438
592031271
36963205
586816701
263334058
588779053
358641432
563869302
592031271
386306379
68097418
431378591
359979608
264280888
367180292
591598554
386306379
364801411
58472370
475533305
367180292
355755915
417100158
410506988
367180292
386306379
378957033
375472810
373432938
386306379
378957033
355626971
363801353
378957033
341176620
333571106
19872169
68594052
25360821
19872169
19872169
