19649479
19834728
19649479
595512129
19710114
19834728
39385164
19649479
500319649
317781966
19834728
595512129
19649479
19710114
19834728
595512129
19649479
317781966
441446972
19834728
19649479
317781966
19834728
441446972
19649479
398288533
441446972
19649479
595512129
19649479
441446972
21788278
19834728
19649479
441446972
19649479
37976114
398288533
19649479
39385164
317781966
398288533
383587231
19649479
19834728
441446972
398288533
39342462
19649479
398288533
39342462
19649479
19649479
19649479
19649479
19649479
19649479
19649479
19649479
19649479
19649479
19649479
