552690502
499273325
527693709
20514859
552690502
397275763
547842181
550127301
547540442
552690502
20514859
547939792
553087191
551767486
20514859
550371862
553890754
548927039
542658624
20514859
548813034
550127301
549202526
20514859
499273325
540700483
550535196
39741529
512922798
553954150
548272439
550535196
442432858
400948546
546428518
552690502
550535196
550127301
540700483
402678157
553087191
547939792
499273325
549757679
546865674
499273325
400948546
551452579
552690502
499273325
442432858
550371862
550535196
442432858
55625700
549202526
442432858
551452579
550371862
527693709
442432858
552690502
551452579
547842181
527693709
442432858
552690502
548927039
548963436
400948546
442432858
551767486
550535196
20514859
551452579
338065574
397275763
292139409
20514859
552900747
442432858
338065574
553714841
553894659
499273325
442432858
338065574
549322488
549281345
442432858
338065574
20514859
55485816
551767486
338065574
551767486
442432858
543605738
442432858
553714841
20451177
499273325
546428518
442432858
547939792
20514859
546865674
527693709
442432858
550613338
551767486
338065574
442432858
402678157
546865674
543848183
547438823
442432858
550535196
442432858
338065574
551767486
547332858
550535196
442432858
338065574
546002771
442432858
550371862
550535196
527693709
442432858
402678157
553087191
499273325
338065574
442432858
548927039
20514859
527693709
442432858
338065574
499273325
550535196
527693709
499273325
550535196
546865674
442432858
550127301
550535196
543605738
442432858
552680419
546447921
527693709
442432858
499273325
551767486
338065574
552690502
527693709
544692137
20514859
442432858
551654511
527693709
550535196
442432858
55485816
551767486
549271005
442432858
20514859
397275763
20451177
442432858
552690502
545843266
552900079
543587064
550371862
20514859
554665753
547096813
552690502
402678157
39741529
556765264
551651808
552690502
499273325
20514859
552690502
543605738
555510500
548621937
550371862
551999857
39741529
515925237
554665753
552690502
550371862
547939792
549678133
400948546
532419348
554422581
542658624
499273325
548323737
552690502
452648556
338065574
548323737
552690502
499273325
512922798
20514859
552690502
21025273
540700483
548963436
554993658
547715420
553087191
549322488
551657925
542658624
550002270
400948546
548272439
402678157
552690502
512922798
400948546
552426732
20514859
552690502
550371862
400948546
550152460
551767486
550535196
548272439
551012401
552680419
402678157
551767486
515226361
402678157
20514859
397275763
552690502
551670394
550535196
397275763
552690502
512922798
549281345
552690502
459309921
550535196
551670394
554422581
552690502
402678157
546447921
400948546
551452579
557168035
402678157
338065574
553714841
20514859
552690502
402678157
550535196
554665753
20514859
543605738
402678157
551767486
499273325
20514859
527693709
551651808
400948546
550535196
546002771
338065574
527693709
554665753
400948546
552680419
548963436
552690502
20451177
548272439
400948546
532419348
548963436
402678157
546447921
550152460
550535196
552690502
550535196
513624924
400948546
555510500
499273325
550535196
551767486
553714841
402678157
552690502
550535196
400948546
549322488
338065574
550535196
20514859
557168035
553714841
552690502
550535196
550613338
499273325
549185911
552690502
548268645
548927039
549623852
20451177
527693709
546428518
551767486
55625700
402678157
546428518
549281345
551767486
527693709
553714841
552680419
512922798
402678157
499273325
334651638
499273325
552690502
20514859
499273325
402678157
313461073
527693709
552690502
550127301
402678157
547842181
550371862
452648556
552690502
549678133
338065574
537143961
501651013
544692137
20514859
552025396
548323737
550075670
512922798
544719805
549202526
552690502
283891467
20514859
21025273
400948546
499273325
547939792
556765264
550371862
549441788
550535196
553117628
546865674
551767486
552690502
549441788
547939792
552680419
540705525
554279334
549441788
20514859
553087191
557168035
548779150
547332858
554665753
543587064
512922798
551154507
552426732
551767486
402678157
550535196
20451177
549322488
554422581
543587064
547332858
552690502
499273325
544719805
552025396
551159307
552690502
540700483
546513106
554422581
543605738
552690502
338065574
546234150
397275763
552690502
20451177
397275763
553894659
552690502
554422581
543605738
549281345
499273325
459309921
554665753
20514859
527693709
552690502
550002270
338065574
549271005
499273325
549441788
550535196
20514859
390295866
549271005
550535196
20514859
552690502
553117628
397275763
402678157
549202526
546447921
549271005
552690502
402678157
400948546
55485816
555773221
459309921
552690502
551767486
553963915
548621937
499273325
549678133
551767486
551670394
552690502
552025396
549678133
20514859
549202526
549678133
548963436
552680419
499273325
553894659
556765264
402678157
499273325
527693709
556765264
552690502
549185911
499273325
531711284
20514859
547639284
56666915
550535196
552690502
547639284
442432858
550535196
552690502
283891467
543605738
549271005
552690502
402678157
550535196
552690502
548779150
390295866
20514859
402678157
552690502
499273325
55485816
512922798
552690502
499273325
551767486
549281345
552690502
551767486
549281345
550535196
551767486
549281345
402678157
550535196
338065574
402678157
550535196
552690502
499273325
550613338
402678157
499273325
550535196
552690502
499273325
55485816
402678157
20514859
540705525
545843266
556765264
550613338
390295866
546002771
543605738
553885043
549858941
550371862
551651808
552464555
550627196
550592394
338065574
397275763
548621937
554665753
550275408
537143961
556765264
550127301
551813275
549858941
397275763
550811304
544692137
548963436
390295866
550613338
553415665
537143961
548621937
20514859
537143961
501651013
552690502
20514859
397275763
550075670
547646097
552690502
39741529
397275763
549858941
55485816
550535196
400948546
546865674
548279760
549561268
551657454
552690502
553087191
552025396
552464555
551452579
553714841
544692137
548621937
549678133
20451177
20514859
552464555
544692137
549678133
20514859
553894659
545843266
338065574
550522610
548963436
549271005
501651013
338065574
553087191
547646097
20451177
39741529
550535196
552690502
537143961
549202526
543605738
553885043
552690502
549678133
548626653
20451177
547939792
546447921
501651013
499273325
553087191
400948546
555510500
548621937
548323737
554279334
546447921
551767486
402678157
338065574
546447921
552680419
553087191
552025396
553894659
546447921
400948546
549858941
546447921
551813275
544719805
539922680
552025396
552680419
550075670
338065574
552690502
552025396
20451177
549202526
499273325
544692137
549271005
284622422
20514859
499273325
552680419
400948546
543605738
550535196
549271005
402678157
549335088
527693709
338065574
402678157
397275763
549271005
527693709
549202526
553894659
551767486
552680419
400948546
550535196
546447921
549202526
552712594
550535196
551651808
549271005
546447921
553894659
338065574
549678133
550075670
549678133
400948546
554279334
402678157
549858941
544692137
527693709
550535196
550522610
20514859
552680419
554665753
553087191
550535196
543605738
20514859
549678133
513624924
402678157
543605738
400948546
553415665
402678157
550535196
552680419
553885043
537143961
395026458
552464555
549307239
551651808
334651638
338065574
549202526
555773221
549858941
551452579
347371241
513624924
338065574
550127301
20514859
553415665
547096813
400948546
552025396
553885043
554993658
552900747
553714841
553954150
552690502
550371862
552555299
442432858
548341379
400948546
547096813
554665753
548268645
550405921
546447921
554665753
550075670
501651013
547332858
452648556
543587064
338065574
548268645
55485816
549271005
551452579
557168035
553885043
553714841
539922680
549307239
547438823
543605738
512922798
551767486
550075670
546447921
283891467
551452579
553894659
548927039
550002270
543605738
553885043
400948546
549271005
400948546
452648556
552690502
552680419
554665753
400948546
543605738
555773221
