41023089
274220285
27044578
574475648
404825296
19851449
518971465
512233453
367302162
19851449
40060481
27044578
41023089
27044578
266783322
27044578
376696324
43346815
43346815
27044578
43346815
493425133
285313846
588555393
19851449
27044578
51403469
492175473
27044578
588523161
547415050
575843396
574475648
377368067
27044578
404825296
513216689
407345982
19851449
412840974
19851449
427507006
588523161
574475648
412560336
582403699
590504520
518963729
41023089
64507184
19851449
43346815
582403699
588555393
268575348
43346815
19851449
588523161
399367988
19851449
574475648
19851449
64507184
605385137
338312254
551466527
339788589
382917452
572269765
590504520
19851449
27044578
34866564
590504520
27044578
404825296
518971465
34866564
27044578
422117994
27044578
493425133
285313846
19851449
377368067
27044578
43346815
404825296
513216689
367302162
19851449
313200099
427507006
351377165
27044578
266783322
264557800
399367988
50566326
43346815
588723467
43346815
517968081
291043215
590504520
375565430
603949063
27044578
572269765
588523161
568212734
588723467
34866564
264557800
590504520
572269765
375565430
512451865
