525779264
431095895
520575625
526866920
520568622
525552369
520588586
444363922
527061896
520575731
525550996
581328530
456542742
494878122
456542742
464255206
525551769
456542742
522617720
520578764
433978647
456542742
476511597
456542742
538604671
454261384
456542742
443322833
591675561
520570698
456542742
587133743
520331969
433978647
456542742
456542742
525779286
390307116
427673808
525551235
456542742
472192654
456542742
456542742
390307116
456542742
591675561
342043841
433978647
520568597
390307116
524472234
520568466
444363922
456542742
342043841
455291194
456542742
525779480
587133678
484279961
458190146
590921428
524478071
525783343
524473267
524478099
526910001
587133678
390307116
525552059
