336391678
24424643
580842804
51611447
24424643
285745850
358849977
24424643
340894329
358849977
62463882
24424643
381211512
51643368
24424643
285745850
286955914
48655470
340894329
580842804
24424643
51611447
340894329
24424643
381211512
585716705
340894329
24424643
347025108
24424643
340894329
589559348
286955914
402458608
24424643
340894329
411284343
585820763
286955914
24424643
340894329
381211512
24424643
340894329
29745510
590557969
24424643
340894329
388080561
24424643
62463882
51611447
268500535
48655470
24424643
51643368
586375146
24424643
586355144
24424643
286955914
585820763
389539450
383147741
582506098
585716705
402458608
567180856
387178791
585820763
585713004
24424643
418415261
340894329
336391678
439479693
590557969
586355144
585820763
282717316
285745850
517190520
550796576
586375146
591005945
582506098
28969796
416310371
590557969
585713004
343526925
591342949
24424643
585820763
61528525
523112908
444269840
582506098
48896390
358849977
586375146
588405222
515673026
383062224
51611447
340894329
24424643
51611447
358849977
24424643
511759528
286955914
340894329
381211512
35781562
24424643
340894329
285745850
381211512
388080561
24424643
340894329
51611447
268500535
24424643
340894329
425337320
35781562
61528525
389539450
340894329
285745850
439479693
48896390
