324421050
502712315
346098685
324421050
324421050
349005232
407815100
324421050
391404155
324421050
26515131
324421050
23799265
417673816
324421050
387060384
363852342
350996524
437299949
324421050
32108026
324421050
434109848
324421050
324421050
265504499
505804375
27062642
324421050
265504499
550488736
62539246
324421050
324421050
357383608
540403435
324421050
305940726
379168770
324421050
324421050
590878980
324421050
429952528
324421050
412229182
348555704
417673816
324421050
346098685
357383608
324421050
417673816
324421050
324421050
588680222
324421050
324421050
427995374
312698999
324421050
346098685
324421050
324421050
26515131
277829023
324421050
324421050
324421050
324421050
346098685
505804375
324421050
324421050
324421050
324421050
23799265
520632105
417673816
304483842
27062642
324421050
22397949
407815100
67080175
296157459
23727051
324421050
28427852
324421050
312698999
26515131
417673816
323644259
23716950
500041820
349005232
350900068
285129208
437299949
374654000
346098685
407815100
346098685
370939212
417673816
493415855
435784332
346098685
32108026
24287049
357394549
347519090
66323427
26515131
434109848
38645116
64185662
417673816
23727051
334999512
316325808
407815100
334999512
417673816
324421050
328253547
417673816
457982580
352003291
27062642
437299949
380300209
324421050
510386352
589216938
324421050
491585698
493415855
321839332
346098685
589018390
379168770
67080175
523128480
589854230
500041820
417673816
500041820
490404847
334999512
324421050
589216938
589854230
446767706
417673816
412229182
324421050
285129208
27062642
354915716
302999661
324421050
589216938
587993618
347519090
590489332
357394549
314575998
324421050
357383608
428499817
324421050
588680222
359747554
324421050
395910120
274797945
324421050
334999512
588680222
324421050
417673816
523128480
346098685
31264426
417673816
346098685
324421050
346098685
588680222
68465971
417673816
324421050
434471476
26515131
343577203
324421050
274356891
446767706
324421050
324421050
407815100
346098685
449967685
589216938
588680222
505804375
324421050
324421050
581823778
382380082
324421050
516951770
589018390
346098685
273659111
274797945
38645116
505804375
27062642
26515131
265504499
357394549
346098685
324421050
346098685
305940726
429952528
41966151
412229182
348555704
24098841
23716950
346098685
324421050
334999512
417673816
274356891
346098685
21284959
23799265
22397949
324421050
