28796160
19919662
527660996
576521931
67436742
513932984
37170519
19738062
502576691
447515444
533541015
48688548
502576691
423859855
598454607
414157636
543713609
19994830
555018081
414157636
487278439
39178027
318238732
550382986
19738062
502576691
48688548
528307441
502576691
555018081
572105828
414157636
502576691
369718816
547237068
330147529
502576691
394247805
318238732
426101468
377315127
502576691
422487807
528307441
491408851
46738997
48688548
414157636
525429041
487278439
24858723
414157636
423859855
502576691
441038431
48688548
414157636
423859855
414157636
423859855
39449047
414157636
394247805
441038431
502576691
414157636
423859855
29892279
48688548
423859855
291041254
414157636
423859855
527579952
502576691
28796160
414157636
527579952
40047036
414157636
502576691
414157636
502576691
423859855
361811517
423859855
502576691
422487807
527579952
414157636
513932984
452532802
20019373
555018081
423859855
502576691
525964282
394247805
527579952
485922191
330147529
507816298
510210165
414157636
525429041
423859855
414157636
429578493
414157636
502576691
577488423
525429041
28583551
502576691
408944625
19738062
531805233
19738062
39962705
20107881
414157636
502576691
527579952
466786189
408944625
423859855
414157636
26898029
502696287
66822458
432986389
414157636
472653912
408944625
525429041
318238732
360004436
19843777
502576691
528581504
422487807
28173980
29892279
527579952
36685394
502576691
63416082
408944625
20733404
411633231
53425039
423859855
362819389
414157636
347221053
502576691
64639635
290513793
20094674
504196927
423859855
380088043
22539051
414157636
502576691
406798527
460737859
394247805
28796160
487278439
269911799
407187057
598454607
429174444
47493761
401965509
19586050
28173980
527579952
48793327
283731255
414157636
502576691
266662173
591124636
423859855
24858723
19738062
380678352
417928818
20087918
266662173
23649110
29037671
33467620
34728632
23679126
318238732
487278439
377315127
502576691
408944625
422487807
408944625
360548467
522266790
264022634
266662173
414157636
19601924
28173980
414157636
408944625
329118920
484544418
20827771
414157636
472651161
19906376
598454607
431502003
318238732
423859855
35534043
318238732
28796160
407522164
48793327
528470851
487278439
528470851
318869355
528470851
397005107
362819389
358178108
414157636
39178027
390063648
547237068
528470851
397922373
528470851
414157636
480511963
330147529
435394585
414157636
25577960
19942428
19572561
414157636
408944625
450068495
20827771
33467620
20019373
447515444
330147529
19942428
598454607
468518284
504196927
23754532
441050991
62951349
408944625
422487807
408944625
469892894
373279432
330147529
19738062
423859855
478836621
571909643
478836621
19572561
447534582
502576691
330084806
19738062
461670856
408944625
510210165
528581504
377315127
423859855
598454607
318238732
330147529
29892279
528307441
330147529
49188021
362819389
377315127
395142413
398398220
318238732
318869355
31732246
318238732
266662173
486544498
331563715
330147529
528470851
422487807
358176186
423859855
527660996
386802385
422487807
271677020
318869355
408944625
29872227
318869355
528470851
408944625
39178027
458752175
264022634
33467620
304164425
520361468
478836621
27351199
330147529
431502003
422487807
20107881
480590817
414157636
404284179
55688337
380088043
482807045
408944625
414157636
435394585
330147529
31476274
408944625
525429041
408944625
67436742
414157636
480590817
23895194
55688337
423859855
577306848
423859855
502576691
266662173
21406613
528470851
26898029
19871683
312074241
380088043
330147529
548838188
430427556
515970646
509987528
528581504
19942428
62951349
329118920
422487807
388242361
362882901
408944625
472651161
486544498
28173980
451606750
422487807
527579952
423859855
547237068
314635119
30101945
27351199
454909869
320145599
478836621
449019089
433314063
330147529
510210165
422487807
27627920
441416632
397606562
414157636
338495997
547237068
426101468
48436572
491143135
441038431
325088881
436129196
21146721
478836621
395319358
27545323
422487807
388457407
39449047
266662173
307214687
431555444
502576691
422487807
