374199066
360631199
377912568
548005669
374199066
554797299
360631199
538503151
548005669
374199066
553694170
548852845
554797299
548005669
374199066
348125055
548852845
524735397
548005669
374199066
548852845
548005669
374199066
548852845
382871118
548005669
524735397
374199066
548852845
347275375
548005669
524735397
548852845
376639254
532534910
374199066
382871118
524735397
360631199
511395261
360631199
360631199
382871118
361980377
360631199
382871118
413188993
352115599
382871118
374199066
353395828
352115599
374785478
374199066
369612030
382871118
374785478
364329778
360631199
382871118
374785478
354599138
353395828
382871118
374785478
350411823
374785478
347963239
350831485
348125055
350411823
350614145
348125055
352115599
353395828
350614145
353395828
350614145
352115599
353395828
350614145
351173683
354599138
348125055
350614145
350411823
351210777
350614145
348125055
346440451
350614145
353395828
350802445
350614145
348125055
350411823
350614145
348125055
350411823
350614145
353395828
348125055
350614145
353395828
350411823
350614145
350411823
350614145
347963239
350614145
350411823
347963239
353395828
350614145
350411823
352115599
353395828
352115599
350614145
350614145
350614145
350411823
350614145
350614145
350614145
350411823
