405615530
580645141
273800097
405615530
30556883
511176038
412271127
29635624
30556883
273800097
401458640
273800097
422453302
30556883
511176038
412271127
273800097
30556883
580645141
405615530
273800097
458078011
401458640
37978587
273800097
30556883
427634394
356805480
511176038
273800097
30556883
478052554
401458640
30643843
458078011
511176038
30556883
412271127
273800097
30556883
394842578
405459942
30556883
478052554
396269113
30556883
511176038
37978587
418806177
30556883
412271127
580645141
23463259
21227853
30556883
412271127
273800097
30556883
412271127
401458640
405615530
403026595
30556883
380656356
528778156
30556883
511176038
273800097
587238751
68049644
30556883
383826958
273800097
396269113
30556883
45627172
30556883
271286929
530903256
576647524
30556883
273800097
427634394
401458640
30556883
511176038
412271127
401458640
30556883
511176038
422453302
30556883
418806177
426658656
30556883
412271127
273800097
403026595
30556883
49839738
273800097
478052554
30556883
511176038
359443041
273800097
30556883
30556883
405615530
30556883
427634394
30556883
401458640
511176038
30556883
273800097
412271127
30556883
401458640
591395407
30556883
30556883
412271127
451333876
576543518
273800097
30556883
480815535
401458640
273800097
30556883
20540675
401458640
30556883
368522250
412271127
30556883
591768521
511176038
30556883
273800097
19598089
405615530
23463259
21394563
405615530
403105517
29635624
463043002
20164869
21394563
573869833
63580181
20547121
33684599
60998593
418806177
463043002
33684599
458078011
29635624
405615530
23463259
511176038
356805480
365516855
23463259
21227853
30556883
458078011
23463259
20164869
412271127
30556883
356805480
478744803
46965454
401458640
511176038
412271127
405615530
30556883
394301548
356805480
271286929
356805480
20078386
441598646
438161861
23463259
273800097
441250612
30556883
20547121
441598646
21241982
405615530
420091029
438161861
511176038
419465617
30556883
438288414
412271127
480815535
49839738
435533259
273800097
30556883
30556883
448359983
483373250
23463259
511176038
273800097
440841637
30643843
417751339
511176038
266564223
401458640
511176038
511176038
402512302
273800097
412271127
22884483
327333227
511176038
412271127
412271127
401458640
273800097
582788741
24078660
401458640
273800097
273800097
273800097
22349675
20341220
405615530
359443041
405459942
66524613
20132026
29635624
52310107
50767166
271286929
23463259
331246735
405615530
412271127
401458640
419465617
401458640
22145169
273800097
280146763
512912020
412271127
368522250
438288414
441598646
273800097
52310107
60998593
441598646
405615530
480815535
357348181
45627172
41859451
21227853
401458640
405615530
273800097
401437764
273800097
273800097
345084844
22873224
511176038
273800097
351920653
447300163
412271127
365516855
320870951
480815535
30281871
273800097
412271127
273800097
273800097
412271127
430812724
273800097
273800097
441598646
534562061
414987245
412271127
405615530
460859393
21900009
29635624
401458640
23463259
273511419
429936037
29635624
377268895
21227853
458078011
37978587
63907550
408228429
528778156
441598646
511176038
447300163
268175917
361370449
21227853
29098068
29635624
412271127
21227853
405615530
398890894
293651745
430812724
511176038
447010310
441598646
60998593
393495345
377268895
392012865
427634394
30556883
405615530
458078011
358767081
417731094
412271127
325253862
26138565
266768054
398142860
511176038
483373250
447466185
441598646
351920653
368522250
401458640
405615530
400271192
426658656
62001769
351920653
454066719
412271127
511176038
377530688
368219793
351920653
264479916
511176038
60998593
458078011
456646563
47185953
401458640
273800097
426998361
401458640
511176038
23463259
516129419
511176038
66524613
384414440
511176038
390327373
464870658
273800097
37978587
511176038
273800097
426934194
366137115
273800097
405459942
351920653
405615530
273800097
427660970
511176038
65611703
314582867
273800097
419465617
441598646
20195248
331246735
401458640
273800097
381478670
480815535
431351391
535099006
401458640
351920653
418811273
21227853
350058271
273800097
458078011
441598646
401458640
511176038
362733939
382854067
273800097
19769630
412271127
273800097
401458640
362177591
20540675
412271127
273800097
327803227
52310107
29635624
23463259
395280886
424329534
360804012
29635624
532787024
412271127
24312866
29635624
30556883
387226195
447010310
381787422
350058271
274145650
20540675
372908933
392012865
393495345
273800097
29635624
511176038
449875403
478052554
45627172
434935152
432480004
436195496
441598646
321371173
45627172
38246592
430812724
405615530
20540675
340489887
319112419
325253862
401458640
379197765
30643843
433930763
41682979
478052554
365516855
273637457
280146763
391488306
421382899
441598646
30556883
463043002
280146763
319112419
37422405
441598646
479818827
405615530
434596216
47185953
511176038
499131508
405615530
396634178
19638448
405615530
362939192
391488306
375561995
313292202
388660619
53766210
306097960
381787422
