323952641
36252177
24242299
580807503
490486228
367241342
358997448
584518312
490486228
394538309
511238549
38083279
490486228
366813407
395940034
38083279
490486228
511238549
405080312
359507825
490486228
511238549
295552985
295647432
402071919
550878369
511238549
515833042
442172494
490486228
304239267
511238549
383311271
442172494
481801961
511238549
366409887
405080312
363582318
343079669
511238549
55157475
38083279
402071919
55157475
490486228
38083279
511238549
434722574
447317335
402071919
38083279
511238549
394538309
568302420
490486228
336236459
590448396
38083279
584518312
490486228
394538309
590448396
38083279
584518312
343079669
531309390
38083279
590448396
301915749
38083279
587205682
394538309
405080312
442172494
38083279
587205682
388326215
38083279
590448396
383311271
38083279
56309929
50195623
475955291
38083279
515833042
490486228
587205682
584518312
359507825
38083279
394538309
427449283
542688156
511238549
584518312
402071919
394538309
569295538
584518312
394538309
356358124
50195623
366813407
394538309
402071919
394538309
405080312
394538309
295647432
587205682
442172494
405080312
394538309
365980814
295647432
394538309
383311271
38083279
394538309
456934110
336236459
394538309
369105317
351372599
394538309
39243935
568302420
569295538
394538309
395940034
394538309
394538309
394538309
576381597
394538309
576381597
575651371
394538309
394538309
394538309
394538309
568302420
394538309
555457916
584518312
375806699
36252177
490486228
447317335
398044186
36367637
490486228
24242299
358997448
396062995
24242299
490486228
38083279
36252177
511238549
550878369
511238549
442172494
421480297
39243935
490486228
394368497
511238549
405080312
367877076
402071919
392771081
369105317
339967132
402071919
490486228
402071919
339967132
490486228
511238549
360087876
363582318
502653521
568302420
490486228
56309929
358997448
45408250
402071919
395940034
514446196
490486228
339967132
396698389
392771081
360956489
424472228
401109189
392771081
499201267
336236459
38083279
292163626
490486228
363582318
447317335
584518312
378347892
363582318
427449283
38083279
499201267
339967132
395569940
424242270
499201267
50195623
402071919
391201462
394538309
365980814
363582318
38083279
358997448
56309929
405080312
395940034
442172494
339967132
402071919
587205682
401109189
343079669
424242270
405080312
406973166
402071919
367241342
363582318
374575012
511238549
394538309
547895435
402071919
405080312
434722574
402071919
365980814
401109189
569295538
292163626
402071919
394538309
336236459
487899216
356358124
50195623
391201462
336236459
424472228
402071919
446310299
336236459
502653521
394538309
396705836
38083279
336236459
405080312
442172494
323960616
405080312
394538309
402071919
446310299
405080312
41822294
511238549
405080312
394538309
336236459
402071919
405080312
39243935
394538309
336236459
402071919
568302420
394538309
336236459
402071919
569295538
394538309
511238549
402071919
336236459
394538309
402071919
336236459
394538309
295552985
402071919
336236459
576381597
576381597
446310299
31843022
490486228
424242270
584518312
364138864
25530998
395940034
499201267
395940034
511238549
424242270
36252177
511238549
502653521
402071919
38083279
531309390
402071919
547144336
424242270
568302420
396705836
499201267
363582318
369105317
490486228
343079669
499201267
363582318
469886458
292353116
402071919
392771081
348839359
460872790
446310299
490486228
394368497
363582318
393446321
490486228
424242270
490486228
369105317
502653521
396705836
339967132
336236459
502653521
499201267
479827537
363582318
402760620
352630202
499201267
363582318
424242270
369105317
378697093
38083279
363582318
405080312
339967132
447317335
402071919
38083279
53625390
383311271
267193605
363582318
38083279
409528570
515833042
405080312
363582318
374575012
363582318
339967132
511238549
26594028
395569940
499201267
511238549
363582318
391201462
336236459
424472228
402071919
393352061
363582318
395940034
369105317
401109189
402071919
363582318
515833042
38083279
405080312
402071919
398044186
499201267
339967132
499201267
336236459
397066798
339967132
49955498
356160754
569295538
339967132
405080312
363582318
396705836
439449290
50195623
446310299
395940034
383311271
447317335
401109189
400936960
402071919
405080312
336236459
394538309
363582318
460674434
405080312
323952641
395940034
339967132
402071919
379334805
502653521
402071919
372843201
336236459
392771081
402071919
339967132
379323371
57775136
446310299
362709176
54384326
405080312
366813407
336236459
339967132
36252177
405080312
454364480
336236459
364138864
511238549
394538309
502653521
336236459
394538309
568302420
569295538
336236459
366813407
394538309
328027882
339967132
394538309
402071919
487899216
402071919
576381597
36367637
36252177
38083279
41595315
442172494
511238549
351372599
363582318
36252177
490486228
369105317
323999846
339967132
511238549
568302420
579091280
339967132
490486228
590376899
339967132
393179041
336236459
38083279
323999846
336236459
351683846
590452861
401109189
396698389
394538309
339967132
442172494
363582318
394538309
339967132
502653521
584518312
339967132
583513100
336236459
499201267
490486228
401109189
339845259
402071919
323960616
363582318
396705836
395940034
579091280
499201267
336236459
400927346
409528570
339967132
487803895
288137972
579091280
569295538
336236459
39015209
291448467
336236459
393352061
405080312
356358124
38769035
393352061
394538309
391201462
400936960
409528570
405080312
424472228
324304533
402007714
546560864
438298536
365240122
391201462
583513100
579091280
394538309
369105317
393263901
394538309
405248599
568302420
569295538
502653521
384216336
336236459
394538309
576381597
336236459
400936960
576381597
575651371
394538309
579091280
336236459
402071919
568302420
555457916
579091280
511238549
581927022
394538309
402071919
352316402
394538309
359507825
579091280
405819679
53547977
