264169474
608060949
390339353
585884387
22994113
573124942
21263055
50568186
30130754
387179806
508863819
64127378
50568186
588439435
35971808
30130754
278772120
430265980
537521078
338785142
588896126
20185776
62933451
447437538
20185776
547758667
430265980
547855971
577707814
588439435
548021574
304574275
583007070
38496786
547855971
50568186
351367193
38052768
61713400
307551825
447437538
342814267
38496786
22994113
50568186
328133098
30130754
588810403
37261103
35971808
50568186
35971808
50568186
21263055
37261103
264169474
36524262
441163667
547855971
351367193
36524262
558914635
547855971
547758667
430265980
387179806
35971808
608060949
430265980
541250336
558935317
588439435
40409702
390549654
588439435
559211084
588439435
559211084
441163667
590894300
559211084
351367193
541250336
40409702
606128149
547758667
351367193
327374446
547855971
488464398
588439435
30130754
590894300
558480900
559211084
558914635
370222410
583007070
50568186
588439435
583007070
588439435
376523712
40409702
351367193
588439435
62493588
575636067
559211084
35971808
583007070
558914635
558935317
431738247
20371154
34960668
22994113
579202740
387179806
36524262
35316631
31516542
64127378
22994113
21263055
469044947
469675027
35316631
547758667
25246821
40409702
320782204
307551825
34960668
387638021
279867731
304574275
52574747
298261269
279867731
36524262
370222410
536904129
21263055
351515370
52793814
22093224
447437538
351367193
547855971
397159520
501971263
351425548
37261103
36524262
558914635
37609761
488828311
351515370
38052768
35971808
558935317
22994113
38052768
559211084
36524262
559211084
559211084
387638021
547855971
334759925
27015276
36524262
450744784
430265980
583007070
390635864
377326655
374459920
559211084
387179806
558914635
351367193
30130754
351515370
38335534
583007070
351367193
307551825
583007070
351367193
547855971
559211084
30130754
323446749
31672143
387179806
36524262
51936479
328133098
469675027
307551825
310110170
501243274
38052768
319306468
547855971
37261103
307551825
31672143
547855971
21263055
38335534
547855971
351367193
547855971
329150505
279867731
36420365
424541614
36524262
406532987
37381758
387638021
21263055
266756811
38052768
365814267
448968542
345667752
395091761
38052768
40409702
38335534
35971808
547855971
432206311
386108822
38335534
279867731
61713400
38335534
558914635
38335534
279867731
34960668
338785142
430265980
406532987
558935317
387179806
538420062
266756811
433388917
559211084
293162745
264169474
489771271
326194501
559211084
329604459
387179806
559211084
433388917
20185776
503944257
56258433
447437538
466368054
450744784
304183437
393544214
387179806
274305022
363096034
20589740
36524262
397159520
61295197
547855971
396332170
338785142
51936479
368468436
338785142
38335534
588439435
559211084
38335534
387179806
558914635
34960668
338785142
40179443
303660982
351367193
338785142
296735748
362080658
338785142
326194501
338785142
338785142
35316031
390339353
20371154
64127378
40409702
547855971
20589740
38496786
37261103
50568186
503944257
338785142
351515370
351367193
40409702
338785142
35971808
61295197
27015276
558914635
430265980
29540550
558935317
387179806
559211084
30130754
559211084
559211084
35316031
36524262
397159520
338785142
559211084
558914635
35971808
576667752
