590609525
561743140
472018233
609806521
533822815
472018233
503260299
423674815
472018233
486452052
533822815
423674815
472018233
472018233
611047555
533822815
472018233
610240503
559240067
609806521
472018233
609806521
561743140
353731123
609806521
609806521
533822815
472018233
610240503
609806521
533822815
561743140
533822815
472018233
533822815
533822815
571932646
472018233
533822815
515480179
472018233
533822815
497519766
533822815
559240067
533822815
562258079
609806521
472018233
533822815
472018233
533822815
472018233
533822815
609806521
486452052
472018233
533822815
609806521
419908060
472018233
