290604207
68305292
41829717
290604207
516093493
381341151
296856094
356366953
31653252
381341151
290604207
381341151
290604207
381341151
294495072
339502351
290604207
384414440
381341151
41829717
361227789
573149385
290604207
381341151
290604207
381341151
359402865
290604207
381341151
384414440
290604207
381341151
383172684
381341151
384414440
290604207
381341151
31653252
381341151
501453844
381341151
366137115
277627619
288866387
381341151
290604207
587733374
40562865
381341151
381341151
573188142
381341151
290604207
381341151
31653252
381341151
503390506
290604207
381341151
339502351
290604207
381341151
40562865
381341151
41829717
381341151
41829717
381341151
573188142
381341151
573188142
52045835
285138634
381341151
290604207
381341151
290604207
339502351
381341151
381341151
381341151
359402865
371235507
381341151
502647252
402336128
460205055
290604207
502466014
