477424312
571600520
512889872
557828851
571600520
557828851
582552205
599389565
571600520
452484626
547879309
582552205
571600520
599389565
544596385
547879309
589576397
582552205
547879309
599389565
589576397
531123820
557828851
589576397
599389565
547879309
582552205
547879309
571600520
547879309
544596385
582552205
531123820
599389565
582552205
547879309
582552205
547879309
571600520
582552205
599389565
452484626
582552205
582552205
477424312
547879309
582552205
483029360
582552205
571600520
599389565
582552205
477424312
599389565
582552205
571600520
547879309
477424312
599389565
582552205
