596477556
564311232
596477556
494483586
494601266
494478031
494601266
494478031
494483586
494601266
494478031
494483586
494601266
494478031
505895019
501113344
494601266
494478031
494483586
494601266
494478031
494483586
501113344
494601266
494478031
494606660
494483586
494601266
494478031
501113344
494483586
494601266
494478031
494606660
494483586
494601266
494478031
494483586
494601266
494478031
501113344
494606660
494483586
494601266
494478031
501113344
494601266
494478031
494483586
494478031
494601266
494601266
494478031
494601266
494601266
494601266
494478031
494478031
494601266
494478031
494478031
494601266
494601266
494478031
494478031
494478031
494601266
494601266
