50391510
20788280
23631175
50391510
23631175
26708903
23631175
24373810
50391510
26708903
23631175
27700518
23631175
35464524
23631175
50391510
23631175
50391510
23631175
578330914
536983615
23631175
23328407
23631175
49657999
28823418
23631175
23631175
520646723
23631175
587875350
23631175
25361011
23631175
35464524
23631175
23631175
23631175
23631175
39738194
23631175
24373810
23631175
24373810
23631175
20844219
23631175
23631175
23631175
23631175
23631175
23631175
23631175
23631175
23631175
23631175
23631175
23631175
23631175
23631175
23631175
23631175
23631175
23631175
23631175
23631175
23631175
23631175
23631175
23631175
23631175
23631175
23631175
23631175
