20997688
269662017
433178420
351061492
20997688
365761099
473267942
20997688
527390366
51859460
20366611
407579216
20997688
415831579
49289346
439971353
51859460
319925690
51859460
20997688
351061492
23140837
270279882
60846413
419005528
49289346
439971353
380778299
390205572
407579216
51859460
328881864
436365485
51859460
444112383
466883150
326716244
342152316
591212851
465733974
269662017
582156189
20366611
19552889
300178684
380778299
523874218
384054275
389685613
370093411
20366611
434536593
406700502
407579216
338508930
365761099
344966065
527390366
387466829
311018673
591212851
19552889
473267942
586375570
439971353
51859460
404669437
351214031
270279882
373446568
588334780
296730545
380778299
407579216
524863179
421266083
475609181
563435712
31905594
331830934
314809922
51859460
23553129
344966065
351061492
585903352
324685023
406700502
380778299
51859460
473267942
328881864
51859460
311018673
305913632
20997688
20366611
585903352
591212851
587509704
300178684
406700502
365761099
344966065
527390366
413200595
583036316
407579216
270279882
421266083
345893975
380778299
515228254
585903352
572780252
560260256
567691621
404864597
473932384
429331218
