472400653
22056462
395028010
371844248
442949671
358997448
453489671
584518312
511238549
55105201
532168048
492690134
419371112
354879314
47914832
511238549
34659999
21931322
492690134
419371112
544749278
490486228
492690134
511238549
544749278
536971287
518390211
392805335
511238549
22056462
55105201
389312549
420877454
536971287
442172494
270986073
22056462
395028010
490486228
536971287
461879844
455405974
495982570
402867672
482343555
280926005
518390211
472400653
284217515
432252640
22056462
511238549
486398493
492690134
472400653
278370018
580059025
492690134
55105201
511238549
276297249
40373111
344687221
423378534
55105201
534328554
579926774
278370018
55105201
490486228
486398493
55105201
464684523
442949671
471878448
449761543
303151546
492690134
443415163
492950275
584518312
492690134
480332577
55105201
389312549
402738556
274965880
472400653
55105201
530279801
270986073
55105201
602095587
472400653
278370018
468480520
472400653
278370018
409621975
521555041
472400653
373205974
313172064
34659999
534328554
442949671
389304260
344687221
472400653
468090582
22056462
472400653
464955558
311345017
580059025
22056462
584518312
514238732
55105201
278370018
491292669
358317355
55105201
66349214
464631510
337164904
47860142
55105201
472400653
55105201
22056462
351662732
472400653
521555041
442949671
280926005
492690134
22056462
47914832
536971287
594787988
34659999
548474999
278370018
276297249
442949671
472400653
442949671
36378816
482343555
442949671
525760879
22375770
402555106
518390211
465063765
534328554
610947676
472400653
442949671
449466346
442949671
36358901
496190232
55105201
490172897
437484235
407394962
409621975
490486228
42221947
410632040
513904841
442949671
270986073
278130285
490486228
575927090
22056462
55105201
511238549
36378816
40373111
544749278
536971287
405080312
401410254
442949671
542178042
295552985
315129135
586300544
328191592
389312549
442949671
530279801
304239267
36378816
40373111
34659999
25356549
330557507
394823496
278370018
389312549
453489671
30535353
582013988
313172064
419371112
334342258
563498959
525678130
447824392
361003263
55105201
400288265
267655335
55105201
280926005
442949671
391645740
579739149
518390211
30925653
55105201
442949671
35594724
368024153
403464383
533168629
34659999
389312549
22056462
323649593
445605536
316826632
313172064
584518312
531309390
543778768
352395918
280926005
404659532
287295774
592117706
34659999
580059025
280926005
301915749
445605536
394823496
323649593
582511117
278370018
316826632
425199072
572118333
328051144
551161218
534328554
389304260
579926774
267655335
533168629
22056462
56309929
582125450
267655335
55105201
402952799
492690134
50663695
389312549
65974428
475955291
281064008
497111488
534328554
592117676
401410254
456715367
590469043
403941982
42137838
36358901
55105201
576935941
40373111
590475375
55105201
582013988
389312549
534328554
564860935
606793449
302003793
442949671
275522681
550805229
518390211
22375770
278370018
22056462
368024153
270986073
461616982
388553720
472400653
534328554
442172494
55105201
323551576
534328554
22056462
35123713
