35343391
24357550
23453142
379745252
24357550
24357550
41319842
487278439
35343391
24357550
377315127
548780271
345590452
487278439
27351199
24357550
49385999
377315127
35343391
24357550
379745252
377315127
487278439
24357550
42034066
475960058
24357550
42034066
377315127
49385999
24357550
24357550
54618760
358176186
377315127
49385999
24357550
384352080
24357550
62081006
24357550
24357550
380314884
475960058
588704314
487278439
24357550
488900097
55250308
24357550
448838292
24357550
391711089
377315127
24357550
487278439
27351199
475960058
359243122
380314884
377315127
487278439
475960058
345590452
31282134
343113773
24357550
24357550
50129166
487226255
345590452
487278439
568312196
348748924
568312196
42034066
24357550
588704314
588704314
547244260
35343391
24357550
24357550
410282524
49385999
57507053
478828135
35343391
573909064
49239206
476956000
377315127
24357550
487278439
359243122
588704314
24357550
23453142
24357550
24357550
26801029
377315127
24357550
27351199
24357550
27351199
35343391
26801029
42034066
377315127
54618760
26801029
462250374
380314884
475960058
448838292
27351199
307150366
380314884
475960058
345590452
343113773
42034066
345590452
348748924
35343391
24729388
