20952748
26291341
57216168
26813477
23896915
368826046
316548332
281379519
57216168
62250425
64559163
410413388
62250425
26813477
57216168
366031522
26291341
19674717
57216168
386614378
57216168
555055754
26291341
62250425
19674717
57216168
326716741
366031522
20952748
57216168
366031522
62250425
57216168
396436404
410413388
57216168
62250425
62250425
23896915
410413388
57216168
555055754
265178092
364423806
354167399
366031522
57216168
316548332
28337319
396025098
19674717
38371838
323051388
57216168
64559163
19674717
316548332
281379519
24750289
316548332
323051388
316548332
23896915
21092950
265178092
555055754
57216168
23780152
23896915
368826046
316548332
366031522
21092950
316548332
559213956
410413388
433965139
22555658
22078911
57216168
316548332
386614378
28337319
316548332
25066079
366031522
386614378
386614378
361833590
19674717
435105847
19674717
26291341
19674717
