21722143
58903345
582123474
587710865
303984160
363976685
495849440
303984160
572691292
580423397
24624584
37795428
572691292
433777865
23412137
293110005
24877110
572691292
567822547
22206764
336920309
22206764
570016173
36076319
38138593
21722143
516583406
516583406
24901644
440211901
344182459
21722143
344182459
22206764
452634160
438375115
364610868
344182459
439124994
27622510
31081190
409198565
315180355
29257356
409198565
419622945
311041751
391486859
40156909
21630814
22206764
37795428
315180355
368284142
315180355
368284142
366186360
22206764
318566247
368284142
318566247
368284142
315180355
346791972
318566247
368284142
346791972
318566247
368284142
346235623
312580688
318566247
315180355
346235623
22206764
344182459
318566247
341900804
330010496
346235623
318566247
344182459
315180355
346235623
318566247
23727803
22206764
315180355
318566247
23727803
324345050
314592183
318566247
23727803
315180355
282806319
318163680
318566247
267175714
65581611
318566247
267175714
23239226
318566247
22206764
41638823
267175714
23239226
39414417
22206764
267175714
23239226
318566247
25421514
267175714
318566247
22604833
22206764
267175714
23239226
318566247
21639827
21681408
267175714
23239226
318566247
21630814
21681082
23239226
318566247
318566247
591967071
315180355
438375115
23235504
289714212
591967071
584037694
56549216
559074193
572691292
566231758
567779280
23239226
572691292
572691292
39784971
22206764
315180355
318566247
23727803
318566247
22206764
267175714
318566247
52691653
267175714
37795428
41652945
318566247
24698815
24901644
21630814
23239226
318566247
24698815
21630820
23140869
21633016
22206764
21632327
21703553
21693647
21703553
