472523953
371717960
420802419
455008753
374152583
265478108
420802419
265478108
447865270
455008753
265478108
374152583
469299032
297936272
484957697
489162502
489162502
297936272
432160611
587794239
522702190
415552445
418629354
297936272
424336094
480541296
529198390
449861411
371717960
426327326
415552445
489162502
465959196
446887770
418629354
418629354
418830915
489162502
418629354
509981353
461703514
449489867
425115776
435228148
425115776
454793683
449489867
414229079
425115776
454793683
449489867
414229079
410657694
586947228
