25156721
405615530
560534577
421975708
441867303
273800097
582888299
602211667
29059043
432027866
494307230
25405208
291028082
21037711
477867577
591080611
395132831
460676379
585215649
552764837
506260400
313589399
587642980
28589204
591080611
470326865
428922768
266725873
21574756
314754694
273800097
460676379
399087773
466839329
266725873
583498441
588867315
26105195
344855212
430034611
552764837
355829869
40553504
552764837
355628920
455015619
538213941
266725873
521923064
363574071
375977528
313589399
463307719
26704532
476040229
460676379
29059043
39172510
444509346
421792752
47638581
552764837
313589399
52471730
412271127
433311114
475695393
313589399
484882259
412271127
399087773
301669241
584768206
314289703
313239501
68485147
310659201
412271127
430933831
405354453
547851517
430933831
292390193
355628920
588867315
417758380
314754694
490337738
344855212
587642980
314289703
430933831
591080611
373310148
549598640
553141366
552764837
538213941
376775063
568769078
326701924
552764837
547851517
24550809
52471730
350804698
47638581
455015619
466839329
591223935
523492715
591080611
49129069
312653639
459570480
26105195
333833021
277906092
288931094
568400325
37285545
419458908
455015619
333833021
559285560
434268114
273800097
444661982
66364901
524680090
350804698
47638581
31638871
306915527
610957799
406244283
552764837
460676379
461296887
455015619
460676379
47638581
471828261
490367543
459262013
47638581
585215649
548309857
350804698
430933831
584768206
433311114
552764837
438905694
52471730
314289703
350804698
24128777
452066798
471828261
274626857
399087773
29607539
26105195
587642980
504371119
591080611
438905694
460339045
324436819
384022468
526124888
40335735
324436819
47638581
408905035
523492715
467967273
430933831
465621942
503278678
460676379
47638581
549116760
332254324
503278678
580645141
534638026
518637283
344855212
503278678
273800097
374072319
550568302
538213941
585215649
266737497
503278678
280208013
47638581
545617108
26444779
266725873
438905694
528563685
586829179
444509346
320441743
312653639
550568302
547851517
578340311
568769078
441867303
355725856
314289703
405290819
528563685
25156721
22990727
423713310
523623590
425770512
399087773
291028082
317481562
337850902
25405208
468285218
355628920
373879017
567224594
587642980
47638581
426242809
412008635
584984960
579460371
25156721
437411846
513601829
552764837
355734640
575252510
334482903
25156721
269884674
568769078
329655979
552764837
26444779
263709078
317481562
312653639
438905694
400885069
567224594
370469208
320441743
63150076
585215649
460336313
370469208
586829179
27208615
484882259
433311114
288931094
47638581
513601829
400715665
510499800
266725873
490367543
430933831
334349873
26105195
433926326
334020961
422056703
55988657
31089526
552764837
291527457
567669378
40789888
350804698
363574071
566000547
314289703
297737694
326701924
480797880
22575355
374446551
24301013
31638871
40335735
333833021
455015619
326452173
434268114
471828261
326452173
567224594
511259194
314289703
47414631
390850062
459570480
326786602
306915527
461296887
497462104
550568302
66364901
47638581
422056703
523492715
471828261
505056589
24128777
47638581
297737694
24550809
422056703
52471730
494986345
345925808
449006052
429520118
402972326
319668489
350804698
515586039
461296887
365061597
551925405
47638581
515586039
428395767
425821278
552764837
460676379
324436819
273800097
52471730
428395767
526124888
579460861
46587669
552875967
428994168
266957627
36960451
290870821
438905694
276873439
269884674
307671282
328856989
474050569
552764837
560534577
411710439
20749574
443195868
342817628
468285218
459570480
289937504
266725873
521923064
438905694
26444779
329178133
585215649
427282366
498399632
498805303
273800097
585215649
329178133
289170827
326452173
585215649
524984251
548309857
273800097
492513994
466839329
322514940
290870821
385859349
438905694
24128777
589054558
266725873
264726443
333833021
505180258
68485147
470326865
459570480
30757833
452768909
504495562
484029532
578340311
376775063
342823621
433311114
330132088
339722092
460676379
353747662
22799123
355628920
47638581
494986345
52220930
435794473
337850902
524680090
473695029
552887417
424684318
430034611
530246318
270056290
280208013
460339045
344855212
314289703
457242105
63834528
355734640
433311114
523492715
400715665
585215649
395262616
350804698
460676379
286941121
523492715
266725873
550568302
433311114
585215649
541397148
291028082
461296887
300059176
503233659
430034611
460676379
29607539
47638581
521212847
24315597
578048069
466839329
60442170
430933831
489344365
534638026
459570480
350804698
528563685
344855212
20405122
312653639
528563685
350804698
438905694
349708029
66364901
303619407
471828261
61133504
355725856
515586039
545147459
400715665
510499800
438905694
24128777
280208013
47638581
40335735
438905694
412271127
47638581
319668489
580842342
414201673
47638581
527990538
505074105
434268114
314754694
408905035
550562313
289170827
422973448
36757205
369702016
388606366
534825502
317754183
330333967
433926326
41904662
461296887
324436819
461296887
445432129
452066798
559512199
550562313
26105195
515586039
326786602
330000438
405615530
534638026
280024146
317754183
55063548
441867303
305729656
26105195
479333156
29607539
22530411
26105195
34434108
480715846
468285218
273800097
391087956
479040507
266725873
39432001
22575355
515586039
525067446
270056290
377960972
329826830
492513994
460676379
20206472
373879017
479333156
506260400
505797199
497217545
273800097
29146434
47638581
520813211
21036359
419472153
363493062
314754694
344855212
525067446
578048069
441667444
552764837
479919003
550562313
516543379
381791249
518411012
518637283
563414703
337850902
322514940
23692224
462891421
439342150
314754694
412271127
421792752
480797880
273800097
31638871
339722092
455015619
47638581
22638480
349776362
505056589
587986053
438905694
68485147
446125824
430933831
531453953
460734219
45251915
430933831
478398486
291527457
324436819
523731129
490367543
274626857
531453953
541839375
31058386
47638581
552764837
58074860
458439440
52471730
373879017
416948494
580645141
528563685
47638581
273800097
375977528
277238808
47638581
290450161
273800097
550562313
350804698
434268114
476365994
438905694
552764837
387533770
444661982
524680090
297737694
468045217
54990208
550568302
433311114
339672139
334349873
397162586
273800097
21036359
34101794
270056290
26704532
47638581
404466451
547851517
428922768
47638581
350804698
547851517
515586039
476040229
440725739
550568302
328776930
333833021
449074471
352377844
350804698
446125824
352560493
350804698
34580242
427282366
497323095
474818589
324436819
24128777
264261843
324436819
473769107
549598640
345925808
395132831
591852377
443195868
66364901
52471730
552764837
563749854
355829869
463307719
52471730
455236071
444661982
47638581
547823697
274626857
337850902
548708159
32055345
506260400
290870821
322661887
314754694
566000547
534638026
309697596
412271127
30639974
438905694
21831091
491381582
535742738
505074105
376211550
28115692
566143101
410497559
435794473
498805303
326452173
317481562
291527457
57151718
310659201
538213941
498277869
386185725
397162586
507817887
538613538
569400170
570973476
290870821
67456043
37906501
276873439
438905694
265130743
47638581
347923576
335368023
534638026
324436819
384627828
47638581
31686629
416948494
549485784
338712092
344855212
317481562
433926326
585215649
491941332
47638581
291028082
571250700
512036337
476040229
47638581
524680090
405615530
47638581
550568302
