495917415
439040126
587146303
36778187
39246535
453388036
495917415
440569703
452183876
453388036
588863606
455473333
319174675
296161292
39246535
429949707
576335319
585857175
489561412
435254411
429949707
420731220
489561412
435254411
420731220
450272977
541843066
485039046
319174675
526762703
527462639
296161292
36635142
452772503
453388036
288974054
489561412
469651949
420731220
291529534
489561412
539591253
440628918
587146303
435254411
439040126
319174675
532021977
484829066
429949707
576335319
436510492
563627767
587146303
443992994
439040126
436510492
489561412
420304252
532021977
464889320
443992994
440628918
420731220
489561412
469651949
356407440
291529534
489561412
420731220
588863606
464889320
489561412
444890341
489561412
579980655
560004216
440628918
478452945
489561412
521754456
580665644
265972488
489561412
452183876
520989978
489561412
440628918
583387756
453388036
489561412
452978146
420731220
587585341
478452945
366788259
438927337
440569703
343181099
439040126
440569703
561138615
549535753
440628918
436708194
445434309
495917415
489561412
526762703
563660016
452772503
588863606
478452945
483546313
366788259
588863606
485364075
521754456
439040126
444890341
478452945
587146303
454309134
576335319
413727074
562677540
561138787
439040126
563627767
356407440
443992994
356408771
563627767
489561412
420731220
563627767
561138615
587146303
495917415
563627767
452772503
478452945
443992994
452772503
587585341
560242406
297260324
452772503
563627767
265972488
563627767
265972488
440628918
489561412
562362955
453388036
520989978
452978146
574080733
439040126
450272977
548462915
464614295
436012086
39246535
302298635
440569703
587146303
485364075
39246535
436012086
570264191
495917415
39246535
356407440
532021977
391706300
39246535
296161292
64647715
450272977
439609706
429949707
558499766
319174675
296161292
364736439
587146303
390177504
478452945
297260324
418571887
440746417
39246535
391706300
554084358
443992994
495917415
539591253
390177504
485364075
563627767
364736439
303960595
39246535
438924894
366788259
452772503
579932608
350515677
443992994
440628918
291529534
435254411
440628918
579980655
458653606
560004216
286793084
430477576
538295771
478452945
438971070
495917415
513996389
450523100
420304252
302298635
583387756
357698004
432031906
478452945
587146303
454309134
450523100
438927337
453388036
343181099
478452945
454355719
438927337
561138615
302298635
350515677
452772503
587146303
478452945
438927337
366788259
539591253
563660016
452772503
439040126
469651949
478452945
439040126
450272977
444890341
439040126
450523100
478452945
433786714
392536076
401965910
452772503
562677540
295731765
561138787
563627767
435254411
443992994
563627767
459138713
464889320
478452945
576335319
563627767
561138615
563627767
440628918
441249737
429949707
560242406
588863606
563627767
478452945
350515677
371555509
563627767
417513080
265972488
562362955
478452945
438927337
265972488
485039046
591557594
438927337
478452945
436708194
478452945
438927337
450272977
39246535
419653134
484829066
302298635
356407576
420731220
440569703
288974054
36635142
523351649
512559979
366788259
319174675
478452945
39246535
436708194
478452945
64647715
440569703
327057524
538792224
478452945
319174675
376949412
478452945
288974054
50316782
495917415
478452945
418571887
453388036
485039046
268734309
439609706
297244981
439040126
478452945
436534557
563627767
301802192
477953948
565178309
356407440
489561412
438924894
366788259
440569703
482716641
297260324
484829066
485039046
366788259
423849586
482716641
429949707
440569703
579980655
560004216
440628918
451024886
339362018
482716641
339362018
489561412
527462639
583387756
451264364
489561412
478452945
438927337
407490035
64647715
440569703
439609706
445582118
440267046
343181099
478452945
450523100
297260324
561138615
440628918
576335319
438927337
366788259
563660016
489561412
539591253
478452945
512559979
452978146
484829066
562677540
538295771
561138787
465282841
563627767
438924894
563627767
527462639
364736439
563627767
561138615
418571887
539591253
563627767
482716641
452772503
291529534
478452945
560242406
451264364
457627560
563627767
478452945
438927337
563627767
554611893
478452945
417564616
420731220
