31164719
29878530
377951440
467764362
395727460
31991250
29725943
395727460
21424477
322031165
388088748
52006784
377951440
405321788
518265324
477053482
377951440
21424477
400261806
448392884
351747962
21424477
31164719
402407631
377951440
29878530
312540403
21424477
377951440
382863629
531774048
539551590
31991250
377951440
306926060
539006114
300298203
377951440
435525709
539551590
402407631
425577946
417962670
393856541
539551590
442920007
425577946
511412757
433984925
529652055
31164719
467764362
354373974
433984925
547484616
342993310
467764362
539551590
531774048
377951440
591343213
402407631
368470260
31164719
402407631
406314350
395727460
402407631
31991250
29129111
21424477
539551590
268091967
354884955
264643435
21424477
264643435
368470260
337376427
392752701
539551590
461767641
337376427
452886778
423883400
539551590
306926060
502287599
448392884
377951440
337376427
283408733
517537990
52550366
336157728
388088748
21424477
290668544
452886778
530519884
413028104
29878530
539551590
395727460
406227962
468900594
283408733
502287599
410731873
388088748
337159026
395727460
517537990
502287599
517537990
403297490
334254535
388088748
31164719
531774048
517537990
402407631
21424477
286257506
591763740
546057889
357822417
347408062
517537990
30215880
294710787
369446596
369446596
395727460
415098516
591343213
458111827
395727460
502287599
337376427
288977044
31991250
395727460
34442259
539551590
21424477
31991250
25904625
539551590
339032226
406925388
388088748
539551590
467764362
32107778
415346282
377951440
416855616
32107778
28323260
377951440
395727460
412743228
539551590
342450287
345736488
21424477
29878530
292675736
43530682
461927855
406925388
415615982
401323020
292675736
502287599
264643435
300213298
31164719
393856541
29129111
377951440
530519884
48420669
520946487
306926060
413028104
290652430
401323020
306926060
286257506
50695407
446278468
402407631
385416886
395727460
342244863
448392884
388088748
409926135
357822417
377039019
351012190
31164719
377951440
34442259
55680014
377951440
31164719
379347043
286165923
31991250
448392884
31164719
405757391
402407631
362549547
415812146
502287599
31164719
352238017
378919333
530519884
401323020
361869498
52263955
405135616
443519200
306926060
406636354
327147456
31164719
406636354
290619614
29725943
405757391
401323020
416217624
401323020
402407631
369446596
368470260
414741269
299318122
402397117
412901940
402112002
502287599
377039019
31164719
29878530
361679642
364615520
388088748
362549547
21424477
419113954
517537990
487449275
369446596
394895154
406227962
531774048
487449275
517537990
360049847
502287599
517537990
539551590
502287599
468634579
510300830
369446596
286257506
276900641
539551590
415812146
502287599
265137125
342450287
469012528
473100891
393856541
369446596
21424477
364615520
517537990
31164719
362549547
410301970
435525709
290094962
300213298
415812146
517537990
64068397
395727460
357822417
517537990
388088748
493958734
402112002
402407631
517537990
539551590
493958734
369446596
402407631
517537990
479284515
369446596
417962670
459391879
369446596
286610403
362549547
31164719
395727460
517537990
369446596
395727460
502287599
467764362
32107778
439279470
36438106
29725943
467764362
21424477
28323260
368470260
370244093
467764362
353766795
28323260
51986077
409881305
333909449
535776125
283408733
345736488
