308655256
438442316
453053606
308655256
50976210
449401277
469307081
449401277
308655256
365342468
395017017
47193266
453053606
308655256
321029976
22468181
469307081
308655256
321029976
469307081
308655256
321029976
469307081
469307081
50976210
321029976
395017017
448713427
438442316
465235330
390760023
449401277
449680061
308655256
19602912
362432989
308655256
50976210
390760023
401017165
390760023
469307081
28797786
451032620
449401277
449401277
274450742
20394116
308655256
390760023
321029976
406671692
465235330
358565785
308655256
449401277
448713427
338154611
449401277
24853191
50976210
390760023
406656336
451032141
390760023
24853191
390760023
20360591
438442316
308655256
429659798
449401277
390760023
395017017
308655256
390760023
308655256
469307081
308655256
395017017
449680061
308655256
20394116
308655256
438442316
308655256
390760023
22468181
308655256
321029976
390760023
465235330
449401277
21238692
