453005871
474308380
376357771
439689244
511928491
581944893
24778938
439181464
487670843
574097586
404339134
586881527
487670843
404339134
520430155
359971894
487670843
452052665
27988932
32132236
487670843
399671686
404339134
448716660
586881527
439689244
404339134
27988932
429142896
442864174
63230167
439729404
439689244
370608217
442864174
63230167
439689244
439181464
487192225
369677325
38595008
266766815
406417410
439181464
452046181
520428517
478515221
567770904
439181464
374918276
439689244
483851136
442864174
439181464
406417410
549627910
507235242
586881527
442864174
427630680
493158568
439689244
520429054
442864174
439181464
395237240
478515221
24853356
404339134
586881527
439181464
334002142
446508082
451985367
404339134
480120801
442864174
24778938
478515221
391707300
451985367
404339134
439181464
263534446
479456946
374909018
439181464
461311862
442864174
574097586
588564016
439181464
417644972
442864174
491081942
439181464
490369714
439181464
442864174
404339134
439181464
442864174
404339134
568411928
442864174
63230167
397043075
451985367
442864174
404339134
586881527
501510921
442864174
404339134
545524370
442864174
505129375
404339134
439181464
442864174
549627910
410563213
442864174
404339134
478515221
448716660
442864174
452046181
391713052
442864174
406417410
374918276
24853356
439181464
452046181
476339987
479456946
63230167
439181464
520429539
406417410
487670843
478515221
439766088
442864174
404339134
583149354
440263452
466310066
487670843
53375784
267151638
586881527
439689244
487670843
478515221
453005871
586881527
404339134
478515221
439689244
586881527
483919688
568411928
439689244
586881527
487670843
402857056
439729404
501510921
27988932
37034317
386280334
582646732
24778938
263534446
478515221
487670843
53375784
568411928
404339134
456542865
449426267
427630680
452046181
512171172
386280334
510597598
428410731
520429539
370608217
442864174
438122880
478515221
428410731
484712382
517965790
568411928
478515221
511508430
267151638
406417410
478515221
449621148
451985367
334002142
318312228
404593898
404339134
442864174
404339134
391713052
468381382
404339134
442864174
453005871
406417410
404339134
52539241
325588103
439766088
486492844
601047600
384186573
442864174
404339134
63230167
318312228
265064831
428053349
574097586
397043075
451985367
429054713
483851136
50455265
442864174
24778938
478515221
404339134
24778938
404339134
476339987
374918276
404339134
583149354
449426267
453005871
406417410
478515221
374918276
406417410
541077126
263861279
520429054
406417410
525923476
478515221
406417410
520430155
452547311
487670843
440263452
376236263
270658675
487670843
65594567
460248365
404339134
439689244
404339134
428266960
404339134
439689244
474308380
50455265
374077523
386280334
402857056
453005871
438275307
439729404
376357771
501510921
27988932
369391913
374918276
520429054
442864174
24778938
267151638
334002142
520429054
373598170
404339134
449047337
370608217
406417410
512171172
266766815
380534193
46532777
503816093
396678136
284084165
439689244
354369858
344873676
63230167
407358169
428053349
404339134
453005871
439181464
434663217
406417410
439181464
439766088
491883479
442864174
487670843
442864174
453005871
374909018
63230167
478515221
442864174
63230167
476339987
54571252
404339134
425563849
478515221
468381382
456175874
24853356
442864174
361981780
285898167
442864174
268103324
453005871
27988932
386280334
526304440
545524370
367243948
545524370
439689244
525923476
439689244
442864174
545524370
453005871
439181464
452547311
466310066
404593898
288195388
442864174
378299503
397043075
439181464
430816358
460248365
418811512
439689244
301171153
284084165
439689244
386280334
451985367
453005871
267151638
545524370
439766088
427630680
386280334
453005871
491883479
439766088
406417410
439729404
411769140
369391913
516003463
52539241
439729404
376357771
442435157
487670843
415883437
410563213
366424162
359971894
453005871
334002142
374918276
545524370
24778938
334002142
453005871
476339987
430816358
402857056
438122880
439181464
395237240
415883437
501510921
404593898
301171153
451985367
501510921
321959758
438122880
389223167
503816093
266766815
452052665
404593898
406417410
427630680
512171172
439625443
440263452
439689244
345228042
370608217
439689244
453005871
439990423
420167268
439181464
439985213
378299503
478515221
428053349
404339134
439181464
442435157
50455265
386280334
402857056
361981780
32132236
421940651
404339134
453005871
395135285
326334335
406417410
321959758
439990423
374918276
406417410
397043075
439181464
388072791
404339134
442864174
372035506
451985367
288195388
442864174
429054713
404339134
442435157
63230167
345493551
411476978
404339134
277104020
383972552
415883437
418811512
490655315
415277932
349951604
476339987
449426267
445666331
468381382
439124067
453005871
406417410
27988932
442864174
401415341
386280334
379900078
545524370
415883437
439689244
396824045
453005871
442864174
439766088
453005871
410563213
404339134
507235242
415883437
478515221
397043075
439766088
545524370
439689244
474279231
370608217
284084165
452046181
439689244
453005871
452785053
451985367
439689244
374918276
422653845
439689244
415277932
487670843
411769140
451985367
342329747
545524370
439766088
487670843
439766088
342535170
545524370
476339987
439689244
27988932
490369714
321959758
439766088
354369858
376357771
439729404
581144687
52539241
489955566
411966329
490369714
549627910
512171172
32132236
484017511
439729404
418811512
354369858
525923476
511508430
386280334
301171153
318508797
406417410
386280334
453005871
354369858
439689244
386280334
404339134
373598170
410563213
370608217
415884411
404593898
49277561
438122880
399671686
415884411
440263452
363557504
318312228
284084165
461311862
439729404
276235245
439181464
456175874
379674769
461311862
567770904
443754089
374918276
63230167
416878605
525923476
549627910
370608217
415277932
277104020
407358169
439990423
445727738
334002142
356505061
407358169
376357771
415277932
24778938
402857056
466486471
399671686
425151608
453005871
374909018
