355760849
524625315
63482139
50666914
583827800
276179716
271939934
524625315
54091307
524625315
64764473
383137600
586317163
301253397
524625315
50349381
524625315
376817427
64764473
438802616
524625315
588831700
524625315
304826338
588831700
53022579
524625315
62742223
524625315
588831700
511569807
59039141
524625315
533359036
368330227
524625315
427250584
355760849
588831700
301253397
524625315
368330227
401914770
383137600
38576309
308649648
63482139
588831700
301253397
66613901
524625315
62742223
524625315
267797409
524625315
59039141
304826338
588831700
524625315
314428335
590926592
274940977
34083190
63393541
355760849
584656141
524625315
63445634
38989845
401914770
511569807
588831700
473037500
536044696
383137600
53386694
63301747
588831700
292676692
68257128
588831700
401914770
62742223
588831700
63402685
63402685
449036802
383137600
362425143
430056728
363680052
376817427
278709760
305333173
38576309
62742223
290103721
586251478
42257415
355760849
438802616
454669855
64764473
290103721
383137600
34083190
456149654
37182024
393999069
383137600
351434550
362425143
34083190
383137600
50349381
65369583
271939934
383137600
398938159
454669855
367836025
336802797
401914770
368330227
429884114
319737190
427250584
317271206
356144763
430056728
383137600
438802616
355760849
276179716
383137600
455695756
355760849
351434550
57521818
359356096
274940977
266823404
524625315
588831700
355760849
383137600
430056728
349976617
266823404
362425143
355760849
383137600
276179716
401914770
40975678
427250584
588831700
383137600
357075586
290103721
430056728
362425143
427250584
317271206
63301747
34083190
416384991
357075586
319737190
383137600
438802616
427250584
584656141
456149654
383137600
314428335
355760849
276911508
290103721
363680052
355760849
430056728
358676984
362425143
34083190
319737190
427250584
357075586
68257128
427250584
430056728
583827800
63402685
429884114
427250584
266923267
357075586
314428335
383137600
356144763
430056728
349976617
356144763
438802616
357075586
393582454
38989845
588831700
355760849
438802616
427250584
382551612
355760849
263722132
266823404
368330227
45775008
355760849
63482139
368330227
53022579
274940977
59039141
317271206
290103721
438802616
319737190
274940977
383137600
430056728
368330227
589620834
50800464
274940977
280559927
317271206
401914770
66590456
63301747
383137600
333285875
355760849
362425143
292676692
271939934
64764473
63402685
53022579
64764473
63482139
63402685
430056728
267797409
341695750
430056728
319737190
445713517
63393541
367836025
266823404
383137600
50349381
268238761
276179716
51632268
438802616
445713517
304826338
586317163
583827800
66613901
588831700
473037500
588831700
342573125
368330227
38571416
427250584
50666914
