557506061
356455596
278578033
20107180
527232976
411195147
20107180
358858336
585253749
290754269
327669114
20107180
356455596
327669114
325123533
20107180
549978943
327669114
327669114
19963622
347832922
360947568
327669114
356455596
336896115
347832922
527232976
347832922
345883875
327669114
537665457
347832922
345883875
356455596
347832922
585253749
356455596
20107180
345883875
481009361
345883875
347832922
345883875
347832922
585253749
537665457
352356020
585253749
349870740
347832922
308968703
391052674
347832922
411199453
537665457
373482339
345883875
585253749
347832922
585253749
347832922
585253749
430799799
347832922
585253749
347832922
345883875
430799799
527232976
345883875
585253749
585253749
585253749
345883875
585253749
345883875
585253749
345883875
585253749
345883875
585253749
345883875
585253749
585253749
345883875
585253749
345883875
585253749
575597462
585253749
533387532
527232976
347832922
557506061
411177680
325123533
527232976
398899382
467022834
51437483
20107180
398899382
22027738
356455596
432517707
391817996
383836328
20107180
290754269
515210537
349870740
20107180
308968703
385265810
349870740
20107180
439405190
27817061
533913684
327669114
347832922
350006736
342747056
392642067
388799234
368849198
268591111
557506061
349870740
346551142
527232976
347832922
411199453
411177680
557506061
290754269
327669114
329078178
349661271
527232976
327669114
274440656
411199453
20107180
467924265
439405190
359267405
20107180
347832922
373482339
411199453
358858336
585253749
527232976
347832922
360947568
585253749
439405190
527232976
560479396
347832922
369695436
358508906
419465124
439405190
347832922
527232976
347832922
35428398
347832922
439405190
295145803
439405190
347832922
392882507
347832922
557506061
347832922
439405190
22027738
392882507
585253749
527232976
557506061
347938731
20107180
21880621
393722976
338369310
411177680
376733720
20107180
27817061
467022834
500219648
351593212
347938731
416545802
295145803
369251572
347832922
430799799
412668664
295145803
347832922
527232976
537665457
27817061
347832922
398899382
347832922
411199453
527232976
346551142
445792495
557506061
332843656
358508906
19760276
392642067
515210537
357643456
411199453
20107180
53249304
585253749
347832922
515210537
388799234
527232976
339962318
336896115
393523881
20107180
392310571
412946429
557506061
384927541
369338839
349870740
376733720
347832922
411199453
527232976
515210537
527232976
411195147
411199453
347832922
416546698
20107180
290754269
575597462
439405190
347832922
527232976
349661271
291807913
347832922
462124155
20107180
30077610
347832922
388799234
20107180
358508906
433600485
430799799
347832922
20107180
347832922
327669114
21880621
20107180
557506061
20107180
347832922
51437483
411177680
347832922
361753921
557506061
27817061
347832922
384831251
369338839
360947568
347832922
20107180
515210537
374307926
557506061
411177680
26100721
347832922
585253749
384098904
585253749
347832922
585253749
385265810
347832922
347832922
394996167
557506061
585253749
27817061
19760276
357643456
385265810
347832922
466257919
295145803
527232976
585253749
347832922
527232976
20107180
585253749
347254589
347832922
527232976
347832922
20107180
347832922
557506061
585253749
467022834
585253749
527232976
386061751
27817061
467022834
585253749
585253749
347832922
325123533
557506061
527232976
557506061
345883875
340569972
557506061
557506061
527232976
533387532
347832922
439405190
19760276
347832922
557506061
20107180
557506061
575597462
