267709963
586990619
23444667
403773802
425559780
38992346
264453497
291415399
20077768
558331372
42935340
26557910
23444667
22909963
558331372
20684860
265812623
320632981
51500425
21982068
267709963
586990619
436515806
38452736
385386067
43203803
265812623
51500425
21854971
345273041
577729993
54416634
385386067
30262662
21854971
274223889
267709963
26648938
265285452
63050426
51500425
320632981
481035222
267709963
63050426
577729993
23998356
586990619
51500425
265285452
385386067
63050426
577729993
443101525
463000810
379177491
23444667
19964415
403773802
47077793
385386067
51500425
320632981
264453497
322766304
332928943
264453497
274223889
586990619
267709963
291415399
265285452
586990619
349802775
20077768
354040984
30262662
40177201
425559780
292211350
51500425
320632981
313685084
54416634
20547111
65323149
54416634
39227959
51500425
22624407
456500528
39227959
267709963
586990619
468011589
281436528
269334871
385386067
586990619
269488069
267709963
269334871
321250432
569185646
278672192
396489303
558331372
65323149
277099372
381989387
267709963
586990619
30262662
385386067
414198209
586990619
385386067
267525946
20077768
322161148
320632981
267709963
586990619
51500425
602351932
443101525
586990619
381989387
64323144
577729993
40529812
586990619
267709963
53868740
64323144
586990619
610989636
348874961
376222681
577729993
307350716
64323144
559005537
20077636
586990619
30255353
30262662
267709963
468011589
49003284
20077768
64323144
586990619
307658329
322161148
292211350
320632981
436515806
49197572
586990619
424942378
30262662
385386067
586990619
28328784
30262662
53868740
586990619
30262662
269334871
586990619
351673708
586990619
586990619
269334871
30262662
265527406
586990619
322161148
27886308
352512635
553663113
379190148
310557400
531196225
265285452
403773802
310557400
48406132
307586368
529227003
269229610
52801419
385051054
25025874
23444667
20165464
51500425
46757464
354040984
39957226
352512635
43203803
19934373
20776234
322220195
354040984
22481678
452722096
21982068
30105323
310557400
390151390
497705035
30262662
265285452
558331372
532121347
300059211
21854971
22624407
38452736
20136033
264453497
277099372
321287844
38452736
40334231
267709963
31091524
291415399
63050426
54416634
267709963
385386067
354040984
39227959
23444667
313914377
265285452
66780142
51500425
376222681
313914377
425559780
277099372
21982068
407682402
26648938
47368985
43203803
267709963
20077768
322161148
558331372
265812623
381989387
578478453
267709963
575632104
586990619
30262662
20077768
320632981
300059211
37517899
569185646
588863762
39957226
379177491
320632981
284210847
65323149
385386067
403773802
586990619
292211350
51500425
312666201
24140670
345273041
269488069
47479576
54305267
548509662
269229610
65323149
39957226
23098370
590726167
30262662
267709963
385386067
40139139
424942378
586990619
322766304
47188566
577729993
399917464
26047247
576567312
460805518
27938892
271191473
30262662
267709963
566825430
577729993
64323144
24840605
385386067
269334871
267709963
577729993
307350716
583846011
573978590
376222681
372346679
60304149
29031844
376222681
537599530
269488069
267709963
29183677
269488069
20347582
51500425
40529812
19710114
368351417
40529812
267709963
65323149
384525921
19641048
20324851
53868740
269229610
577729993
376222681
20547111
65323149
30262662
269334871
340583117
322161148
586196300
269334871
21208918
29228564
281436528
502712315
460749328
267709963
365713581
47858786
501782162
340583117
31057667
511730948
407505271
50566867
39174990
51500425
25257049
66921747
274223889
22418406
267709963
291415399
269229610
23594079
19920951
25257049
575246348
462867815
47077793
357533368
20194765
264453497
30262662
352512635
566825430
264453497
414198209
586990619
21381823
513633361
532529416
493024507
22511412
403773802
313914377
321624721
399917464
291415399
313914377
24516974
322570818
385386067
264453497
414198209
307350716
348874961
19964415
320632981
20348140
41952034
379561248
30262662
51500425
300059211
531196225
586990619
353346503
281436528
575922314
64323144
66921747
19673926
54416634
459080842
277099372
63960008
336916219
265285452
23098370
36843934
267709963
40177201
20547111
566825430
267709963
51500425
586990619
570135044
438568496
577729993
461339033
267709963
577729993
30255353
51500425
339427698
385386067
64323144
300059211
468011589
269488069
569185646
54416634
376222681
20324851
65323149
269334871
25257049
268251160
350281715
267068718
27994155
30262662
430624830
39957226
403773802
20505304
41718666
20077636
323795797
47368985
267709963
64323144
64323144
269334871
384525921
22432687
22624407
385386067
491219246
23444667
25025874
291415399
351673708
488482681
281363642
461339033
21027405
267709963
586196300
23998356
30262662
352512635
436515806
466711335
323795797
531196225
265812623
51500425
30262662
284210847
23498414
47077793
351673708
23998356
265812623
20348140
323795797
403773802
575922314
23444667
20684860
340583117
307350716
342153821
428391589
27994789
292211350
41952034
468011589
51500425
52281947
307350716
323527774
19964415
327052762
342153821
40274142
38992346
577729993
426862750
313685084
267709963
323795797
392181899
329225543
68442596
318992186
20349752
43203803
51500425
278834414
38142126
368300676
396191048
35196604
403773802
385386067
267828233
443101525
20684860
324213733
51500425
54814344
322161148
586990619
370988466
404566453
331348578
324697236
65323149
38479566
267340632
19934373
38764083
40529812
47077793
64323144
379620022
407505271
39227959
30262662
42028923
458000324
30255353
276736484
368351417
339325785
368351417
51500425
64323144
374204172
532121347
40334231
65323149
68160429
20329020
338881652
491068880
355644566
30262662
591907988
385386067
30262662
31774594
63960008
405719518
577729993
269334871
56463497
20324851
40529812
51500425
414198209
555471373
21202719
25025874
461339033
38452736
576567312
22624407
47077793
51500425
265285452
49873735
22624407
63960008
20382874
30262662
66921747
21854971
307296811
265285452
468894948
43498509
539257319
30262662
352512635
68448289
264453497
424743678
267816961
41534773
26463784
401607700
358809709
267709963
415926431
38992302
43203803
471922275
318044167
22511412
385386067
348875141
21982068
23680875
20676879
31973754
281557913
21872841
35972112
275858393
466711335
24516974
65323149
312119813
41952034
22605312
385386067
468011589
264683945
51500425
471922275
313685084
385386067
384525921
351673708
