439987135
429098711
324637672
436963325
360631199
487636116
429098711
324637672
429098711
324637672
479404952
429098711
324637672
475901871
479404952
440925142
324637672
474054106
479404952
324637672
454802295
479404952
475901871
454802295
479404952
473509564
458781984
452040549
454802295
479404952
461376218
458970960
454802295
463638569
462201861
454802295
458781984
459352715
451086648
458229599
439987135
459352715
454802295
458229599
452522354
459352715
454802295
454774247
454802295
459664654
452040549
451526217
439987135
452040549
360631199
452040549
429098711
452040549
448998043
443269949
429098711
452040549
324637672
439987135
425805247
429098711
452040549
429576820
436960006
425916044
429098711
452040549
437896411
426266844
431545346
429098711
452040549
440925142
425805247
431545346
429098711
452040549
413663748
425805247
431545346
429098711
452040549
391417150
430200668
429098711
413663748
425916044
391417150
429098711
423801083
425778020
425805247
429098711
423451732
425916044
388607113
429098711
407490797
388607113
411858837
388607113
429098711
391417150
388607113
429098711
391417150
388607113
429098711
391417150
388607113
429098711
391417150
388730185
391417150
366227157
388607113
388129720
391417150
366227157
388607113
388129720
391417150
386974537
324637672
366227157
391417150
370499649
366227157
391417150
366227157
391417150
372194180
370499649
366227157
391417150
324637672
360631199
366166183
391417150
324637672
324637672
324637672
324637672
324637672
324637672
324637672
324637672
324637672
275062764
429098711
471379052
481387667
436963325
429098711
439987135
426107928
451729553
360631199
429098711
365259254
324637672
436963325
439987135
429098711
422489079
324637672
429098711
459352715
452040549
429098711
459352715
429098711
452040549
474054106
429098711
454802295
452040549
475901871
429098711
479404952
462645502
429098711
471791488
479404952
471340915
429098711
469976210
452040549
429098711
458970960
464071769
429098711
452040549
458781984
464591348
429098711
452907950
463638569
429098711
453115107
459352715
452040549
454802295
429098711
466033816
459352715
452040549
458970960
429098711
451086019
454802295
454774247
450315627
461394817
454774247
455976056
452040549
451084375
440925142
451018020
454774247
452040549
444567832
454802295
452040549
451526217
429098711
452040549
436960006
324637672
452040549
429098711
443269949
425916044
431545346
436960006
429098711
431545346
436960006
429098711
425916044
431545346
427134493
429098711
425916044
431625138
427715863
429098711
425805247
388607113
391417150
366227157
388607113
391417150
388383982
324637672
388129720
391417150
388184637
372194180
366227157
391417150
373794568
366227157
391417150
366227157
391417150
372194180
366227157
391417150
367657825
366227157
391417150
372194180
367657825
369050611
375627733
324637672
324637672
324637672
324637672
324637672
324637672
324637672
324637672
324637672
324637672
324637672
324637672
324637672
475901871
479404952
440925142
479404952
454802295
461376218
439987135
452040549
452040549
440925142
443269949
429098711
425805247
391417150
388730185
429098711
391417150
391417150
360631199
324637672
324637672
324637672
324637672
324637672
