530778510
46955742
41561772
274077597
46955742
530778510
274077597
576342474
46955742
274077597
576342474
46955742
558081813
576342474
46955742
576342474
46955742
459453682
576342474
530778510
46955742
576342474
590903108
46955742
576342474
591354338
576342474
591354338
576342474
46955742
576342474
576342474
46955742
576342474
488317818
530778510
576342474
46955742
576342474
576342474
46955742
46955742
46955742
46955742
576342474
576342474
46955742
576342474
46955742
411725417
41561772
576342474
46955742
519210506
576342474
530778510
576342474
411725417
576342474
46955742
576342474
576342474
548296138
576342474
468601142
46955742
530778510
46955742
41561772
274077597
530778510
46955742
41561772
24295881
576342474
274077597
46955742
530778510
459453682
274077597
46955742
519210506
530778510
274077597
576342474
530778510
46955742
530778510
46955742
41561772
24295881
530778510
46955742
363859464
530778510
530676734
46955742
530778510
576342474
530778510
275602653
382899035
468601142
530778510
530778510
576342474
46955742
530778510
46955742
530778510
576342474
519210506
530778510
530778510
589407169
576342474
46955742
24295881
62940497
530778510
274077597
530778510
576342474
530778510
24295881
576342474
530778510
46955742
46955742
382899035
530778510
46955742
587662257
530778510
576342474
530778510
382899035
530778510
46955742
576342474
530778510
576342474
530778510
46955742
570122962
530778510
46955742
530778510
586549915
46955742
530778510
576342474
530778510
576342474
551685460
558081813
46955742
46955742
530778510
46955742
530778510
485138742
46955742
274077597
528235374
485138742
589456559
484438971
46955742
46955742
411725417
530778510
46955742
411725417
459453682
530778510
530778510
46955742
530778510
46955742
468601142
576342474
576342474
488317818
576342474
530778510
576342474
24295881
530778510
576342474
530778510
46955742
411725417
530778510
558081813
530778510
576342474
530778510
274077597
530778510
411725417
