46737567
500775045
546711028
46737567
568566637
345645241
46737567
463799894
568099158
46737567
460655900
46737567
337580736
46737567
345645241
583897722
568781887
46737567
568566637
569159797
290530766
46737567
24476574
398827196
46737567
491329073
398827196
46737567
538704769
46737567
568556849
46737567
345645241
570257620
46737567
539273282
566632573
398827196
567836426
46737567
491329073
500775045
569159797
294694949
60689061
568566637
398827196
538704769
460655900
568566637
566054247
538704769
342535884
568360345
360366545
20614230
546711028
568009749
568566637
267808544
569778165
566632573
568987228
568009749
565774179
569778165
568009749
513456826
568566637
567628867
538704769
568009749
46737567
460655900
584564077
60689061
583897722
568556849
568987228
568566637
568009749
569159797
398827196
568009749
294694949
568556849
568566637
584764383
509509646
568556849
584764383
568556849
538704769
46737567
568781887
546711028
567771937
566054771
568009749
566632573
446990188
584764383
46737567
546711028
566632573
581830100
569050408
46737567
398827196
567628867
290530766
565774179
46737567
565774179
287274187
568009749
569778165
46737567
460655900
566054771
46737567
491499611
546711028
568987228
46737567
546711028
46737567
287274187
568629911
505208230
446990188
373334001
565774179
290530766
570257620
566054247
567628867
565774179
46737567
566054247
583897722
546711028
460655900
570257620
350123067
567628867
33731174
565631870
565774179
362184007
568870663
546711028
568566637
342535884
446990188
566632573
567628867
60689061
547093582
568009749
398827196
568781887
500608931
590034837
60689061
377568237
565774179
60689061
546711028
290534479
568566637
500608931
568009749
538704769
494462135
60689061
345427336
463799894
342535884
568566637
342535884
568566637
568987228
568566637
500608931
491499611
438642136
566632573
567628867
563653396
463799894
372326674
509509646
463799894
538704769
342535884
568566637
568987228
539273282
398827196
568009749
422047838
294694949
330063030
568556849
294694949
377571000
500608931
568566637
491329073
567591934
538704769
338920158
569778165
413573318
538704769
567831568
568556849
584564077
446990188
546711028
538704769
569778165
560125362
569778165
568556849
565774179
538704769
570257620
377568237
568556849
569778165
568987228
563653396
463799894
565774179
568556849
500608931
568987228
