38147585
432521800
68159993
272588476
335295765
41828883
38147585
27789451
27220066
38147585
63305111
38147585
37091939
38147585
267273339
424127758
38147585
63305111
404628872
50874803
432521800
420315207
38147585
441210645
273412624
432521800
53010629
63305111
38147585
68159993
20223887
38147585
550399558
591770336
38147585
63305111
21525978
38147585
20381008
50874803
38147585
267273339
68159993
432521800
288129188
53961509
38147585
338130669
582094870
404628872
478515431
38147585
461280233
38147585
27220066
319363269
328756571
591770336
321081300
432521800
445923608
420880457
306031170
448286445
60614742
488450060
53961509
376040564
38147585
319363269
333066770
337200719
24243173
40736122
412577355
336182869
306031170
581966216
38147585
455381346
20223887
37091939
68159993
455381346
38147585
578421140
38147585
338130669
60528565
338130669
38147585
53961509
264468260
581966216
68159993
53961509
432521800
420315207
27220066
50874803
432521800
319363269
27789451
404628872
50874803
27789451
21525978
53961509
432521800
68159993
328756571
321081300
445923608
38147585
488450060
27220066
20852860
20852860
459949705
56601035
37091939
54586874
