434445401
23148216
27408632
19912918
448080806
23148216
27408632
395745812
448080806
381988635
395745812
448080806
522548364
476496328
395745812
471658968
266444575
395745812
20026763
515008317
264260188
396298794
19912918
476496328
264260188
20026763
476496328
448080806
429742034
264260188
19912918
448080806
19912918
429742034
20026763
458206824
448080806
448080806
19912918
266444575
429742034
413118684
19912918
425202973
413118684
19912918
429742034
399463631
429742034
429742034
19912918
19736044
396298794
429742034
