20276179
26817206
20331240
404149119
20858224
20272750
589891404
25098427
50194246
358101069
25098427
26817206
277712940
397883075
447511051
50194246
23905549
24087302
21286343
50194246
447511051
21879132
50194246
21286343
397883075
23905549
20854159
26817206
23905549
33719953
21286343
20395153
447511051
20272750
447511051
432776282
277712940
447511051
20828897
21009993
21286343
23905549
33719953
33719953
26817206
25098427
37574355
21286343
25511741
397883075
21286343
21144473
447511051
397883075
397883075
20895608
21286343
20272750
447511051
21286343
447511051
21286343
21002256
447511051
