41427007
47945531
51160839
48048154
385202548
51160839
269041107
57496277
385202548
269041107
380871432
269041107
450410519
47945531
294984508
269041107
41427007
47945531
51160839
443950079
48048154
361153577
47945531
385202548
57496277
51160839
47945531
591818831
51160839
47945531
51271246
269041107
295509888
57496277
415915982
540527139
47137803
385202548
313670124
407848817
47137803
269041107
62967974
270100683
269041107
269093403
269122854
47945531
312172514
270100683
269041107
269185110
474224895
451858658
474224895
269041107
450883666
540527139
269041107
283591515
474224895
396779023
269041107
269185110
407848817
269041107
269041107
269041107
385202548
474224895
269041107
540527139
57496277
385202548
269041107
269041107
289775172
407848817
269041107
47137803
269041107
269041107
63252103
269041107
385202548
269041107
269041107
269622120
47945531
269041107
269041107
