285960676
285858115
285960676
285960676
291455222
285960676
285858115
285960676
285960676
285960676
285960676
286218279
286077888
285861786
285960676
285960676
285924068
285960676
286218279
285960676
285960676
285960676
285960676
285960676
285960676
285960676
285960676
285960676
285960676
285960676
285960676
285960676
285960676
285960676
285960676
285960676
285960676
285960676
285960676
285960676
285960676
285960676
285960676
285960676
285960676
285960676
285960676
285960676
285960676
285960676
285960676
285960676
285960676
285960676
285960676
285960676
285960676
285960676
285960676
285960676
285960676
285960676
285960676
285960676
285960676
285960676
285960676
285960676
285960676
285960676
285960676
285960676
285960676
285960676
285960676
