315266810
505757167
482557522
453034764
433390942
325947920
444477572
325977754
53428327
483897457
463856156
300063939
331752932
448949846
506884095
326030026
297769952
369184639
315266810
310049018
451730539
365817975
414528813
403836289
331752932
442069150
455162998
505757167
371320306
441242413
267598618
47539492
518690830
330180480
448949846
505757167
47539492
331752932
330180480
266352908
457323500
330180480
396450665
395920660
315266810
297769952
330180480
397439174
325947920
505516298
453034764
330180480
365524319
315266810
396450665
517353263
266352908
267598618
396450665
298296428
372853264
53613277
396450665
47539492
464905129
298296428
331752932
483503531
315266810
330008488
397766898
331752932
360265355
297769952
365524319
397766898
564455529
525260974
330180480
384143609
584103019
329729612
330180480
453034764
331752932
410046152
330180480
266352908
369184639
397439174
330180480
47539492
331752932
330180480
569736325
274746086
330180480
365524319
330180480
366205370
510517274
442069150
330180480
267598618
372853264
325947920
330180480
517353263
369184639
267598618
330008488
439117686
369184639
433188227
360265355
540251295
372853264
315266810
330180480
488443903
331752932
330180480
315266810
330180480
555680809
40765319
584103019
433188227
372853264
398677798
330180480
298296428
464905129
266352908
330180480
518690830
398591037
381013382
330180480
372853264
410402556
518690830
315266810
330180480
410402556
374789624
330180480
315266810
384143609
267598618
330180480
315266810
325947920
410402556
330180480
315266810
414048798
330180480
483503531
315266810
372853264
298296428
330180480
529874801
315266810
369184639
267598618
330180480
372853264
315266810
330180480
372853264
505757167
268564060
326030026
325488546
442138213
325947920
326030026
458151001
325947920
40765319
524546776
588247484
300063939
325488546
529874801
555680809
524546776
26393281
310049018
504299586
47539492
310049018
584103019
331752932
340676077
487619376
365510694
597986041
326030026
297769952
286213347
354103353
326030026
383773306
438747600
584103019
297769952
266352908
533859198
529874801
304596737
464905129
518690830
376930770
267598618
286213347
326030026
322438558
297350494
396450665
365510694
37986106
377252426
326030026
372853264
267598618
403836289
403535503
266352908
325488546
325977754
584103019
433188227
365524319
403535503
584103019
47245904
50094392
315266810
464905129
479293373
397439174
330180480
330180480
286500890
433188227
330180480
267598618
457416355
315266810
330180480
369184639
330180480
510724252
374789624
444500545
326030026
330180480
315266810
267598618
584103019
475044422
330180480
315266810
326165311
488443903
377985502
330180480
315266810
372853264
488443903
310049018
475044422
448240094
518690830
267598618
330180480
435424446
518690830
330180480
435424446
518690830
315266810
396450665
372853264
331752932
266352908
330180480
518690830
480845090
398591037
442069150
449277759
330008488
355032780
529874801
397281743
414048798
483503531
453034764
518690830
584103019
524445474
330180480
518690830
529874801
267598618
24538575
421692549
374789624
584103019
366941739
447957134
374789624
524546776
451730539
453034764
361551330
37986106
310049018
26393281
326634738
376930770
286213347
300063939
326634738
326634738
355817219
437102114
274746086
47539492
465253327
325947920
269322575
354103353
518690830
374789624
322438558
433390942
368053337
485099179
315266810
547716499
53613277
267598618
518690830
267598618
334009309
385479955
368053337
267598618
326030026
464437222
375788771
326030026
442155881
298296428
448949846
442155881
286213347
325488546
331752932
269322575
584103019
442155881
378189685
267598618
414048798
518690830
336052325
584103019
326030026
440673534
267598618
315266810
448949846
396450665
367194780
340676077
355817219
455739918
442069150
325819372
369184639
37986106
584103019
396450665
523954591
369184639
442069150
266352908
286500890
442954864
584103019
442155881
440673534
274746086
315266810
267598618
442069150
448240094
372853264
414261069
297769952
40765319
456801822
433188227
269322575
462522792
396450665
374789624
442155881
380867159
465012580
315511843
505516298
395920660
433188227
436563880
584103019
395920660
384039997
372853264
412460727
379783248
454361898
442069150
269322575
399640207
298296428
377252426
518690830
317354105
442069150
267598618
372853264
442069150
439117686
330180480
315266810
62411507
439117686
333274566
315266810
330180480
584103019
414048798
396450665
435424446
518690830
355032780
487619376
421020962
396450665
331752932
452554347
269322575
315266810
480819147
482557522
425956119
451730539
324980425
387419934
53428327
437102114
297350494
40765319
331752932
325947920
296422841
326634738
376536155
387897417
325819372
326634738
584103019
297769952
397439174
596268850
518690830
330180480
395920660
451730539
50094392
397439174
53428327
326634738
488443903
414048798
296422841
376536155
297350494
453034764
584103019
286213347
461765337
366205370
326030026
483503531
447957134
336052325
377985502
435424446
408304597
483503531
50094392
524546776
451690959
360265355
313679169
340905457
325819372
483503531
335295920
267598618
366087328
584103019
371394204
325947920
372853264
325947920
267598618
433188227
324980425
300063939
267598618
325488546
331752932
584103019
315266810
378189685
325947920
266352908
518690830
267598618
437583510
326634738
424781830
274746086
394912154
584103019
425956119
377252426
461765337
447957134
372853264
315266810
442069150
584103019
310049018
436563880
529874801
584103019
315266810
487619376
267598618
398591037
487619376
377252426
408304597
461765337
325947920
365524319
421692549
365817975
372853264
282303083
518690830
374789624
325819372
372853264
46836411
421692549
460675581
518690830
453034764
267598618
372853264
518690830
365510694
267598618
584103019
379720085
518690830
584103019
518690830
267598618
396450665
267598618
548267992
365510694
500806443
326030026
506240482
310049018
451730539
433390942
26393281
524445474
355032780
326634738
361551330
524445474
326634738
326030026
315266810
333296530
329729612
325947920
40765319
326030026
368053337
377252426
584103019
304596737
267598618
335295920
387897417
396450665
421692549
375788771
524546776
422906702
333274566
326634738
517353263
436563880
461765337
326030026
37986106
367130010
390460917
387419934
408304597
327341520
300063939
408304597
329729612
331752932
437102114
325819372
423701451
326030026
267598618
325947920
425956119
340676077
47539492
298296428
