20908598
20727176
21232157
19732722
20908598
20727176
494603777
20002925
20727176
583752037
21355733
20727176
583752037
20727176
21441026
20967448
370225342
583752037
20727176
358365165
20727176
20908598
21355733
19790619
20727176
338123418
20427147
33798411
358365165
583752037
27282489
21355733
591955910
365765980
509388566
20908598
358365165
358365165
20727176
33798411
379925572
20727176
19855687
583752037
20967448
580388112
20727176
583752037
33798411
585692832
391367296
509388566
20727176
584773715
578874228
20727176
580388112
583752037
20727176
24454490
358567273
20727176
338123418
583752037
20727176
57356314
585692832
20727176
382010198
20727176
20727176
583752037
20727176
580388112
583752037
20727176
583752037
20727176
20908598
358567273
514242043
20727176
20727176
583752037
20727176
20967448
20727176
20727176
19855687
382010198
20727176
355786887
20727176
20427147
583752037
349638097
20727176
591955910
20727176
20002925
364410357
20727176
585692832
20727176
365765980
583804838
20727176
20201482
583804838
19552345
20727176
35109311
19790619
20908598
20727176
19617163
23210020
20727176
21704951
20427147
65301218
19855687
20727176
20727176
20727176
20967448
20727176
20727176
21441026
20727176
20727176
20908598
20727176
24280581
23210020
