432674015
476426461
439080349
23063383
445646417
19550915
34549772
468159479
423901305
445117867
453250819
464967930
317909298
469496769
474670992
445492081
376507923
317909298
439366382
465924982
534087462
391704811
534087462
362211620
469496769
587410409
312139872
390397125
465924982
432674015
376507923
427880999
433216477
463840913
365820721
371382280
432674015
363777443
469496769
362211620
37914012
355608748
475858109
432674015
451696519
450958701
443862757
432674015
433342318
448550077
363361055
432674015
441122769
425822168
432674015
445117867
363777443
479770332
435003723
432674015
19550915
534087462
432674015
432674015
412430452
21404245
432674015
447827335
21170885
432674015
432674015
432674015
448550077
21170885
451696519
292314294
422619059
451696519
299460488
437934514
432674015
60565842
495704623
445117867
317909298
355608748
433481104
299460488
279566984
355608748
426696832
21170885
432674015
448550077
437934514
465101693
476426461
20002513
453250819
469496769
427880999
433216477
371382280
31193951
363777443
463840913
391704811
451696519
432674015
445117867
412430452
20002513
432674015
432674015
448550077
475858109
495704623
432674015
437934514
432674015
34549772
