555774028
307298908
576776123
555774028
355205543
283991634
307298908
279255032
579484471
377183661
50156415
360932296
307298908
360437733
576776123
50156415
536634226
430561816
355433789
374708583
537005068
374708583
319714436
267644807
526760978
360437733
291430063
526760978
529525374
537005068
319714436
513144101
307298908
307298908
537005068
374708583
360437733
285713728
283991634
374708583
307298908
355433789
537005068
526760978
307298908
516053212
20833518
279255032
307298908
537005068
530790028
516053212
360437733
576776123
307298908
374708583
536634226
307298908
68476569
587225311
315993401
518824676
344306970
334600378
503834596
516053212
537005068
537005068
305788563
536634226
44509306
25058236
355433789
377183661
380906571
307298908
555774028
50156415
377183661
355205543
355433789
377183661
322996238
50871820
305333173
503834596
490832336
30039970
430561816
283991634
279255032
30450130
360932296
289992028
332315521
376638852
360437733
360437733
283991634
526760978
307298908
429612754
378876386
307298908
289992028
307298908
283991634
351013308
50156415
360437733
307298908
544957463
285713728
429837540
283991634
50156415
392300973
377183661
374708583
50156415
307298908
374708583
445944258
283991634
307298908
516053212
374708583
50156415
526760978
319714436
359468918
283991634
307298908
374708583
283991634
268550965
319714436
536634226
359468918
524990762
360437733
430561816
307298908
323762059
374708583
374708583
430561816
319714436
359468918
503834596
355433789
49634892
589631061
377183661
305333173
537005068
25058236
555774028
576776123
283991634
322996238
289992028
283991634
430561816
526760978
283991634
307298908
319714436
307298908
377183661
355433789
589631061
20833518
593617119
516053212
332315521
50156415
344306970
374708583
430561816
445944258
429612754
283991634
516053212
445944258
44509306
283991634
20833518
283991634
518824676
537005068
586420661
359468918
374708583
279255032
30450130
20510987
374708583
525746894
529525374
377183661
374708583
589807163
268550965
315993401
579484471
315993401
591500791
555774028
