26656952
584771188
28346084
584771188
26653289
27249698
566258715
380567168
26653289
26665885
28346084
589712548
26665885
455232044
570282115
525676583
455232044
589712548
26665885
566258715
584771188
26653289
277798856
268724339
28346084
588782900
324732464
38216063
484325842
584771188
36588872
591965891
29138882
449901165
525676583
484325842
525676583
484325842
584771188
566258715
419564670
566258715
419564670
591965891
484325842
419564670
419564670
391928173
419564670
26665885
566258715
306967673
27249698
449901165
