30442991
550620523
30442991
550620523
401687902
552020098
550620523
407909531
553068204
277547032
467922643
411284343
550620523
401687902
552020098
550620523
374832625
550620523
550494409
550620523
389539450
550620523
562608702
599401808
571478883
554838855
387178791
571478883
554838855
599401808
550620523
583202488
400094664
599401808
550620523
439300604
550620523
599401808
550620523
550494409
550620523
608821188
550620523
550494409
554838855
407909531
439300604
550620523
599401808
603124891
599401808
599401808
599401808
550620523
591342949
550620523
277547032
550620523
553068204
550620523
547544618
571478883
