33881825
23844721
33881825
347101016
266217521
68408398
33881825
60040878
406400955
266217521
33881825
500700929
266217521
33881825
266217521
272392928
272392928
388193095
266768054
33881825
588605338
356530525
505334172
33881825
33881825
30260603
30260603
264923608
347101016
266217521
500700929
26696174
266217521
275400890
33881825
266217521
562198815
266217521
30260603
562198815
266217521
57738993
23844721
266217521
530522687
23844721
20700852
26970277
356530525
562198815
347101016
376626976
413589913
266217521
432677646
33881825
55042656
562198815
318154114
497915081
562198815
20146990
562198815
328762841
266217521
26696174
266217521
266217521
26784909
555238177
562198815
266217521
376626976
