24297668
286975622
58105065
28745867
24297668
521492986
24297668
380644415
521492986
42558000
24297668
45787875
587413117
53761176
590359420
381670043
31342459
36671568
24297668
591263877
24297668
591263877
302886270
57183561
24297668
381670043
380644415
24297668
316372792
590359420
24297668
348892527
57183561
45787875
448553792
591263877
446272904
24297668
45787875
42558000
326973738
590359420
45787875
524946152
522731865
327059629
590359420
286975622
53761176
517292483
589470865
24297668
31028976
590359420
286975622
37941174
45787875
345414123
45787875
357241129
590359420
380644415
31635147
327059629
384091623
590359420
30380881
300447942
53761176
591522405
300447942
286975622
22037242
45787875
304757682
45787875
63752248
45787875
437933304
45787875
589470865
286975622
45787875
595262754
45787875
45787875
45787875
45787875
588356670
45787875
522731865
45787875
45787875
595262754
55136878
45787875
45787875
24297668
22037242
42558000
24297668
449091553
521492986
24297668
27941352
345414123
380644415
36671568
24297668
521492986
48125501
24297668
443896426
380644415
42558000
36671568
24297668
31028976
346393034
367234919
48030554
326973738
348892527
357241129
348892527
24297668
22037242
286975622
376454937
595262754
48125501
327059629
63752248
300447942
312730443
521492986
22037242
442320827
45787875
326973738
286975622
521492986
37941174
345414123
374674150
521492986
324999342
521492986
327059629
48125501
45787875
391160032
358858199
327059629
443896426
521492986
588356670
24297668
591171212
286975622
309847925
24297668
412665565
521492986
286975622
45787875
514833600
521492986
24297668
45787875
45787875
286975622
327059629
45787875
453404218
521492986
45787875
45787875
521492986
589206741
45787875
45787875
31028976
53761176
45787875
56490585
589206741
45787875
327059629
24297668
45787875
590359420
24297668
591263877
45787875
374674150
588356670
45787875
327059629
269406303
327059629
42558000
45787875
590359420
45787875
588356670
24297668
28745867
345414123
24297668
521492986
36671568
440552431
24297668
24297668
327059629
24297668
286975622
521492986
24297668
286975622
37941174
24297668
300447942
24297668
286975622
53761176
286975622
286975622
45787875
45787875
45787875
45787875
53761176
595262754
53761176
