30620276
539160773
353983111
21578917
51235355
545344928
27207307
29460084
505131606
23640203
409789505
20542113
23559711
265818638
52937410
50469613
445291308
27207307
24337529
539160773
22622791
30620276
35394055
23559711
20542113
24337529
30620276
31581659
20542113
31581659
522305783
471658198
522305783
20558314
23522041
23042797
24337529
430248356
51235355
297283252
507947700
29460084
30620276
391379079
51235355
52068486
21088362
379651350
19553101
23522041
474891857
51235355
529583884
591096127
512142585
308466220
27207307
55040949
51235355
31581659
30620276
20558314
24794241
324071464
31850346
51719970
20399776
299385787
591577695
28389956
27483221
19553101
589142259
51235355
591577695
539160773
591096127
545344928
525859641
304891468
28389956
22104723
476919122
31581659
327339379
30620276
23522041
36888137
591950027
51235355
36757205
30620276
51235355
51235355
27079591
51235355
317238411
302810602
27213997
33193672
35394055
28645128
355300602
38868986
20542113
308466220
334441471
384122058
498381717
38868986
20542113
324567157
265818638
22740037
20542113
35545691
38292926
326223774
324567157
514125939
19553101
31850346
376527391
473872160
31850346
35545691
23559711
368718978
36690268
29460084
317663613
36327938
51235355
36757205
302868008
20488833
29460084
21071806
454023374
27207307
23559711
302868008
391379079
403172143
23559711
366240768
403402439
265818638
23522041
35545691
55040949
320970908
20558314
31126229
338158619
31581659
33888579
434202531
51235355
34301188
36757205
51235355
433789331
379416483
539160773
22987062
21705268
33193672
326223774
21088362
22004726
31581659
391379079
24337529
346120981
21091944
31126229
357665139
31581659
312252418
51235355
287318845
539160773
23640203
487253176
324205328
21705268
24209994
51235355
23042797
52068486
27207307
35394055
455368094
476919122
539160773
20542113
417292800
368718978
330354776
381470360
379651350
19741308
28389956
591313386
22237075
371030664
38292926
28389956
379416483
591909146
384122058
391379079
31850346
265818638
373332466
23522041
23522041
432483868
334328115
20558314
52406551
365604679
461958690
28389956
356943495
30620276
306090358
368718978
310609918
26901641
28389956
539160773
