19560601
295922004
41399553
267833146
295922004
583299982
577537826
295922004
287180756
514577113
295922004
295922004
345357089
295922004
391999917
37183554
295922004
342003917
61018423
295922004
587705983
284242659
267663362
295922004
267833146
295922004
267663362
19560601
284632034
375058864
295922004
267833146
450229994
355401242
375058864
295922004
35833922
354763883
36078169
489859236
295922004
372877025
283506816
295922004
358007033
51834877
295922004
65793252
279686319
26760400
413951274
416213707
30501242
591356059
267833146
391999917
295922004
267833146
295922004
483604284
310540751
367211946
295922004
403003302
295922004
61018423
580328156
23945309
295922004
65793252
30501242
349742495
295922004
51834877
267833146
430264669
295922004
313749625
372877025
284591290
295922004
301313142
295922004
295922004
429991991
65821686
392153024
295922004
460442973
304234379
583299982
295922004
295922004
26760400
267663362
302390407
295922004
277857280
295922004
392153024
267833146
295922004
529724633
295922004
295922004
65821686
295922004
295922004
357678327
26760400
295922004
295922004
301313142
295922004
301313142
26760400
295922004
301313142
295922004
279686319
300254779
295922004
36906361
295922004
23334613
295922004
295922004
41399553
354763883
61018423
20318037
287180756
61018423
356540367
21048795
278921913
290086964
284591290
415378679
369931286
588829188
19763116
337024345
29400750
433244476
405408021
406283136
489274790
297669113
435988487
65821686
36274559
297669113
57958508
403230342
65821686
267833146
583299982
266239064
375058864
277743671
295922004
51834877
411573982
435988487
267833146
324555762
342003917
267833146
584350479
354763883
295922004
61018423
441098326
288954428
356540367
583066370
292755869
313044501
295922004
356540367
267833146
51834877
455924117
289614099
30501242
301313142
263418454
267833146
308746603
480680252
295922004
31096275
267762768
301313142
592110297
421711258
584070311
359105407
356540367
295922004
429180522
291781228
51834877
65793252
291810561
295922004
21281156
300254779
20619253
36068672
291810561
502751507
592110297
302390407
301313142
572520460
