328065824
511950998
587839628
507199337
591394582
303734535
568159721
325685915
299368972
507199337
585554371
585546215
299368972
591394582
585554371
591394582
585554371
591394582
585554371
313691096
523192112
374228309
507199337
511950998
374228309
507199337
523192112
313691096
299368972
327446068
294394579
328065824
526504363
510683562
526627204
374228309
511950998
449589994
513772660
511950998
507199337
501386366
511950998
445549081
511950998
488013875
316130826
394953121
445549081
437189582
318438616
437189582
394953121
445490153
445549081
