47164891
589774474
577093822
289653488
20248959
407394962
577093822
367241342
358997448
390332273
577093822
47164891
58738961
460761567
394538309
577093822
278130285
577093822
439465158
532168048
311281473
38083279
577093822
439465158
545437752
62887843
577093822
439465158
25025196
36378816
27070392
295552985
439465158
303134158
20849889
571864284
28464515
420877454
289653488
577093822
25356549
461879844
36378816
578217172
444661338
366409887
38083279
424856613
434722574
447317335
42121858
311685008
46239500
423378534
58738961
394538309
305910365
20849889
373800851
303134158
537764280
267655335
577093822
291291676
267542320
439465158
38083279
61821499
572118333
492950275
289653488
27917629
394538309
323649593
316826632
531309390
439465158
22375770
38083279
301915749
394538309
530485170
514496797
38083279
591783719
316826632
581825807
38083279
36378816
537764280
396748875
323649593
468090582
267655335
475955291
373800851
38083279
308312843
267655335
491292669
267655335
537764280
47860142
317213049
394538309
27917629
289653488
537764280
394538309
586223811
275522681
537764280
394538309
22375770
513309345
394538309
62887843
537764280
289653488
394538309
303134158
394538309
267655335
47164891
537764280
394538309
439465158
38083279
537764280
394538309
450910486
576561767
36378816
394538309
537764280
267655335
22375770
537764280
303134158
439465158
394538309
537764280
394538309
267655335
590819863
394538309
394538309
394538309
394538309
394538309
439465158
47164891
36252177
24212892
42148608
38083279
54631080
529582590
27070392
266615768
359507825
552875614
557997359
542361760
63613504
303134158
363582318
302704828
63420686
38083279
39914356
38083279
58738961
27070392
537764280
42148608
21855058
373800851
36378816
303134158
23941225
439465158
356063599
302704828
439465158
323887140
38083279
302704828
439465158
66163770
38083279
24212892
64887637
38083279
36719078
25025196
267655335
324522163
359507825
394538309
337375078
24212892
54631080
42121858
36378816
313826040
537764280
394538309
311594496
439465158
537764280
310041550
439465158
25025196
303134158
439465158
47164891
439322848
537764280
51768319
303349412
542361760
373800851
36378816
305630996
439465158
266615768
371517584
331523578
394538309
351372599
27070392
22375770
289653488
537764280
439465158
394538309
394538309
542361760
423378534
582448597
289653488
542361760
394538309
316826632
447317335
22375770
36367637
571864284
42148608
323649593
23087890
289653488
415943154
25417167
271418932
439465158
289653488
20849889
402569209
303134158
439465158
27070392
460334973
542361760
58738961
21855058
20849889
46239500
346990766
27917629
354524626
35858132
492950275
267324920
46159255
316826632
373800851
27917629
267655335
439322848
424856613
36378816
475456785
313826040
439465158
22759222
310041550
289653488
358997448
313826040
275522681
316826632
38083279
313826040
46159255
21855058
439465158
23087890
289653488
537764280
275310842
360956489
434722574
439322848
23700447
346990766
302704828
303134158
420877454
310041550
363582318
364417382
424856613
447317335
378347892
22375770
289653488
310041550
51768319
289653488
319413285
537764280
394538309
316826632
394986024
291291676
20849889
303134158
425043144
275522681
289653488
394538309
318072148
266680054
310041550
38083279
386531609
589768543
372889871
478859221
439322848
39914356
310041550
38083279
64009196
537764280
286667393
63598892
323887140
394538309
468090582
316826632
403700343
36378816
514465095
267655335
280612412
27917629
439465158
378536656
24212892
296926453
420877454
537764280
323887140
439465158
61821499
266615768
25025196
68255341
332784183
267655335
422260311
394538309
542361760
25025196
387510836
366393870
386280219
394538309
369105317
439465158
267655335
439322848
289653488
394538309
289653488
394538309
439465158
265407712
439465158
439465158
542361760
36378816
25025196
36378816
20849889
378536656
316727582
51768319
46159255
439465158
396062995
39232614
303134158
478513307
439465158
36252177
309460711
439465158
268592942
22375770
283936291
324457560
311221580
39232614
31140276
267542320
27917629
421480297
373800851
278165468
316826632
320751109
319570499
20849889
394368497
24212892
439465158
264235730
369105317
492950275
31163526
361081720
513309345
42148608
490314972
310041550
536626014
374035136
20849889
363582318
378391053
23700447
355801957
303134158
48169847
49549164
45408250
395465353
358049461
316826632
310041550
281628745
289653488
363582318
303134158
36378816
439465158
439322848
38083279
27917629
557997359
292163626
289653488
38083279
20849889
314892141
468090582
363582318
275522681
302704828
410152193
28464515
363582318
27917629
310041550
514465095
468090582
485372024
439465158
424856613
323649593
36378816
408911544
378536656
363582318
38083279
358997448
307697421
267655335
537764280
302704828
500767389
460761567
289653488
266615768
325225813
289653488
24212892
266615768
307717670
394538309
402139893
310041550
367241342
363582318
264266171
352553353
20849889
27917629
266615768
434722574
280612412
61932699
323887140
310041550
321623479
292163626
374035136
424856613
437996830
439465158
24212892
316826632
519791027
372077793
346990766
356063599
351372599
289653488
394538309
267655335
20849889
439465158
68255341
267655335
358049461
289653488
368500836
439465158
350034797
64416088
289653488
27070392
38083279
38083279
421715213
289653488
316826632
324256037
289653488
394538309
424856613
22375770
289653488
394538309
542361760
371482319
383523113
492662228
394538309
439465158
267655335
289653488
492950275
316826632
267655335
295552985
439465158
342777880
267655335
22633218
46159255
319413285
42148608
47164891
268592942
571864284
42148608
400871381
385153813
275522681
478513307
23700447
423378534
22375770
492950275
53167892
27083514
380587024
266615768
20849889
346990766
320751109
460761567
319413285
531309390
36719078
275522681
24212892
532168048
28464515
265407712
564447028
362418149
27917629
283015692
346990766
303134158
55925823
363582318
63598892
56307653
369105317
267655335
363582318
303134158
310041550
20849889
50617935
269758082
315071814
46159255
355801957
557997359
302704828
532168048
417560758
460872790
492950275
324256037
424856613
316826632
377848488
492950275
313892186
319413285
310041550
323402788
302704828
46159255
27917629
310041550
352717072
302704828
369105317
334806079
323649593
302704828
319413285
51768319
364500550
