385371421
374369010
324123433
341522399
385371421
341522399
385371421
27316443
449652492
385371421
565592055
480051470
403782287
374369010
385371421
565592055
33486487
385371421
565592055
355104561
310503637
565592055
385371421
374369010
565592055
324123433
374369010
565592055
565592055
554975384
353013780
554975384
374369010
554975384
475168726
550654566
558301763
27316443
67158038
554975384
449652492
385371421
67158038
565592055
27316443
391692611
426463818
53825135
385371421
565592055
67158038
566882423
449652492
565592055
385371421
554975384
565592055
537927813
374369010
554975384
565592055
348541272
565592055
