360228179
435072919
360228179
526751486
435072919
360228179
435072919
360228179
434010218
435072919
360228179
435072919
361499846
360228179
575213072
435072919
360228179
435072919
360228179
435072919
360228179
360228179
435072919
360228179
435072919
360228179
360228179
360228179
435072919
360228179
360228179
360228179
360228179
360228179
360228179
360228179
435072919
360228179
360228179
435072919
360228179
360228179
360228179
435072919
360228179
360228179
360228179
435072919
360228179
435072919
