25061349
36151080
304239267
25061349
448440473
280990120
306196038
334228714
38010365
306541004
448440473
280990120
358125539
280990120
38813887
36151080
361432880
280990120
36151080
46659623
42909035
36151080
577363740
280990120
36151080
38180521
24431667
280990120
36151080
562310162
561462893
280990120
562587279
306196038
559733171
581681075
280990120
581680030
280990120
563022245
335211918
36151080
280990120
586907656
36151080
280990120
589651747
24662204
24431667
565267328
559733171
280990120
38813887
581680030
280990120
266365286
53547977
280990120
280990120
280990120
280990120
280990120
280990120
