598152498
368453871
574615047
524666235
565653466
556764141
574615047
565653466
546810706
565653466
530666973
492661231
393779990
565653466
381274985
565653466
511189998
368453871
512991496
502393293
368453871
489585881
493161720
482994718
491624274
368453871
491155043
493161720
458968335
368453871
381274985
430981085
434664822
368453871
431889465
381274985
425369618
368453871
431889465
327367074
368453871
367376702
368453871
327367074
368453871
368453871
368453871
368453871
368453871
368453871
