30719854
28318179
46744363
30719854
28318179
46759153
46744363
30719854
28318179
46759153
46744363
46739340
30719854
28318179
26896567
46744363
42329193
46739340
46759153
46744363
28318179
21040786
46744363
46739340
42329193
547917453
46744363
28318179
46759153
349919765
46744363
21040786
46744363
28318179
21040786
46759153
46744363
28318179
46759153
46744363
28318179
28318179
46759153
46744363
28318179
46759153
21040786
46744363
28318179
46759153
46744363
46744363
46744363
21040786
46744363
28318179
30719854
46759153
46744363
46759153
46744363
29294958
46759153
29294958
46759153
46744363
21040786
46759153
46744363
46744363
46744363
21040786
21040786
46744363
28318179
46744363
21040786
46759153
46744363
21040786
46744363
46744363
46744363
46759153
28318179
46744363
21040786
46744363
46744363
46744363
46744363
46744363
46744363
46744363
46744363
46744363
46744363
