20219617
-1
20061410
19565870
-1
21284360
20141336
21290967
21338866
20075581
20179102
20141159
20206523
20766608
20223856
-1
20207166
20849090
19930302
20007794
21684899
20219615
20219617
19878023
20059647
20008635
-1
19563805
19558435
-1
20141612
20143281
-1
19551914
19562940
19763520
-1
-1
-1
19550228
-1
20141758
20141801
-1
-1
-1
-1
19550434
-1
-1
19554116
-1
-1
19647245
20015467
-1
-1
-1
19659428
-1
20755630
20889810
20656917
20677941
21286962
-1
19584166
-1
20631460
20094043
20062296
19677629
19648990
-1
19583681
20056052
19844159
19552971
20175633
19793101
19584904
19730163
-1
19555490
-1
-1
20677906
19921436
19621249
21643819
19552948
19728383
20849513
19626662
-1
20052006
21344063
19556418
20183267
25360290
21297112
21292572
20849874
19814556
19577152
-1
-1
21348606
19560200
19574787
20026335
20055413
25309241
20017923
19595456
25791530
-1
-1
-1
19600771
19562101
19591016
19556423
20060367
20051286
19700384
20601648
19576347
19699639
-1
19695804
20138307
19967150
19553936
20081665
20142825
20142785
-1
20172123
-1
20121663
-1
19595569
19556412
19624098
19558289
19562347
19583179
19704128
19662929
19909646
-1
19551676
-1
19556388
19552175
-1
-1
-1
-1
20009436
19559029
19635183
20029090
19572693
19969261
20167544
20207591
19834162
-1
19600497
19563807
19556353
19905290
19916148
19616397
-1
21338969
21535352
19633431
-1
19553528
19633433
19842569
19566373
-1
21729892
20172706
21183348
21729906
19737002
-1
-1
19843490
21277536
21535116
19880555
19657076
19644515
19591206
21240841
-1
19615880
20049224
-1
20005900
20088745
20751407
20672674
20849346
-1
20022248
20021944
-1
20677717
20553664
-1
19563803
-1
19956082
20047081
19819693
20762740
20090851
20173140
20590247
21181781
19961978
20746814
-1
-1
19605364
20017045
20773110
21794585
21794592
20432602
21794599
21794601
19770861
21794610
-1
19573336
-1
-1
20006086
21217418
19877511
20017555
-1
20554827
-1
20363491
-1
19816981
20010843
19652523
19599517
19818743
20334013
19634875
20446657
20103339
-1
-1
20197925
-1
21787582
19662489
21505824
20001900
20173437
-1
20227546
19583517
-1
19904786
19591370
19786673
19600795
19645777
19663765
19556643
19671291
-1
19599922
20175551
20058120
19885645
-1
20180678
20049230
19731651
19670897
19622957
-1
20603855
21326703
-1
21306568
-1
20769182
20106982
-1
-1
-1
-1
-1
-1
19552104
-1
-1
-1
-1
19625180
19573005
19584515
19560364
19962846
-1
19555919
20775365
-1
19601527
20056560
21686078
-1
19584083
19562112
19562114
19619925
20683548
19879797
19950236
19727201
19756425
20140710
-1
19569288
20011483
19574750
19584786
-1
19558049
19581220
19593672
19615747
25383523
19590247
19893988
19840870
19886336
19611359
-1
20763495
-1
19691228
19823900
21078463
20132205
21579223
19643586
21078897
19572512
21095382
19964452
-1
19553684
19936388
19551036
19567152
19550867
21591159
19617354
19794048
19710098
19575654
-1
-1
19612312
19561180
19669521
20034760
19579338
19604520
19610906
19574754
-1
19557725
19567506
-1
19563519
19597812
-1
19875993
-1
-1
-1
19677194
20164055
-1
19816145
-1
20142781
19608940
-1
21483191
21199934
-1
-1
19571089
-1
-1
19568423
19561941
19552720
19659592
19565763
19684008
19558427
19712557
19565618
19558635
-1
-1
-1
19563964
19568411
-1
-1
-1
19552582
-1
20743587
21795296
23322548
19620642
21670032
19961845
21675086
21194691
19662913
-1
19859169
20756691
20204928
19660603
19924195
19556471
19718764
19924215
-1
19559420
20849434
20937944
19571363
19617323
19550292
20064186
20002405
-1
19684057
19561513
19587078
19556382
19736938
-1
19953487
19559083
19559062
-1
20019056
20754240
25302701
25024143
19650798
-1
19565686
19556231
19551625
-1
-1
-1
19608437
-1
-1
20006581
-1
21623457
-1
19878595
19564630
21536044
19618526
19667113
19592740
19556732
19579539
-1
-1
21277522
21306334
-1
19550588
-1
21604611
-1
19783871
21754100
21537516
21349162
21868663
19695588
20020080
-1
-1
-1
19843377
19630824
20048752
19839144
19657078
19639546
20014382
20043031
19679343
-1
19735320
-1
20021478
20017016
20022528
-1
19964196
-1
19825627
19632433
-1
19598109
-1
19552832
19554298
19593616
-1
19577825
-1
21251480
20741092
20164096
19962352
20169341
-1
19662340
-1
19558663
-1
19603818
-1
-1
-1
-1
21692224
-1
19569664
-1
20057057
20018719
20680865
19840653
-1
-1
-1
19916156
-1
-1
-1
-1
19656214
20016836
-1
20030618
19620883
21331205
19736961
20021947
-1
-1
-1
19606913
19550722
19587832
19647089
19600186
-1
-1
-1
20021516
-1
-1
19556327
-1
-1
-1
-1
-1
-1
20061088
20093176
-1
19564906
19551292
19608379
21795168
-1
20030918
-1
-1
-1
-1
-1
-1
20849035
19916010
20084212
21296388
21288167
19873587
20102352
20166342
19889364
-1
-1
20735921
20326059
20622210
19978536
20626071
20625713
20734869
20526392
19578795
-1
21535773
-1
21687415
21687419
25389777
21687846
-1
-1
20074356
-1
-1
-1
-1
20525156
-1
19978538
-1
20209453
20297757
20527095
21094667
20122312
21103762
20735967
21150567
20842538
21013926
-1
20207308
-1
20643459
-1
21114392
21060040
20734382
20974859
20473083
20124905
21078545
-1
20735654
20722939
20733657
21843868
20976540
-1
21053910
20739027
20739028
20739035
20738766
21177951
20976385
21072022
20726848
-1
-1
19743393
20173499
20173502
20243927
20170001
20169829
20283863
20039456
20178994
-1
20074775
20173497
20174857
20441454
-1
19695712
20056064
20018030
19620845
19740291
19771862
20075756
19555682
-1
20039455
21256879
-1
20058290
-1
21344042
-1
19719089
19960259
19868436
19845725
20005124
20027255
20065321
21278879
21200013
19674665
-1
-1
-1
19622396
-1
-1
19573406
-1
-1
19590622
20205977
-1
-1
20224101
19733313
21269349
21347130
20673065
20753754
20096053
-1
20143088
20921332
-1
20070763
20075503
20225049
21188272
20225056
19561950
20025599
20184452
-1
20176384
20802084
20059965
20177953
20773159
20076484
-1
-1
19697654
-1
20098118
25368457
19944960
20712748
19561561
19965215
21869761
23528881
21543680
19910009
-1
19670893
-1
25051225
-1
19941046
-1
-1
19858356
-1
-1
20105369
20751492
20115225
20100021
20176678
21325052
21605937
25799173
-1
19550235
21291081
19811760
19560646
21181808
19562578
20010984
-1
-1
-1
-1
-1
20028640
-1
19801232
20172922
19828414
19613067
19679740
20011687
19598969
19669088
19584912
-1
-1
19585709
-1
-1
19586244
19575786
21284176
21686074
-1
21267923
20231730
21685696
19903758
20105027
19635211
20761103
20137690
20203669
-1
-1
20679096
20070059
20684484
-1
-1
-1
-1
-1
20232893
19591304
-1
-1
20448343
20554402
20600932
20404522
20290097
20267981
21305978
-1
19569548
20100836
-1
19869133
-1
-1
-1
19608696
21036625
20012509
20974730
19746559
19665240
19642000
19966965
19604182
-1
19550446
-1
20012670
-1
-1
21070010
20723061
25127988
21729262
23795870
23795874
23795876
23795879
23795883
23795887
-1
19915029
19598926
20681836
19737148
20084221
20279611
19581467
20052279
21709774
20634876
-1
19628268
19606272
19801004
20035640
-1
20130800
20720157
20988739
-1
-1
19669259
20023847
19685739
19594518
-1
20599507
19647162
20770724
-1
19811142
19861198
-1
19806880
-1
-1
-1
-1
19598510
-1
-1
20582644
20047521
19725233
-1
-1
20369289
-1
19608213
19553688
19905559
19781049
19585402
20014772
19773080
19877415
20012927
-1
19575295
-1
19554641
19551960
19551964
19611440
19552934
19633864
19586674
19751941
-1
19600936
20167636
20669657
-1
19550869
19574852
19560686
19603480
19697549
19551326
19675986
19686500
19583751
20041599
-1
20028390
21300758
-1
19625931
-1
19591476
-1
19998594
-1
19669981
19680037
-1
-1
19572277
20832256
19886318
19607101
19748257
19732201
25729386
20178831
20521715
19561518
-1
20028608
-1
19552297
-1
-1
-1
-1
-1
24541690
19652192
19656679
19573660
20140703
20677958
19760653
-1
19554964
19569874
19587471
-1
19553580
19553479
-1
20142734
20142745
-1
19553933
19909861
-1
19822597
20085317
20049723
20049728
20142577
19712527
19636028
19772417
20140388
19620696
-1
-1
20097165
19586226
19656725
20003929
20670127
19657780
19562990
19550290
19583002
19550307
-1
-1
-1
-1
-1
-1
-1
19566899
19687118
20016576
19562974
19725384
19590558
19729813
19676288
19639269
-1
19832532
19884116
-1
-1
-1
-1
-1
-1
-1
-1
19554293
-1
-1
19573421
19665739
19557173
20020761
-1
19626175
-1
19550286
19559188
-1
19559604
-1
20775632
19694451
19632897
21867985
19833026
21535647
21535651
-1
19772139
19870208
-1
21726621
21726497
21726498
21555539
-1
19909512
-1
-1
-1
20230978
23792835
-1
-1
20773154
20747069
-1
19784950
20019611
19876625
20008460
19998263
-1
19962260
-1
19583426
-1
19965970
-1
20207418
20675700
20889784
21324860
21276803
21276807
20014402
20754322
20756292
20050080
-1
19874794
19957390
19553432
19808869
19621195
19564403
20041134
19809073
19940813
20001657
-1
19555508
20100366
-1
20206398
19770034
20168793
20022921
19837777
-1
20105270
19839441
19879831
-1
20230926
20230930
20085501
20681149
20681205
20681202
20826228
21255003
20230935
21278302
-1
20852465
19623738
20008789
19556527
19640725
20768166
20231920
19781755
20024641
19550317
-1
20207281
20230275
-1
-1
19574013
-1
20064222
20038270
21261102
19550573
19640544
19843052
-1
20167640
19924359
-1
20126323
19553718
20127128
20751185
19614246
-1
19566589
19566593
19608256
19611859
-1
-1
19654180
19624092
20939474
19619389
19579078
19618639
19748678
21327743
19590301
-1
19738284
19601585
-1
-1
-1
19559209
19551557
25340198
-1
19901395
19567280
-1
21503730
20020976
21334295
19920216
19656088
-1
19574213
20064632
19610966
19596390
20005024
19580991
19622771
-1
19646175
19799345
19693536
19572146
19887198
19645718
19684694
19550685
-1
20011176
20024008
19828998
19556953
19791517
19570044
19900144
19600665
19652760
-1
19552917
20011280
24526513
19551460
20139711
19776959
24498429
19962347
-1
-1
19600493
19567664
19629328
19566266
19673859
20681755
19563107
-1
-1
19935718
-1
20014038
-1
-1
-1
20012633
-1
20038397
21193856
-1
19584475
-1
19550719
19632340
-1
19627972
19651403
20401813
19936832
19602771
-1
20166328
20178699
19676628
25682494
19796253
19558673
19646850
19968712
19595646
19556480
-1
21604594
-1
21217878
20710232
-1
-1
20169265
19560146
19669075
-1
19558457
19821486
19554982
21277212
-1
19560326
19768920
-1
19556758
19558433
-1
19557811
-1
19579649
-1
20061187
20018474
19853449
19957163
19883522
20142176
-1
19610829
19663638
19663642
19871311
19842208
19656133
19671738
20169290
19706505
20105464
-1
21552713
20895832
-1
-1
19849932
20756761
19625702
19824666
19639321
-1
20046298
20939483
20346148
-1
21093882
20732075
-1
19675818
-1
-1
19586865
-1
19610849
-1
-1
19590726
-1
19636955
-1
20069669
-1
-1
19590215
20204885
19804387
21303905
19710925
19572108
19810964
21217304
19728349
19869988
-1
19551741
20666274
20765919
20052034
19966392
20052039
19925162
20088329
21334942
-1
19619463
19968214
19642932
19671632
19612231
19656830
20100180
21673747
-1
-1
-1
-1
21282480
20115070
-1
19823872
20168898
-1
21302329
-1
-1
-1
20172100
20821928
20167230
19974030
19737572
19552586
19627552
-1
21692225
21304038
-1
-1
19587027
-1
20046926
19611838
-1
20009185
-1
-1
-1
19664972
19759853
19699964
19672743
19572754
-1
20025339
20021647
-1
19598559
19553530
-1
-1
19640404
21296108
-1
-1
19550376
-1
-1
19551055
-1
19728218
-1
-1
-1
19846626
-1
19610323
19637910
19819870
19573277
19619207
21606722
20114528
19581455
20014428
-1
19556258
19553361
19946241
19583842
-1
19672960
19551296
-1
19922192
19784936
19835969
21234088
20017050
19958391
19958395
19562545
20022071
-1
20174531
19961119
19564140
20037946
20020203
19785574
20025361
-1
20197864
21690561
20073788
20182331
20174269
20012032
20708963
19591786
20174292
-1
21233150
-1
21764394
20066889
21668984
21338605
21774481
21780877
20822506
20141165
20141162
-1
20068114
20064528
24495637
21687173
21668103
20034745
25522010
20042116
21535054
21535055
-1
25317310
19770372
20022240
21287646
20020721
20072647
21874297
-1
19595537
-1
21608222
-1
19614798
-1
20761054
20165031
20103050
20778037
20776327
21263418
20768554
19555497
19555499
-1
20167980
19683885
19767613
20671684
20671689
19631519
20672525
20672526
20754508
20165408
-1
20165712
20420024
21235912
21187481
21255106
20745163
21779376
21727823
-1
20138190
20027510
20170844
20171120
20011267
25137899
21304233
23462362
20167945
-1
-1
20526126
19655090
-1
19677816
20166798
20139476
-1
19863035
20619940
20422562
19580238
19573300
19717639
20353021
-1
20486361
-1
-1
-1
20034871
20207354
-1
20415796
20452488
20733650
20269911
21765997
20449917
20300361
20471903
20300364
20300368
-1
19616295
19743109
-1
-1
21553666
-1
25164732
25411911
-1
-1
19556671
19561528
19636568
-1
21631302
20038888
19614052
20363223
-1
20527088
20346443
19572517
21767112
20076330
19600855
19712580
20620419
19855132
-1
-1
20297746
-1
20377329
-1
-1
20210063
-1
-1
-1
-1
-1
-1
19616297
-1
-1
-1
-1
-1
-1
-1
-1
-1
-1
-1
-1
-1
-1
-1
-1
19581979
-1
-1
-1
-1
-1
-1
-1
-1
-1
-1
-1
-1
-1
-1
-1
19744565
-1
20001907
-1
-1
-1
21695720
-1
19815754
19552150
-1
20047409
19831849
19660185
-1
19559066
19581361
-1
19677188
19641364
19564368
20756734
19558397
19564220
19551627
19675467
19554995
-1
19734482
19772834
-1
20744479
20042932
20744489
-1
20064550
-1
19719026
19895905
19947910
20713436
19894926
20314529
-1
-1
-1
-1
19567755
21344045
-1
19634877
-1
19960227
-1
-1
20075743
-1
-1
-1
-1
-1
19552330
19575317
-1
-1
-1
19637004
-1
19759815
19834822
19788008
19686658
19743924
19849313
19770243
-1
-1
-1
-1
21269344
-1
21348522
-1
19593700
19568266
-1
21754010
-1
-1
20223179
19691011
19616004
19794687
-1
20039299
21624531
19835123
20042278
20086179
21534406
-1
20223443
-1
20020798
20073639
-1
-1
19792728
20071240
-1
-1
19590826
-1
19580982
-1
19624211
19557685
-1
19571417
-1
19566527
19869747
-1
20059960
20059995
20059998
-1
19598130
19801769
-1
19644935
-1
-1
-1
19884014
20044230
20423773
19916575
-1
19557935
-1
20812707
25367924
20537168
25379663
19612957
25377696
-1
-1
21594534
19665961
21593103
20005091
19929579
21504224
21666308
19591098
-1
-1
19642290
19581103
-1
21695306
25925204
-1
21661658
21662933
21790107
21687849
-1
20062733
20081414
19588681
20030500
20004127
20064360
20042191
20034842
20003075
20013417
-1
-1
-1
-1
-1
-1
-1
25512545
25928112
-1
20045603
20210840
-1
20182078
20044468
19559348
19562645
-1
-1
19559450
20122906
19815465
19551275
-1
19676812
19564551
19968502
19960578
19960583
20688199
23715845
19601593
20049587
19576060
-1
19622435
-1
20712303
21180173
21241748
-1
19810208
19736683
19614231
-1
-1
-1
19550887
-1
-1
19572355
20028643
-1
-1
-1
-1
-1
-1
-1
-1
-1
19555354
-1
-1
21862542
20526140
19744008
19863682
20031782
20031784
-1
20341227
19830296
19710302
19914758
20423037
20474428
19726636
-1
20474284
-1
20526342
-1
25043431
23546953
20671022
-1
19816793
-1
25412613
-1
-1
20204076
20204070
-1
-1
-1
19870478
19618569
20171187
-1
-1
-1
-1
-1
19560296
-1
-1
-1
-1
-1
19838174
-1
-1
-1
-1
-1
-1
-1
-1
-1
-1
-1
19746557
-1
19634010
20041176
20086596
20068929
19754562
20458829
19806419
19614939
19650576
19662166
-1
20098216
19629467
20439629
-1
20019275
-1
19592407
20043508
19655409
19732899
21088553
-1
20114450
20715042
20061218
20122077
19814564
20852505
21303230
20090597
20069176
20023897
-1
19604988
20012367
20012656
-1
-1
-1
-1
-1
-1
19552214
-1
-1
-1
-1
-1
19628293
19654729
-1
19593052
20043931
19669496
19988819
19782150
19946931
19670793
19740834
20030946
19946767
-1
19670255
20123930
20123673
19687108
19687102
19634761
19670721
20130659
-1
20310160
21631388
21654514
21693114
-1
-1
20594608
20430546
20549100
21790138
-1
20018784
19775995
19656886
20550334
19928073
20733944
20535077
20454648
19860377
19573235
-1
-1
21709784
19572918
19918990
19593045
-1
-1
-1
20041114
-1
19693085
21221017
-1
19665455
-1
19612894
-1
-1
-1
23538456
19576436
-1
19593703
19731047
-1
19588844
19696119
19580210
19668350
19588482
19670287
19560900
19571844
19613298
-1
20889596
19941420
-1
20994797
21077254
25442075
20613905
20599511
20738256
-1
19766623
20251942
-1
-1
19579447
19551864
19552350
20081186
20740225
-1
19934934
-1
19570165
21538209
19661189
20327255
19661382
20020152
19614623
-1
19594863
-1
-1
-1
-1
-1
19568710
19585310
19586707
-1
-1
-1
-1
-1
20124722
19607097
21002254
-1
20713841
-1
-1
-1
19637066
19589593
19559678
-1
19550415
19553781
19556487
-1
19551034
-1
-1
19937563
20025674
19937558
-1
20073038
-1
19564173
-1
19937547
20004687
20006678
20006485
20181035
20006624
20072296
19675568
-1
-1
19550253
19672776
-1
19588432
-1
-1
-1
20009560
-1
19922813
-1
19551323
-1
19655552
19662223
19624014
-1
19562598
19620819
19605179
19665643
19639800
19553600
19606651
20061524
-1
19643257
-1
-1
19650429
-1
-1
19558163
20131233
-1
-1
19553032
19554496
-1
19571159
21241434
-1
19552414
-1
19615805
20081839
-1
19637115
-1
19803017
19736764
20036498
19602150
19581435
20138077
19637088
-1
19599384
19556347
19551032
19607117
19552290
-1
19733792
-1
19585977
19589890
19558976
19891136
-1
20182688
20166423
20204020
20041101
20078389
20012244
20017484
20008101
20229911
20105446
-1
20083061
20088277
20088282
20741316
19600056
20074805
20758636
20026636
20028222
20064227
-1
19581442
20759453
-1
20064825
19879924
20011403
-1
20592472
19559368
20094036
20596221
-1
19559123
19912043
20002063
20019499
-1
-1
-1
19550517
19550912
19561382
19552266
19555998
19567481
-1
20849160
-1
19956126
19722288
-1
19940736
20013454
19643486
20015882
-1
19946126
-1
21865648
-1
19623072
19678351
19551325
19561709
-1
19753725
19554975
19698154
19554966
19583265
19554979
19996734
20601658
-1
19621510
19893770
19606627
19675691
24541265
19969167
19575022
19600932
-1
20572238
20468773
20490986
20420797
20276200
-1
19626767
19841432
19739382
19587963
19646078
19606933
19862254
19657107
19586398
19607315
-1
19797079
19843965
19577650
20746823
-1
20143279
-1
-1
-1
19744478
19665417
19626931
19580877
19856942
20087500
19586725
-1
-1
19898216
-1
-1
-1
19621793
-1
19833796
20066230
19831511
-1
20006025
-1
19858239
-1
20018405
20105619
19648763
-1
19623899
-1
20051831
20204344
19550461
19707726
20097213
20205302
20758842
20758854
-1
19598387
-1
19866052
-1
20003938
-1
19551762
20018869
19550266
-1
19842046
-1
20758875
-1
19553224
20005858
20076670
20021361
20083941
19622726
20051782
-1
-1
19674173
20018873
19776577
19554485
20007689
19652732
19562690
19621396
19553463
-1
19624248
-1
-1
19569775
-1
19623261
19600047
19613248
19560061
-1
19658872
-1
19860817
-1
19568578
-1
19608373
19551917
-1
-1
-1
19554321
-1
19587523
19584380
20013704
19550759
19551428
19730111
19551426
19568698
19561498
19827690
-1
20001599
-1
19773721
-1
19550422
19551404
19579386
19558803
19767815
19813414
19564876
19572931
19550874
-1
-1
20079247
20089424
25787282
20203716
20747080
20064047
20064182
21334950
20061997
-1
20889652
21634798
20747327
20169955
19640699
20182348
19550261
19550264
19550270
-1
21281516
20765618
19774325
19922852
19550297
19646356
24278293
-1
19668223
20675984
19565568
21504586
19550262
19633678
19672132
-1
21199647
-1
19698687
20226497
-1
19861855
-1
21867982
19916375
-1
-1
20544635
20044092
-1
-1
20008524
21326693
20675251
20231475
20232257
20747064
25455995
20681065
20681070
21674467
-1
21296313
20101093
21278561
21296771
20012863
21337443
20756041
20074889
-1
19626182
-1
-1
-1
-1
19909498
21259566
20754235
21729136
19962164
-1
-1
19566440
-1
-1
-1
-1
-1
-1
-1
-1
-1
19683866
19609553
19597065
19624470
19648739
20018762
19623367
19554470
19626794
19574431
-1
-1
-1
20708673
-1
-1
-1
-1
-1
19688480
-1
19923384
-1
-1
-1
-1
-1
-1
-1
-1
19550755
-1
-1
-1
-1
19552686
19559869
-1
20462940
19596343
19898346
19637261
19563747
20070994
19949874
20024648
-1
20682370
21180226
-1
-1
20139488
20028365
20058623
20104438
19589171
20192337
19832909
20228830
-1
21767052
21714150
25899713
20889925
20048421
20088356
20097252
21190111
20092877
-1
20230918
20181718
20081356
-1
20003144
20035698
20063742
-1
-1
20031028
19966835
19893094
-1
-1
-1
-1
-1
-1
-1
-1
-1
-1
-1
-1
-1
-1
20747924
20138011
-1
-1
-1
-1
-1
-1
20015091
19622014
-1
-1
-1
19800707
-1
19592906
-1
19642122
19597570
19598784
19581695
19787186
19913964
-1
20138420
-1
20175981
19684315
19797462
19797139
20173270
19617190
-1
23723972
19889580
25363956
20017019
20056602
-1
-1
21730300
19578142
19761092
-1
-1
21666967
-1
-1
-1
-1
19645461
-1
19636526
-1
-1
-1
19552811
19567500
19562746
19599949
-1
-1
19742103
-1
-1
-1
-1
-1
-1
-1
21327798
22732249
20516161
19667500
21607803
19908600
21327812
21787067
21786342
20382186
-1
19857725
19718043
20923264
25175197
19745521
25175203
-1
19906999
19641820
-1
19803906
-1
19574024
19690235
19815216
19737364
20016708
20016711
19785817
-1
21670043
19713330
19588712
19556466
19680542
-1
-1
-1
-1
19554091
-1
19553849
-1
19550606
19598924
19560574
19555453
-1
19551712
-1
20022253
19558732
19634573
-1
19938107
-1
19839885
19550574
-1
-1
-1
19968801
-1
19824108
19602503
19639856
20060865
19898351
20030646
-1
-1
19551648
-1
20015172
-1
19762073
19555404
19603188
19590052
-1
19565079
19588692
-1
-1
-1
20023366
-1
19574608
19602206
19735988
19571625
19555729
19590633
19895571
19585144
19586290
-1
19629696
19629698
19969332
19653583
19820612
19884547
20002347
-1
-1
19615298
-1
19595518
-1
20005184
20081682
20005114
-1
-1
19922611
-1
-1
19683701
-1
19909405
21289858
21289863
21289868
21289883
20164800
20230910
20230913
-1
-1
19832066
19568098
19557963
19563040
19654921
19606204
-1
20084373
20082327
19606917
19607676
19759899
19557917
19679768
20004363
20168698
19564175
-1
-1
-1
19554266
-1
19726338
19832263
19563790
-1
19969765
-1
19596329
19791197
20204909
19858835
21323788
19620889
19597895
19660641
20206489
20142535
-1
19903729
20019420
19935409
20044901
19897117
20017117
21328893
-1
19673254
19822207
19582592
20171954
19780346
19945335
-1
-1
-1
19795451
20063072
19800088
19817170
19768572
19570186
21861009
20170187
19678955
-1
-1
-1
19554945
-1
-1
19591186
-1
-1
20062795
25060771
19627580
19701170
-1
19619080
19908317
19971465
19912523
19959559
19834357
-1
-1
21277901
19874021
-1
-1
-1
19642826
-1
19883668
20176415
20094419
20101998
20164762
20143490
20140551
20038430
20138274
-1
19850467
20062255
-1
19570545
19597928
19876620
20012903
19676376
19724275
19790060
19621096
19828104
-1
-1
-1
19563010
19561599
-1
19597056
19577556
20771157
19669138
19602443
-1
19605071
-1
19550232
19968318
19927208
20049363
19875730
20015221
19644194
19634746
19550340
-1
20065961
20016570
19556612
20755019
19590554
19683543
19556442
19577343
19968064
20182665
-1
-1
-1
-1
-1
20043743
-1
19564556
19673243
19690447
20036682
19814365
19669154
21729884
19665785
19967880
-1
20160719
25449286
21691687
19693136
19929360
25229868
20767752
19703613
19557299
-1
25749562
19557303
19913571
19647257
20754828
-1
19597341
19916288
21675167
19590861
19809245
21334312
-1
21297193
-1
19676961
19618081
-1
-1
21503283
21791813
20214919
-1
20046062
-1
19788870
19831071
-1
19594805
-1
20279643
20939377
21693724
-1
20018471
19938697
19577710
-1
19606751
19673852
-1
19574245
-1
-1
20680617
-1
20058782
20074564
19620640
-1
19799039
-1
19748793
-1
20214395
19581044
20170581
19628545
-1
21673293
20197488
-1
20023994
20678451
20197498
20045685
20101875
21181428
20100958
20100590
20105461
-1
19942309
19932587
20094623
20112769
20071806
20111915
-1
19615834
19566230
19557147
19864295
-1
-1
20094937
20068658
20057670
20105473
20068663
-1
-1
20219599
19575492
-1
-1
19789306
-1
19616396
20092614
-1
-1
19882815
-1
20031768
-1
19586726
19563973
19586248
19558356
-1
19569920
19846762
-1
-1
-1
19563616
-1
19581617
20010108
21603951
20106217
19855280
-1
-1
19732176
-1
19897752
-1
19568213
-1
20184249
20214296
-1
19574587
19562409
-1
-1
19582234
19660156
19560782
19737550
19570383
19598046
19600820
19621083
19553534
19563390
-1
21730694
-1
19850124
20125085
-1
19632255
-1
-1
19644560
19903558
-1
19551991
-1
-1
21303654
20757839
-1
-1
-1
19580349
19557495
-1
21573308
21290914
-1
19562728
19553510
19551119
19552079
19650802
19609766
19758328
-1
19611129
19938157
20002250
19577481
-1
19573256
-1
19721742
19855060
19645640
20029602
-1
-1
-1
-1
19698209
19646804
19661050
19955639
19955642
19646914
19682124
19645877
19661079
20015713
-1
-1
21303647
20673997
-1
-1
19667933
19607616
20005466
19863289
-1
-1
-1
19652311
19803441
19664528
-1
19553176
-1
20022557
-1
21200258
-1
-1
19579116
-1
21239487
-1
20171329
20041053
19961586
-1
-1
-1
-1
19654002
19637916
20009094
20747323
20166773
20166784
20166794
20019772
19913011
-1
19646411
21695721
20210115
20007385
-1
19865394
20013580
19660578
19620656
19594084
19679747
19664082
20210329
20018669
-1
20680855
20680857
20680860
20680861
20680868
20680872
20680880
-1
-1
19642960
-1
-1
20743831
-1
20010194
-1
19566661
-1
-1
20018466
20087309
20644773
19792781
21241813
20028468
21687860
20314554
-1
19833638
-1
20371419
25345233
25378513
19704182
19707058
19691857
20007985
21528618
19615046
-1
-1
19699731
20014372
19649447
20984911
-1
19578682
19838849
19724517
19676372
20075491
19717530
19900073
20090170
-1
19647995
-1
19566004
-1
19776153
19761193
25597160
-1
20637589
20341891
19603976
20254324
19942165
21689172
-1
21696196
19860581
-1
19607467
20064618
19659108
-1
19562171
19887526
19879071
-1
19570462
-1
19614457
19612033
19568381
-1
20538015
21752770
20630981
20754512
25789486
21728625
21301328
-1
-1
19566188
19618823
19625841
25984641
21623359
20002213
20009159
20007426
-1
20140316
19574057
19970966
19697299
20010887
19808264
19553377
-1
20008951
-1
23441690
21838717
20011270
21299024
20005087
20940282
20138181
24622415
-1
-1
20172903
20182507
21235639
19773528
20175608
20629465
20076640
20260338
20141841
-1
19552924
-1
19564991
-1
19735076
19834950
-1
19554968
20662075
-1
19723153
-1
19675060
-1
-1
-1
-1
19806013
20223000
-1
19671103
-1
19551288
-1
19766087
-1
-1
20229385
-1
-1
19647828
-1
-1
19552393
-1
20166570
20103911
-1
-1
19553732
19849504
-1
20063898
20004841
20014303
-1
20165023
20484062
20484069
20052622
20484094
20165017
-1
-1
-1
-1
19554170
20004246
-1
-1
-1
-1
-1
19669945
-1
-1
20672443
-1
20849175
21250789
-1
20628312
20170541
20170747
-1
-1
20848982
20041118
20758648
20848976
20848980
-1
19596094
19798288
21668104
19619618
-1
21292036
21593361
21598459
-1
19611372
19554781
-1
21252823
-1
-1
-1
-1
20140494
-1
19808791
20487720
20509940
19730041
20777456
20096726
21286519
-1
-1
-1
20170904
20168146
20174369
-1
21874299
21696551
19774012
-1
20073514
20050115
20140337
19559817
21447001
20759020
21594963
21288201
19948318
-1
21608223
-1
20060332
20078969
25710775
20747795
25168322
19967946
21229014
20614290
21241299
20748108
-1
-1
19636211
-1
20174409
20205883
20084117
20019277
19674331
-1
-1
-1
19665577
-1
-1
19660478
19637074
21242868
-1
20328713
20184815
20104221
20357312
20357315
20357318
20357322
19860371
19865045
21668583
-1
19575365
19624887
20713166
-1
-1
20006263
20658484
19869448
20938103
20041529
20007088
19642247
-1
-1
-1
20744752
21242778
19682465
20775461
19646523
20681415
19587999
20016834
-1
-1
-1
-1
-1
20169992
20166339
-1
-1
19556459
-1
21187482
-1
19773979
19594501
20014322
-1
19899516
-1
-1
19958750
-1
19550875
-1
19848945
-1
-1
-1
-1
20172968
-1
-1
-1
-1
20526588
20625455
19808030
-1
21040639
20015386
-1
20630238
20276110
20541429
20031776
20339568
20471445
20330326
20442300
-1
20575034
20264679
19878732
20031543
20578570
20578574
20305849
20089467
19585813
-1
20578563
20232025
20578577
20578578
20501172
20578588
20621698
-1
-1
19651368
20164211
-1
20719586
-1
19657184
20099477
-1
19567979
19577926
20535475
19586238
-1
20093651
-1
20479304
20452491
-1
-1
25317308
20025267
20449449
20326687
20390723
20204929
19700980
25234857
20347213
19692313
-1
21867760
20031711
20175917
20414989
20015349
20020629
20204850
20029955
-1
19835555
-1
21367313
20592851
-1
-1
20090878
20269913
-1
21097666
21012634
21629483
-1
-1
20300351
-1
-1
-1
-1
19711805
20078785
-1
19611223
-1
-1
-1
-1
20027757
19583717
21869032
20172962
19770116
19611185
20074057
19861116
-1
20090433
21184801
19586947
19554400
20529963
21696622
19818320
-1
-1
20209757
21631414
21707197
21707202
-1
21674144
19925843
20677746
20393146
20542946
20362896
20677721
21719127
19909255
-1
23105127
20269481
23221565
20033421
23223117
20471014
20284991
19660597
20414103
-1
22602262
20270740
20452472
22519154
20452535
-1
20535054
20169643
-1
19585657
-1
20480242
20414475
20414479
20414482
20414488
20615126
-1
20415240
-1
-1
19791538
19870323
20424334
-1
20282484
20044998
20535484
20625162
20625163
20086846
20026383
-1
-1
20207344
20209486
19686001
-1
20297750
20297753
20297755
20297762
20297764
-1
20441705
20638993
20493864
20415973
20422738
20382665
20639965
20401588
20765068
-1
-1
20583940
20540673
20682156
-1
21066071
20735931
20170172
21160487
20864371
20963648
20118081
20936939
20118089
-1
19744564
20179452
20029175
20084136
-1
-1
-1
19563305
20925031
19755694
20067699
19892781
20001686
20037652
21503354
20005508
-1
19967517
-1
21687810
19564751
19617665
21692640
-1
21179756
20052860
20181862
21665777
20030022
20103776
-1
-1
20040015
21505817
19694930
19748721
20005455
19873811
19878004
19772422
-1
19795710
20054904
19604314
20184412
-1
19796110
20067496
19634767
19758197
20005428
-1
20017803
19824941
21694727
19912607
19902615
19754860
19883519
-1
19735575
21594196
19915659
19912611
21294857
20152754
20224934
19698287
-1
20745196
21264235
-1
20137148
-1
19833329
20000101
-1
20062240
20775650
21264908
20051317
19662179
20434226
19561077
19662206
-1
-1
19631131
19824387
-1
22520963
20991689
20853693
24470260
21287755
21115565
24490779
23025460
-1
19611851
-1
19668741
19656422
-1
20014714
20025530
-1
-1
21661078
19558630
20183026
21249860
24018553
20753755
20032323
21193107
20776050
-1
20286650
20061093
-1
-1
-1
-1
20690393
19763105
20334110
-1
20074029
21855058
21738086
19559938
23638545
-1
-1
-1
19770067
21605631
19562944
19707035
19562950
20802008
-1
-1
19551536
-1
19557488
19680489
19809412
19808623
19623396
20064933
19579102
19558713
21213581
-1
20004507
20185853
21278644
21686028
21300928
19554407
21676260
-1
-1
-1
-1
-1
-1
-1
-1
-1
19681195
-1
20675139
-1
20228252
23488604
21864274
-1
21286260
19557774
19609920
19564750
19669374
25414680
25662601
19617079
21691553
-1
19550917
20751768
21754017
21754018
20171565
20090311
19622153
19660320
-1
19817515
-1
20106879
19568408
19616751
-1
21346808
20744995
20023902
20050795
25206477
21327629
20061143
-1
20043454
-1
20765878
20047252
20099979
-1
19550560
20043673
19648427
20035539
19569726
19871674
-1
20123260
20679017
20035914
19814249
20231342
-1
-1
19552024
-1
20774487
-1
20747209
-1
20093332
20093333
20173548
-1
21674680
20183945
-1
19674772
21329468
21188276
20622020
20023834
20023837
20037264
20120328
-1
20175427
20183986
21327487
-1
19886493
19835111
20023084
20002419
20029767
19998590
19560319
-1
-1
-1
20143139
20758770
20182733
21255879
25320903
21555485
21289041
-1
19917726
20672672
20214188
-1
21262766
20643954
21593399
20032321
20940413
21199704
25304625
-1
-1
19599283
19563859
19885256
-1
-1
-1
21296041
-1
-1
21793954
-1
19884017
20005592
20814834
-1
-1
-1
19555765
-1
19620468
19596055
19812005
20681518
25299014
21624397
-1
-1
-1
-1
19656023
20473852
-1
19814028
-1
-1
20676544
-1
19593904
-1
21695105
-1
-1
-1
19590434
19852161
-1
19943894
-1
19676483
21712982
21863477
-1
20030773
20061467
19942850
19644885
19588869
20302168
20098353
20740976
19928643
-1
19635352
19646713
19887191
20115384
20633509
20033948
21184358
-1
-1
-1
-1
-1
-1
-1
19677571
-1
19676838
-1
20032596
19588685
-1
-1
19562362
-1
19598553
19598612
-1
-1
19562370
-1
19672537
-1
20065424
20065442
19593229
-1
-1
-1
19607065
-1
20173753
-1
-1
20073222
20044454
21210844
20075590
20072593
19552888
-1
19594545
20519691
20038413
-1
19556212
19889738
20755956
19875254
21790105
19886709
19553633
20674723
-1
20852824
20058814
20173754
20056469
19839522
20688196
19632220
20101124
19819560
21326005
-1
21663414
-1
19557481
20034729
19620127
19604664
19763816
19631049
-1
19564812
21275132
19966010
20043014
19724543
19866187
-1
25587184
19683181
20049875
-1
19932877
-1
25798859
-1
-1
-1
-1
-1
19601599
-1
-1
21333974
-1
-1
-1
21213236
-1
19594703
19904757
19591691
19569870
-1
19552112
-1
-1
-1
19550512
19581853
19550624
19574327
-1
-1
19555388
-1
19580348
19605813
20775336
19619788
21239052
20023766
-1
-1
19603265
-1
-1
20139479
-1
21627358
21090382
-1
20431583
-1
20620113
-1
-1
-1
19825821
-1
20000909
-1
20512829
-1
19608651
-1
-1
-1
-1
-1
-1
19573080
19590945
19687507
19861495
19930349
-1
-1
-1
-1
20063811
20063146
20082423
20056832
20062913
20030191
20853168
20853171
20092799
-1
20204880
20082340
20088297
20225045
19567584
20757843
20672323
20174109
21240546
21240556
-1
20174800
20001967
20141051
20204516
20048376
20022427
20089103
20204583
20204592
-1
20029649
19556601
20090743
21241613
20033813
21873900
19845752
19661194
-1
20616672
21517339
-1
19597091
-1
20115796
25803525
-1
-1
20086600
20186850
23211807
-1
20578723
-1
-1
-1
-1
19725499
20068940
20068944
-1
20730952
-1
-1
-1
-1
-1
-1
19586063
19613300
-1
19592882
-1
-1
19617657
19664413
20035687
19678951
20129948
20028471
19941750
20122532
20691840
19679970
-1
-1
19559995
-1
20022278
-1
20053985
19563443
19686104
19600555
20055664
19560256
-1
19552213
-1
-1
-1
-1
19635637
19933406
-1
19836971
19551174
-1
-1
19723977
-1
19935931
20031796
-1
20096162
20040082
-1
19670938
19572090
20075156
20041190
20089829
25578760
20200669
19606367
19854665
20092118
-1
20005810
19848099
20694629
20007186
-1
20127653
20064115
19678478
19946959
20973166
-1
20560093
19557035
21520232
-1
19807238
19635363
19585198
19658062
19623377
19673270
19569621
19577749
19619204
-1
19563798
19625725
19576737
19613925
19605953
-1
19583486
-1
20081677
19573531
19711781
19572786
19943066
19562534
19666843
20014375
19614168
-1
19685939
20034167
19889591
19619553
20043386
20043388
19661374
19587204
-1
19649427
-1
-1
-1
19665183
19737564
19756798
19684680
19622844
19580294
19558366
19580345
19672620
19666459
-1
19651753
-1
-1
21326946
-1
20109624
-1
20112134
-1
19634762
20030093
19645320
-1
19607986
-1
19872506
-1
20423315
-1
20612143
21638392
21689701
20726601
21631384
-1
-1
22934268
22337403
-1
-1
-1
20537552
20020702
-1
20617704
-1
20396642
25547994
19578800
21114049
20034678
19798608
20083641
20090789
-1
19608789
20451273
20347119
-1
20481456
20414983
-1
19970282
-1
19877232
-1
19653812
20415323
19808026
-1
19567462
-1
19632568
-1
-1
19563361
19571921
20186358
19650059
19655776
19677079
20148657
21509138
20139249
-1
-1
19661372
19611382
25276380
20975220
19682101
20068797
19629995
21191060
19629260
-1
21418226
19837627
19639533
20700906
21090560
19581465
20867594
20012110
20030457
-1
19571562
20380357
20030729
21728577
19589437
-1
-1
-1
-1
19753010
20079704
-1
20121554
20119271
20065105
20129146
20129591
20133659
21081457
21011246
-1
19846067
21685056
-1
-1
19735217
21763672
20029269
19558699
19919548
-1
-1
19926167
19757062
19666663
20858803
-1
-1
19892707
-1
20030146
-1
20001882
19951072
-1
19622454
19802983
19562536
19628298
-1
19675704
19551899
-1
19587184
20010868
21089823
19571846
20165668
19809454
19606244
19666687
19753323
-1
20766395
-1
-1
19600626
20176256
20011539
-1
-1
-1
-1
19586525
20509526
20770809
20596826
20770658
-1
19767779
20708274
-1
-1
19555930
-1
22162129
20399738
-1
19625596
20029659
19673614
20923347
20434134
20019638
20100711
21521418
19629928
21521425
-1
19651704
19609606
19582071
19626442
19551056
19660240
19595274
19596432
19551867
-1
20059379
19625426
19761428
20417387
19551058
-1
19582064
19577060
19551873
-1
20045717
20095010
-1
21336271
19885651
20184510
-1
-1
-1
-1
20327258
20327263
19596460
19904566
20327241
20327247
20327249
-1
19675877
20008914
-1
19592054
-1
20661645
-1
20006993
20679059
19722265
20031933
19733364
19749561
19583771
20028597
-1
20849034
19844617
19795256
21278159
20097030
20769434
19844412
20048649
-1
19688788
-1
19658002
20010823
19592018
-1
-1
-1
-1
-1
-1
19835018
21707307
19681083
-1
19589834
19551379
19575721
19806040
19552212
19592921
-1
20007737
19552172
19634437
20288715
19662916
20028575
20043324
20000843
19624902
-1
19738478
20030551
19733270
-1
19889933
20106187
-1
19691317
19572288
19621252
20028903
19592926
20025889
20025890
19651983
19603753
-1
-1
-1
-1
19673512
19554148
-1
19880998
19598587
20166442
19637576
19677284
19638992
-1
-1
-1
20078607
20006383
20078441
-1
20006489
-1
-1
-1
20018866
-1
-1
19667921
20068270
-1
20057488
-1
19599789
19588313
19619806
-1
19835346
20003041
19565940
20668792
20182838
19623961
20164220
19578172
-1
-1
19593556
20089155
19648770
20000274
20030452
19557564
-1
-1
19831710
-1
-1
-1
-1
-1
-1
-1
20773371
19654116
-1
19550901
-1
-1
19624004
-1
20002700
-1
19550345
19632844
-1
-1
19574816
20059240
20848725
19563786
19579133
19572193
19578099
20068810
19821535
-1
19575879
20004671
-1
19960492
21249234
20137142
-1
-1
19822169
19662845
19640346
19615420
19609633
19579088
19937192
19826908
19591060
19683815
-1
-1
-1
19566954
-1
-1
20203446
20080785
19827569
-1
19859843
19725582
20102959
19793818
-1
19722648
20051747
21684851
20019515
-1
20165615
19822178
19578285
20017075
20769024
20770085
19639938
20921830
20006566
20085370
-1
21189562
-1
20753116
-1
20777622
20778031
19552544
20045300
20020895
19568709
19581109
20030514
20822325
-1
-1
19651225
20757613
-1
-1
21275655
20757806
20757595
20757604
20040220
21260711
21247492
21247495
20078889
-1
19583297
-1
20002352
19644036
19867518
20025284
21555533
-1
19589895
-1
19634571
19751626
-1
19599380
19553471
-1
-1
19865616
-1
19746301
19692781
-1
19903704
19562812
19597979
-1
-1
19816531
-1
19684455
19630539
21854401
20058560
-1
-1
20033397
20025034
-1
-1
19849288
-1
20089909
20088283
20088295
20088296
20089911
20088298
20091322
20088305
20088310
20091359
-1
20072756
20088315
-1
21339651
-1
20027096
20027090
20027092
-1
19874023
-1
19913341
-1
21213385
-1
20074410
20074413
20074414
20074417
20074422
20074402
-1
20068601
20422810
20753899
20470138
20529728
20037255
20468349
20282702
20896954
20707963
-1
20468116
20761471
20848496
20768924
20656706
20042497
20140190
21605046
-1
21195034
21710886
21766197
23257391
-1
20676174
20224126
20074796
20039703
20043597
20744023
-1
19918830
20167550
-1
20178829
20027132
20027134
20024878
-1
-1
22319365
20579524
20300998
20757835
23207927
20339583
22580294
22581816
20442628
-1
-1
-1
20167655
20167358
-1
19728240
20015749
-1
20016599
-1
19919199
20035951
20022540
20024247
20063859
20100389
-1
20921409
19551766
19554862
20017083
19551787
19607121
19591790
19554897
19912621
-1
19849027
19615863
19843403
21503861
19606850
19779972
-1
20005302
-1
19551749
19551754
19551759
19774695
19734847
19584123
19690479
19551052
19557845
-1
19570619
19667583
20003147
20015067
19556009
20019656
19557180
-1
19727170
19694535
19598606
19648784
19806914
20753773
-1
19908395
19943371
-1
19658266
-1
21593529
-1
19964145
19999115
-1
25355262
-1
19746150
-1
-1
-1
-1
19832786
-1
-1
19612469
19597240
19587921
19601944
19639181
21668562
19618472
19618476
-1
20079353
19874533
19603587
19594216
-1
-1
20010619
-1
19800270
-1
-1
-1
20018220
-1
20058366
-1
19704848
-1
-1
19773474
19945705
20695695
20023420
-1
19603350
-1
20822460
-1
19603293
19650286
-1
19551361
19569883
-1
19799377
19636246
19634542
-1
19897087
-1
-1
-1
-1
-1
-1
-1
-1
-1
19594769
-1
-1
-1
-1
-1
-1
20071953
19660893
19656011
20012316
19621163
19564600
19653380
-1
19554111
19797083
-1
-1
-1
-1
19577646
-1
-1
-1
19561983
19562726
-1
-1
-1
-1
19612050
-1
19557795
-1
19551374
19614834
19619415
19676184
19706672
-1
19704867
19857852
19922821
20009032
-1
-1
20013474
19873529
20008515
-1
-1
19847274
-1
20097136
20079517
19556077
19603145
-1
-1
19769861
19571078
19603838
-1
-1
19550437
-1
-1
19606892
21717578
19867241
19946319
20142572
19800856
19563933
19951826
-1
19550322
21342997
19870325
-1
19842042
-1
20008783
20777664
-1
19558016
-1
-1
19555649
-1
-1
19945509
19970022
-1
19652856
20747329
19550246
19606366
-1
20670132
20011158
20670122
20670124
-1
19872623
19550275
19550278
19550282
-1
19600777
19842053
19600758
19592279
-1
21263381
-1
20004533
-1
19551349
-1
19552572
-1
20016579
19852064
-1
20025564
19567701
20083623
-1
19631212
-1
-1
-1
19553698
19920145
-1
-1
19555322
19636746
20006440
20143499
19654785
-1
-1
-1
19943446
20055872
20060257
20041818
20006899
20006903
20074717
20009745
20009143
20753683
-1
-1
-1
19775448
20096099
19937736
19561552
19746659
19587569
19870505
20148959
-1
21198509
21573326
-1
-1
-1
-1
-1
19559832
-1
19732342
19804984
20072787
19713217
19804697
20005563
19553275
-1
-1
-1
20034289
20034298
19676286
-1
20048131
19595960
19598430
19775321
20048573
19829292
20115313
20008800
21689473
19837505
-1
20671574
20187521
20056261
19870876
20208543
20208733
20083104
20094792
20209138
-1
20013707
-1
19555334
-1
19550374
19550552
-1
19596058
20185068
-1
-1
-1
20003790
-1
19554554
19654763
19581151
19553134
19656611
19550771
20013741
19556662
-1
19859507
19550842
19970327
-1
19661820
-1
-1
20063623
20055869
21247496
19682712
19586987
21239484
20776229
-1
19669004
21692832
19961468
19841068
19559840
19848473
19733755
20089503
20089507
-1
-1
19665765
20023261
19910952
20002790
19876134
20012281
20042339
-1
20005961
19674713
-1
20040838
19563091
19595994
19819653
-1
19647957
19551743
19576933
20080213
19858838
19643792
19569266
19586434
-1
20057362
20065854
20016292
20043681
20010777
-1
19962612
20688917
20342658
19605396
20448713
20254142
19811764
19559469
19967961
-1
-1
-1
19796263
21711851
-1
20232656
-1
20740385
-1
-1
19552883
-1
-1
-1
20060245
19591871
-1
21248245
21606958
19647522
-1
19619643
19772481
19817977
20760723
20205408
19550505
-1
20910011
21248228
20897497
21250916
21219093
20231082
20231084
20231087
21534665
20889517
-1
19778246
19566280
19564728
19554347
19592995
-1
20231135
20231137
20677636
21676040
21241015
21249189
20041538
20182128
-1
20897502
20062412
19591970
20231075
19550510
20756817
-1
21322957
19560228
19851596
-1
20897505
20897515
19677984
-1
20299681
-1
-1
20897390
21505448
19777420
25125439
21875691
20089001
19814517
21697201
-1
20032200
20076643
20231169
20231174
-1
19816190
19624496
19588305
25431563
19869273
19866606
21342989
-1
19874187
-1
25963237
-1
21504359
20708019
19582404
-1
-1
20771182
21709276
25520256
21304109
19632234
25509728
19898175
20924584
19801799
20849605
-1
-1
21266376
19550501
-1
-1
-1
21199669
21199672
21199648
21199673
-1
-1
-1
-1
19803008
19820638
-1
-1
-1
19962171
20137409
20137411
20137392
-1
-1
-1
-1
-1
-1
-1
-1
-1
-1
20669731
-1
-1
-1
-1
-1
-1
-1
-1
-1
19826172
19552609
21216173
20080482
19559520
19576018
-1
-1
19696568
-1
21794763
21243944
21331955
20755123
20852688
21690007
21341547
21784923
-1
20748004
-1
-1
19911394
19879000
19731934
19617527
19754519
19551464
-1
19562238
19550333
-1
19561658
19646170
19652727
19579035
-1
19770271
19618985
-1
-1
-1
-1
19746447
-1
19817536
19735203
20025256
19871504
19805596
20746213
20076661
19879594
21260767
19707164
-1
-1
19553187
-1
-1
19858995
19676800
19685032
20756871
19724529
20015357
19846041
19643402
20078906
-1
19909644
20009186
21330490
-1
19934504
19635616
25984714
19564141
19664165
19927639
19804452
19849681
-1
19841423
21689008
20670503
20064170
19580258
20172157
20068764
19672379
19612343
-1
-1
-1
-1
19704889
-1
20006414
-1
-1
-1
-1
19592488
-1
-1
19551667
19660590
-1
-1
-1
-1
-1
19813917
20085049
-1
-1
20023026
-1
19870517
-1
-1
21714163
21714155
21714158
21687513
21714162
-1
-1
19597793
19593214
19614721
-1
-1
21690945
20744271
21876068
-1
-1
24663618
19550364
19552131
-1
19558203
-1
19609907
-1
-1
-1
-1
-1
-1
-1
-1
-1
-1
19659763
-1
-1
19643641
-1
20768096
20204249
20135632
20772759
20883458
19942510
20849875
20849879
21764124
-1
19552164
19562603
-1
25753820
-1
19941080
-1
20762864
19615708
19636230
-1
20038068
19551388
19636757
19590849
19649358
19896463
19592553
19896291
-1
21245319
19696552
20048104
19731739
25790388
-1
19557575
19740989
19566655
19920118
19761776
-1
19670371
-1
-1
19679118
-1
19561210
-1
19569388
-1
-1
-1
23722364
-1
-1
23691117
19828958
23646194
-1
-1
-1
20664074
20664619
20664623
20664085
-1
-1
19736853
21850433
-1
21666972
20003204
-1
-1
-1
19597453
21334909
19923062
20017130
19585280
19552647
19598844
-1
20010660
19554300
19577329
19575393
19602965
-1
19565961
19581426
20223042
19583781
-1
-1
21334250
-1
19682683
19826676
21786340
21327811
21786347
-1
-1
-1
20097987
21503912
19857367
21503908
-1
21872687
21872689
21373553
21872699
21870549
21624495
21607839
22732283
-1
21787077
-1
20578786
21327754
-1
-1
19894427
-1
-1
-1
19583435
19944032
-1
-1
25174866
25174873
25174881
25174890
25077511
25077512
-1
-1
-1
19655248
19723439
19839895
19626314
-1
21181754
-1
-1
-1
-1
19816266
-1
19632392
-1
-1
-1
-1
-1
19553525
-1
19620074
19558472
20018279
19860923
-1
19882892
19904507
19600234
19822338
19847168
19567326
19581251
20773936
20050183
19612166
-1
19855020
19648425
21188024
-1
19749875
19745706
19571350
19879570
19803111
19568292
19581830
19558705
19581831
19558721
-1
-1
19619159
23252927
21194664
21238199
20773124
20083843
21791639
20022391
21240523
21634261
-1
19604045
20048142
19584940
20135236
20041648
19602972
19574187
-1
20054470
19687445
19874352
20140700
20081552
21263878
20182939
19572058
20017981
-1
19597057
20002337
20001613
19964915
19933455
-1
19937397
20008276
19769899
19966580
19551632
19946279
-1
-1
19559250
19559252
19559256
19619853
20008098
20068842
20007109
-1
19659848
19635471
19681059
19595503
-1
-1
19637324
19839890
19588503
19649185
20029346
19618498
21603449
-1
20084308
21538684
19839749
19685358
19839756
20664528
-1
-1
-1
-1
-1
-1
-1
-1
19797758
19552927
19656322
19844982
21795185
20071420
19746153
19732064
19593973
20179214
-1
-1
19850733
-1
20002164
20025654
20038872
19824754
19779583
19889630
21534854
19628205
19778254
-1
-1
19662958
-1
-1
19711522
19934459
-1
20178853
-1
19556849
-1
-1
-1
-1
19556118
19864412
20082785
19572596
19588293
19561596
20043998
19584946
-1
-1
-1
-1
20675401
-1
19708320
19803177
-1
19792442
-1
-1
19590529
-1
19577253
-1
19564209
19718286
-1
19698957
-1
-1
-1
19623646
20005187
-1
19597224
-1
20005221
-1
-1
-1
20026476
20681120
21673588
20753908
20681145
20067964
20067974
20032710
-1
19934893
-1
20559721
-1
-1
-1
20012351
-1
-1
-1
19561719
19612578
19589903
-1
-1
19692406
19685115
19612641
-1
21591623
-1
-1
19564940
19578758
-1
-1
19644665
-1
-1
20047674
19962619
-1
19633048
-1
19761227
-1
-1
20004361
-1
21214191
20841264
-1
20009020
19762298
-1
19559424
19571616
-1
19854546
19823100
-1
20682286
20682291
20682217
20682259
20230974
-1
-1
-1
19867272
21714057
20468798
19571991
20206138
19877591
25411914
20757190
21326171
19690501
-1
20178306
-1
20176789
-1
-1
-1
19731231
-1
-1
20170730
21763649
20747740
21795419
20565331
20086418
20565337
21854179
20565345
21838876
-1
20106662
-1
19683339
-1
19962387
20754147
20754152
-1
-1
-1
19950079
-1
20939457
21242836
-1
-1
-1
-1
-1
-1
-1
-1
19808479
-1
19590306
19677700
-1
21214827
19901206
20745095
-1
20139975
19912400
-1
19634451
-1
19822236
20214752
20214756
-1
19560697
19561473
19566536
19569152
19551643
19604933
-1
19759535
-1
19935168
-1
-1
20010837
21763310
19551432
19617709
19618495
19567222
19559570
20046206
19588046
23539442
-1
19852220
19873003
19893604
21331605
19755606
19556447
20138061
19841382
-1
19609359
19663850
-1
-1
20889733
20889739
21194547
21194572
21277538
-1
21277519
21277540
21194543
21277514
-1
-1
19551683
-1
-1
-1
-1
-1
-1
19687761
-1
19815774
20081580
-1
19961652
-1
20176419
-1
20094422
-1
20057295
20101991
-1
-1
20143486
-1
19556688
20043462
-1
19590642
-1
20138273
20040675
-1
20053294
20142359
20106395
-1
20025766
19574807
21686646
19708206
19610572
20011329
-1
-1
19565003
-1
19605153
-1
19875588
20822540
-1
19550523
-1
19798804
20007742
-1
-1
-1
-1
19552913
19633639
19933967
21248112
20075595
19669081
19563223
19657741
-1
19627962
20013192
19580968
19685271
19601985
19804650
-1
19621228
-1
-1
20015452
19620477
-1
-1
-1
19621412
19581499
20002350
19659368
19601553
19562440
19575196
19552965
19640347
-1
19665074
-1
20075718
19668019
-1
19565807
-1
-1
19608074
19553985
19552834
-1
-1
19811409
-1
19751366
-1
20765478
19735847
20003731
19550793
19560025
20091049
20025477
20002769
19941151
19892906
-1
19566299
19559826
19588774
-1
-1
19893584
-1
19640244
-1
20010293
-1
21494013
19760166
-1
19857146
-1
20651243
-1
-1
-1
-1
21335586
20740186
19685778
20069877
19823361
19643021
19741274
19600823
19662924
19916063
-1
20084289
19701347
-1
19912548
-1
25348876
20498068
-1
19581759
19911471
19589067
19578699
19630294
19589126
19808888
19615817
19589138
19694619
-1
20164078
20082706
19780320
20171710
19762885
20005503
20383887
20005514
20171806
-1
19652282
21607227
19583614
21688949
20039964
20388379
19646965
19604128
-1
20069344
20140475
-1
19821975
20063607
19907781
21194642
20089871
19691223
20089600
-1
25703020
-1
-1
-1
19865251
-1
19627718
19562968
-1
25701503
-1
19597354
-1
19681938
20008249
19831475
23675827
20014091
20028361
19900069
-1
19962113
19962115
-1
19556677
19555480
19601289
21711103
-1
19858209
20013980
19777615
20037604
19660173
19823648
-1
21604595
-1
19778946
-1
19730581
-1
19781696
20125111
19572218
20048929
-1
22016022
-1
21688812
19590742
21688704
19550581
19626558
-1
19742186
19623117
20223198
20121123
-1
-1
19614724
-1
-1
-1
-1
-1
-1
25365803
20167741
20088508
19580714
21631391
-1
20137664
19934829
-1
20037361
25437554
-1
19564758
-1
-1
-1
-1
20605455
23757460
20646818
-1
-1
-1
19577705
-1
19582007
19617054
19710094
19772081
19590491
-1
19651736
19902994
19645414
19636480
20181623
19842858
19930248
19828039
-1
19657439
19626512
20176361
19831681
-1
-1
-1
19562721
-1
20581373
19570064
-1
-1
-1
20232037
20109670
20651456
-1
20101439
19891319
19581048
19581050
19849944
20101728
20772843
19618539
19766586
-1
20170579
20170584
-1
20018485
-1
-1
-1
-1
19550706
19645725
-1
-1
19570500
19636008
19865631
-1
-1
-1
-1
-1
-1
-1
20155336
-1
19953678
19939825
-1
-1
-1
-1
20096447
19669116
20104002
-1
20531706
19632182
19638341
20565524
20059601
19661740
19663707
19557957
-1
20190938
20775510
20141816
20078556
20154309
19847437
21240571
20098806
20196854
20925317
-1
20713464
20110652
20096810
20141484
-1
-1
-1
19583308
19588633
20105891
-1
19553520
-1
20173825
-1
21213314
-1
19662087
19812101
19620291
19619550
20475622
19598918
20773868
20177156
19556433
20676013
-1
20012194
20012197
-1
19683520
19735606
19834308
19680169
-1
19644541
-1
-1
19892644
19858489
-1
20085995
20302569
20769120
20769121
20190798
19824350
19732775
-1
20073981
20171722
20051268
21738326
20081830
20074033
20074043
21248845
20183329
-1
20925408
20432154
19593488
20142023
20767769
19891245
21276107
-1
20925409
21326674
20170249
19605581
20184630
20079775
20068759
-1
21331905
-1
21697444
20709216
20085953
-1
19830755
25497020
19686982
25448626
19922347
19596940
20130058
19585537
-1
19676924
19632306
20056102
19780152
24442030
-1
19574202
-1
19571412
-1
19598257
19568684
-1
19558021
-1
20068866
-1
19577931
20239562
-1
19568218
19668210
19569802
19584480
19773171
20035738
19655407
19847216
19683057
-1
-1
19582471
-1
19574588
19605413
25434899
-1
20205080
19574589
25232282
21544774
21544776
20387333
19618663
-1
19577377
-1
19751886
20134640
19629407
-1
20142655
19560787
19657776
19600138
19597092
20066652
19554123
19557280
19661881
-1
-1
20036570
20653946
20015857
19641694
19928384
20943125
19579205
19929399
21200862
19660223
-1
19664630
-1
19574052
-1
20206853
19824657
-1
19647591
19844771
21538596
21238483
21543361
19574304
19912871
19693877
19840012
-1
19657742
19655283
-1
19744308
19606083
21597647
20086364
19572460
-1
19607648
-1
19597337
-1
-1
19950086
19852120
20676185
19731646
19865069
19834165
20044791
19891785
-1
19621319
19595379
19621240
19583423
20002268
19893638
19557800
20018713
20007986
-1
19934855
19724626
19820257
19827258
20003909
19832580
-1
19565652
20769537
-1
-1
20028151
19570122
20073278
20034967
19770126
19554927
19615452
-1
19664596
19595007
19820668
19590776
19648557
20042663
20022784
19644945
19553940
-1
19633850
19652441
19608032
19955373
-1
19710602
-1
-1
20746943
19909169
19631498
20534085
20659714
20754845
20654146
19660018
-1
20666260
20079718
21231555
21288922
21235180
19964522
20059707
19601225
21233316
-1
19664318
21689978
19760061
19591867
19591490
19591321
19560329
-1
-1
19552685
19678712
23471177
19599535
19576207
-1
19621310
20063576
20204051
19644215
-1
19803067
20139062
-1
19956655
-1
-1
20000012
19612088
19582799
19595586
20421071
20014387
20012831
-1
19808906
19634515
19812571
19643195
19642912
19816424
20029894
19640342
19726300
-1
19619468
-1
19743934
-1
-1
-1
-1
-1
20087428
20087435
19602434
20027689
-1
-1
19561633
-1
-1
-1
-1
-1
-1
19556498
19606409
19581430
19883423
-1
21296124
21292898
21292912
20057306
-1
21187645
20753721
20135446
20172126
21809956
21876200
25075221
20186093
-1
19607618
20087712
19720453
20344939
20142031
19578328
21867920
20562360
21859648
20223245
-1
19686442
20093675
20137938
19860354
19670979
20114813
19563686
-1
20167100
19569008
20052307
20740171
20184416
20164102
20141156
20178943
-1
19600298
19789416
-1
21323549
-1
20173008
-1
20134569
19875841
19574293
19559632
19617871
-1
21197693
21276219
20076621
21278099
20089234
21279598
20183503
21341628
20104264
-1
-1
19969035
20018108
19999221
19954078
-1
19615211
21200247
20207469
19892983
-1
20178940
20224619
20224621
20225212
-1
-1
20167809
-1
19581764
19566816
19745727
19551424
-1
19691410
20090948
19555365
-1
19636767
19553437
20171381
-1
19873928
-1
19631982
20166778
20166789
-1
20167011
20232329
-1
20024840
20037793
20079614
20166987
-1
19590123
-1
21250994
19796528
20166837
20166841
20081314
20166846
20166949
25336844
20166976
20166977
-1
19663445
-1
19866866
19562292
-1
-1
-1
19861315
19586651
20013200
22652151
20023481
20343463
20115319
-1
19646295
25929345
-1
25730619
-1
19939654
20103136
21821101
-1
19556339
20018707
-1
19599463
-1
19639196
-1
-1
20007455
19639816
25929298
19751188
-1
-1
-1
-1
-1
-1
-1
-1
-1
-1
-1
-1
-1
-1
-1
-1
-1
-1
-1
-1
-1
-1
-1
-1
-1
-1
-1
20007980
20673305
19579120
19597356
-1
20371398
19667121
19642407
-1
-1
-1
-1
19553713
20029161
-1
-1
-1
19838842
-1
-1
20137379
19575895
19883609
-1
19581580
-1
-1
-1
21868355
-1
-1
-1
20746555
-1
-1
-1
-1
-1
23155247
21386426
23581377
20990713
21323947
21713461
21873284
20713575
20234148
20961151
-1
-1
20070427
20070431
-1
21686520
-1
21770342
20889738
19724413
20937411
20013467
-1
20487366
-1
-1
20065027
-1
-1
-1
-1
-1
20114655
19632558
21332946
19912047
19967984
19835536
-1
19755773
19696124
20043092
20043096
20043098
19684962
19672926
19614454
19898098
-1
19736403
19641218
20638455
19587966
19876896
21850645
-1
19628324
19701487
19872838
19710400
19576965
-1
-1
-1
20630986
-1
20754517
-1
21668915
-1
19551077
-1
19897249
20638622
-1
20038057
-1
-1
19878103
19915217
-1
25984674
25984667
-1
20252099
20252104
20252108
-1
-1
20038055
19561132
-1
19558989
-1
19575468
-1
-1
19870330
-1
-1
-1
-1
-1
19847199
19598367
-1
-1
-1
-1
-1
19601352
19683574
19659449
-1
19775396
20713184
-1
-1
-1
-1
19558999
-1
20012469
-1
-1
19556069
19574671
19579262
-1
19838376
-1
-1
-1
19805294
-1
19966666
20469579
19636616
21250802
21250810
21250815
21250817
21250826
-1
20011215
20750976
23461390
19564517
-1
19618398
20165374
19731239
19874751
20017035
20017033
-1
19884061
19873690
19885919
-1
21323911
20742618
19740084
19632881
20175789
19822409
19604292
21786877
20467041
-1
22445950
21691912
-1
21761804
20765380
20031148
21219441
20708952
20073614
20081530
-1
20003900
20451019
20920809
21250905
19557523
19815436
20746423
-1
20743743
20747887
21228021
20168206
21863697
21220262
21187625
20713188
21259185
20171914
-1
20777907
20459124
20753946
20741097
20746345
20743663
21275738
-1
19673036
19785885
20065363
21183909
20062766
20062767
20708954
20174379
19661092
21235010
-1
19859024
20067971
19751551
19835196
19840693
19552677
19899783
-1
20008543
21184231
19797703
-1
20166828
19573493
-1
19675308
20005638
20751487
19674371
20755616
20354593
19564653
20169431
20675266
-1
21761799
21671437
21727811
20043785
21756233
20173363
19839210
20114540
21675721
-1
20182599
20175994
20175998
20176001
20176006
20169524
20166573
21752282
-1
20175563
20174221
-1
20079993
20170946
20164856
20023067
21183651
20534082
20167959
-1
20013327
20012897
19803700
-1
21301243
20667625
21348815
20650480
20708956
20773144
-1
21194865
21727818
19650216
20756537
21672026
20078564
-1
-1
-1
-1
-1
-1
-1
-1
20072972
20019932
20897127
19937853
20923719
20010909
20079215
-1
19929512
19693867
20017810
19569409
20218378
19741068
20022417
19880210
19906833
20768551
-1
19595174
19588013
20105184
20712317
21674523
20758983
20172955
20229700
20207706
-1
-1
21634735
-1
-1
-1
-1
-1
20848992
-1
20022472
-1
-1
-1
-1
19626411
20713176
20078385
19845163
19652915
19574449
19846579
19572556
-1
20182521
20756462
20170915
-1
-1
21289534
21606483
19747077
20211119
20010578
20169501
-1
19978502
19585505
21598453
-1
-1
-1
19889678
19873852
-1
19550994
19842240
21241256
25904885
19726841
19579715
-1
19577975
-1
20174658
-1
-1
-1
-1
20018196
20020306
20049939
20048470
20048475
20063476
-1
-1
20775148
-1
-1
-1
-1
-1
-1
-1
20744936
-1
19907329
-1
20171742
20050436
-1
20079009
20167739
20173460
20065762
-1
20027499
-1
19582176
19686883
-1
21690674
-1
21730264
-1
20065985
-1
20050561
-1
-1
20058848
20070852
20045609
19817124
-1
-1
-1
20062313
20747837
-1
20078964
-1
20165208
20202326
20010586
20202324
-1
-1
-1
-1
-1
19686079
20038983
20939468
20038239
-1
-1
19555407
-1
-1
-1
21713796
-1
19586345
19551483
20758633
19562682
19738326
-1
20063922
20020633
19918785
-1
20168284
20230871
20048778
20744963
20168327
20168330
21229768
20168249
21237767
-1
-1
-1
-1
-1
20579850
-1
19589518
19652802
19682466
20049904
-1
-1
-1
-1
20168554
21183950
-1
19575005
20028600
-1
20170839
20190950
20046844
20708957
20708960
20167940
20037913
-1
-1
-1
-1
-1
-1
19551239
19555494
-1
-1
20096946
-1
-1
-1
20527546
-1
25743495
20164971
20164974
20011559
20164972
20032669
-1
-1
-1
-1
-1
19626735
-1
-1
20017089
-1
19607588
19612228
20665035
-1
-1
19631378
19835655
19551301
20681426
21863039
20671583
19677421
20741085
-1
20744730
21235262
20168641
20018620
20210904
20457998
-1
20005593
19924307
-1
21502862
-1
20744413
20286079
21297636
-1
21193236
19618407
21660899
21688664
20165652
21688031
21536706
-1
21183969
19809957
20067040
20174544
20068415
20173442
20082092
19671095
20174215
-1
-1
-1
-1
-1
-1
20738977
-1
19550972
20367240
-1
-1
-1
-1
20578623
20307418
20305844
20547714
20367254
20578603
-1
19621993
19649923
20204458
-1
19672677
-1
19885325
-1
20033804
19666447
20013001
-1
20315196
-1
19978523
-1
-1
-1
-1
20693970
20679396
-1
20016119
20012997
-1
20219558
23253246
22265146
20432536
22521623
20189018
23255243
-1
-1
-1
19720409
19978543
-1
-1
20501183
21767321
-1
-1
-1
19608978
20923099
25322946
20767747
20092129
21292513
-1
-1
-1
20100103
20690210
-1
19589097
19566427
20187558
20209412
20025152
19561227
-1
19666714
19652117
20679094
20030462
20070270
19708005
-1
20346404
19669411
19700361
19584655
19659403
19668252
19618267
19603653
19605039
-1
20269000
20527632
19659201
20427568
20091617
20983779
-1
19805936
20317806
19978765
20431548
19807634
21854513
20031480
20501186
20548492
-1
19674246
19886706
-1
20479292
-1
-1
19885249
-1
19627363
20642329
20449663
20642012
20043262
20449327
20052284
19856440
-1
-1
20330954
20571443
20089008
21289460
-1
19678268
20388896
-1
20346958
-1
20317320
19609875
19656888
-1
19627364
20522042
19583527
20421860
20203713
20106252
20017275
20594560
-1
-1
20606937
-1
20419928
20476828
-1
-1
-1
-1
-1
20629668
-1
20323596
-1
20046624
-1
20735730
20367034
22124566
22354601
22028614
-1
20592854
20452496
-1
-1
20732055
20431574
20555301
-1
-1
-1
-1
-1
20300356
20300362
20300372
-1
20084764
-1
20012178
-1
19672662
20002114
20043887
-1
19643735
19662863
-1
20055604
19966104
-1
19946832
20742227
19844889
20099612
-1
20073726
20461542
-1
21350092
20761169
20306077
21726604
21607843
25488143
-1
20708264
20765370
20708273
20708278
20708282
20690911
20708251
20708260
-1
-1
20098362
-1
20087945
20673265
20673270
-1
20323760
19554662
20037826
19629587
19627724
21184806
19569656
-1
19734211
20165417
19591948
19591950
20170716
20097929
-1
19627356
-1
20093207
19567983
20115748
20723594
19938153
19731559
19630391
19814586
20116463
-1
-1
-1
20217034
20672602
20254480
20218028
20090058
20027136
-1
23458883
22607757
20687500
20591778
24753726
-1
-1
20471289
20013458
-1
20441888
20549842
20586492
20277023
20745221
20047217
20620810
20776374
-1
20568016
20524701
20437854
20534298
20534331
20068578
20641451
-1
-1
19589573
-1
19818459
-1
20273880
21328667
20550581
20028500
20358028
20503906
-1
20292465
-1
19840047
20046519
-1
19576577
20122840
20129683
-1
19550429
20035089
20226479
19587000
-1
19654725
20138100
-1
19566708
20350056
-1
20499962
22030521
-1
20221789
20677828
-1
19785517
20359238
19586191
22613100
20504491
-1
-1
22339859
22581389
22575860
22583514
21523706
-1
21323800
19694309
-1
20028519
-1
23388892
-1
20611018
-1
-1
-1
20003928
20535091
20086054
-1
21783369
20415079
20587725
20277041
19668477
25422956
-1
-1
-1
-1
-1
-1
-1
-1
20069846
19693493
20209463
20586208
22553309
22552010
20035735
-1
19815183
19794502
20031708
20026328
19884071
20028753
20009146
19978766
19561252
19966812
-1
19632682
20031538
20011178
19600884
20023068
19615411
19978760
20416010
-1
20624296
20269961
20326171
20306352
20575157
20477324
20555228
20611084
-1
20562166
-1
-1
19798878
-1
-1
-1
-1
19651678
-1
20556064
20333961
20242082
20558626
25751193
20499357
20623681
20365131
25317401
-1
20425876
20641131
20422622
19885316
-1
19647194
21635440
20367310
21125183
20602650
-1
20068805
-1
20346661
-1
-1
-1
20551054
-1
-1
19581400
19691625
-1
19659292
25621268
20338549
-1
-1
-1
-1
-1
19605941
19726722
-1
-1
-1
-1
19637865
20409202
-1
-1
-1
20292832
-1
-1
-1
-1
-1
-1
21786329
-1
20530392
20438221
20010199
20490051
20544713
20457974
19727716
20061338
20447277
-1
-1
21760475
20333002
20333004
20333009
20724880
21324621
20770140
21340979
-1
-1
20754377
-1
-1
19577032
-1
-1
-1
-1
-1
19738201
-1
-1
-1
-1
20011373
19593576
19795386
19564754
19850808
-1
19739143
19703273
21729043
19660181
19899927
19584676
19808552
19759909
19722028
19666101
-1
21692639
-1
19659867
-1
20207373
-1
-1
19832762
-1
-1
19707234
19740929
-1
19637017
-1
20387208
-1
19583552
-1
19675532
-1
-1
-1
19788639
-1
-1
19654758
19795782
20064458
20137990
20012748
-1
19572885
19612637
-1
20182603
20182604
20182645
-1
19645125
-1
20229915
20231687
-1
-1
19823288
21249912
-1
20095980
-1
19594467
20171697
-1
19602046
19763203
-1
19928495
20656555
-1
20005962
21190334
21757064
-1
19912610
-1
19561574
-1
20103389
19923333
-1
-1
20043018
20041943
20170804
20114931
20170235
20045739
20045741
20043087
19964257
20042366
-1
19558360
19561849
19906688
-1
19966755
20343176
20935919
-1
-1
-1
20152753
-1
21283811
21285155
21283877
21284137
-1
-1
-1
-1
19566622
19583017
-1
-1
19905385
19844801
20052343
20083563
20063910
-1
-1
19607026
21197797
-1
21239753
21263900
21289642
-1
19649354
19575082
-1
20006918
-1
19687525
-1
19931031
20011272
19928759
19751361
20063805
20071815
19651059
20072580
19550341
-1
19676972
20055303
19855398
20228324
20065673
19811752
20228334
19836093
20205125
19627012
-1
-1
-1
-1
-1
-1
-1
-1
19591404
-1
-1
-1
19697391
19968141
19625175
19704007
19741400
-1
20747591
20752008
19668736
20067637
19668651
-1
20711600
20711791
20711434
20599095
20641956
20318608
20711473
20711850
20297422
20380419
-1
20389940
20164080
20170111
19694556
20455673
20757102
20593345
21215824
20076757
21675619
-1
20005435
20165262
20036969
19743061
19858638
20757462
20052736
20923088
-1
19634366
20002015
20042643
-1
-1
19570569
-1
20079156
20063639
20102166
19687819
20054860
21331875
-1
19704927
-1
20138085
-1
19761140
-1
19704923
-1
19571466
19694957
19790093
-1
20164077
20115059
20137739
20171641
20211298
-1
19590324
-1
-1
19889948
-1
-1
-1
-1
-1
19565943
20666296
19809071
19961903
19750715
19753860
-1
-1
-1
19621395
25017343
25017342
21605741
-1
19761165
-1
20065983
-1
-1
19557394
-1
21809827
20028877
20012393
20018571
20007758
19723375
20061892
19617713
20033478
-1
19674278
-1
20751390
20091542
19698867
20092111
19648609
20091609
-1
19555513
-1
-1
-1
19552332
-1
-1
19717749
19736285
-1
-1
-1
19559921
19734801
-1
19602545
20848433
19571968
19550774
19904003
20041074
-1
20169968
19605531
21671446
-1
19866787
23552128
21668297
21871157
20040906
-1
19824908
20063500
19584754
21327802
19847798
19637473
19632927
-1
21240773
20071482
-1
19670912
19579792
19621372
-1
-1
21869243
-1
-1
20232949
-1
19812914
19595902
19974191
19585297
-1
20034451
19571116
19613954
19930791
-1
21293795
20337970
19678104
-1
22803049
-1
19579635
-1
19573996
19656924
25648196
-1
20615085
20040189
-1
-1
20498521
-1
24969487
23507797
20569497
19667538
19645346
19554159
21241119
20004314
-1
-1
-1
-1
-1
21192855
19887071
19718337
19687533
19919139
21327928
20052635
-1
20080926
20093216
21194672
20052783
19960775
21754049
-1
20036851
20171370
19733060
20037917
20101892
20036850
19965718
-1
-1
-1
-1
-1
-1
-1
20063110
-1
20205371
-1
19564339
19908185
-1
19836224
-1
20740618
-1
-1
19584282
20176090
19659178
19551771
19569623
19562469
-1
-1
20030375
19626496
20114911
20210787
-1
19555748
19550234
19859961
19607960
19672739
19628012
19555662
19856929
19643793
-1
20173939
20141908
20712192
20054607
21627163
-1
20103042
19569407
20179097
20139777
19628957
-1
-1
21753891
19754845
19691495
-1
20080738
21243418
21553292
19804957
-1
20123265
20123267
20880536
20698207
-1
20086860
20708820
20708837
20675155
20232767
20082376
21185146
20232344
20232349
20232619
-1
-1
20003119
20075286
-1
19567582
19719134
-1
19638130
19906970
20080586
20306433
20010318
20327217
21856963
20019170
20171395
20848723
-1
20564314
-1
-1
-1
-1
19806051
-1
-1
20143017
20142872
-1
19553511
-1
20089703
-1
-1
-1
-1
19833833
-1
-1
-1
19561186
-1
-1
19556496
20087834
19741925
-1
20005058
-1
19563720
-1
-1
20169160
-1
19596964
-1
-1
-1
19564165
19567557
19806526
-1
-1
-1
-1
25320915
20103954
25320908
-1
20042606
19550547
-1
-1
19917724
-1
-1
-1
-1
-1
-1
-1
19669165
-1
-1
19635336
21277373
-1
20059987
20685684
19599287
20059963
-1
20068921
20036001
19704013
-1
20067910
20039040
-1
-1
21767797
21791548
-1
-1
-1
-1
20775873
20307168
19789921
19637144
20065240
20165556
19589667
19605626
-1
-1
23416289
20690284
21873896
19916915
21181590
20085835
20683407
-1
-1
-1
21685306
-1
-1
19818892
20002724
20568508
22001198
20003383
21770350
21770349
21211418
-1
20646533
20090137
21999628
20819569
20473807
-1
19882273
-1
20766721
-1
20045571
20045576
-1
-1
20773458
20056459
21676422
21196411
21688474
20740774
21695315
21695318
-1
20768665
21248837
20184178
20044797
-1
-1
19964114
20751484
19976337
20071747
20026482
19865019
19660112
20675282
19582264
-1
21708017
-1
21693202
-1
20487630
20487641
20487646
20083162
20740892
20740895
20740896
20768157
20176826
20014616
-1
19959508
19800346
-1
19938640
19676230
-1
-1
19653762
-1
-1
-1
-1
20622656
20740829
20053421
20066226
20622554
20622557
21257010
20065186
19728451
20622612
-1
19729566
20757497
20777085
21323835
20228123
21260436
21323007
20676597
19653871
-1
20018531
20713302
21332983
-1
-1
20744692
20002918
-1
-1
20176686
-1
-1
19839245
20302172
20055348
19563160
20473244
20741007
20028014
-1
20005908
19808507
20093918
20051569
20204364
20182456
20262460
20057470
20030750
-1
20027745
19840460
19956826
19812996
20164722
20007124
19669557
-1
20062734
19698821
20135629
19657418
19956821
19956827
-1
19959312
20203541
20206965
20767934
20203552
20043771
20058348
20164718
-1
20062225
20060537
-1
20051511
19652969
20050887
20051878
20064179
20007511
20072545
20031397
-1
19924140
20040022
19965743
20063003
20011276
20054239
20031162
20054921
-1
20027746
20056740
20030393
20180968
20102613
-1
20012577
19857520
-1
-1
19793119
19969362
20027980
20083866
20006919
20016452
20013649
-1
20672735
20070859
20043586
20230880
20747184
20052139
20096829
25115474
-1
-1
-1
-1
-1
-1
-1
-1
19751540
19556673
-1
-1
21541927
21727648
-1
19571882
19632685
19621039
19655061
20943094
20092924
-1
-1
-1
-1
19564925
-1
19684533
-1
-1
19556394
19653577
-1
20018384
-1
20082151
-1
20774219
20775701
-1
-1
19672559
25401386
-1
20035241
-1
20114581
-1
19590194
-1
-1
21326003
19674181
-1
19563921
19566438
19564583
19559205
-1
20023814
-1
21694127
21875936
20773691
19678370
-1
19820147
20403107
19696421
20005772
19707355
20005786
20005789
20005794
-1
21859653
19669305
20002752
23469543
20012045
20012048
20012050
20002783
19570709
-1
19651600
-1
19711410
-1
19704439
20071432
20055215
21263883
19559196
20066860
-1
20091594
-1
19560026
-1
20043013
19565866
19598847
-1
19551273
-1
19581575
-1
-1
-1
20067222
21239817
21503361
-1
-1
20314458
20744667
20537254
-1
-1
20180257
20205792
20485621
20485627
19573288
19617699
19801921
20089132
-1
-1
19553912
-1
-1
-1
19586292
19567404
19570778
19762812
19557541
-1
19649361
20091449
-1
-1
19597669
19557896
-1
19552030
19581757
20026206
19600293
19569578
-1
-1
19602386
19672874
19818719
19780352
-1
-1
19634773
-1
-1
-1
-1
19611714
-1
20986545
20724630
19862229
20568564
20053293
19729565
19603262
-1
20013118
20038236
20416803
19871320
-1
-1
-1
-1
19621978
20620110
-1
-1
20625147
20625149
20625151
20625154
20175912
20551140
20745490
20625145
-1
-1
21524006
20113490
21523742
21518408
21521121
20107603
24489402
20109565
24385301
21507005
-1
19655667
19914683
20064097
-1
-1
-1
19553128
-1
-1
20115127
19727765
-1
20210241
-1
-1
-1
19580728
20027286
20078631
19667424
-1
19580325
-1
-1
-1
20014361
20105889
20105895
-1
-1
-1
20019707
20137062
20030405
20021400
25444822
19768136
19681862
19674807
-1
-1
19563819
19567558
19567559
20016615
-1
-1
-1
20231370
20848595
20767556
-1
-1
20088291
20207105
20173352
-1
-1
19557960
20681751
-1
-1
20182335
-1
20206094
20211039
-1
-1
19856756
-1
20002951
19623309
20773348
19704039
-1
19566967
19559363
-1
20114207
20161705
20156293
-1
19632350
19573118
19653938
19583294
19686022
-1
19673936
-1
-1
19959748
-1
22827197
21826150
24736972
-1
-1
-1
-1
19571901
-1
20011632
21183437
20120203
21343096
19688479
20721738
20033128
20742600
20021779
19757446
-1
19673538
-1
25243295
20164873
-1
19575609
-1
-1
-1
-1
-1
-1
-1
19968115
-1
21116679
-1
20052518
-1
19606007
21188085
19663657
-1
19630910
-1
-1
20522467
20138481
19676435
20046513
-1
19555584
-1
19662800
-1
19684311
-1
-1
20101455
-1
-1
19680975
-1
20035669
20015155
20015157
20766349
21306175
19742117
20169650
20033134
-1
19847760
-1
19676062
19828213
19670753
-1
-1
20061234
20061389
20069206
20165347
-1
19773325
19607199
20152755
21690588
19632403
19592388
20015625
20679538
19802134
-1
20059740
19636010
20061704
-1
-1
19559999
20852482
20117914
20101731
20852521
20852523
-1
20068322
20058276
19695090
20016156
19916066
-1
19811129
20772930
20023635
20047805
19886043
20037016
-1
19608512
20758921
21670873
-1
20192442
21240478
20194521
21874853
20226364
21240513
19673867
20192485
19810977
21240543
-1
19632587
-1
-1
20642861
22871329
19561232
-1
19634941
-1
19674942
-1
19806866
19628777
20022283
20024077
20022285
-1
19552227
19576000
19608928
-1
-1
19566483
-1
20079098
-1
19644650
-1
19885965
19561990
-1
19562002
19637195
19659738
-1
19897295
-1
19579055
19559915
-1
-1
19681298
-1
20109025
-1
19823983
19760224
20002167
19617130
19676846
-1
23184581
-1
20436139
20152132
-1
20143769
19633807
19819475
-1
19574949
20015670
-1
20161189
-1
19749681
19553396
20366041
-1
19623711
20614232
20542941
20441044
20490626
20012848
20766630
-1
20436923
20035824
20277438
20550568
20630472
-1
-1
19771253
-1
-1
20101611
20007158
-1
19585154
-1
-1
19860013
20043474
21200513
20051675
19844613
-1
-1
-1
19873399
19620304
19926710
20018803
20001858
19592934
19610194
20207022
20018368
19900904
-1
20045157
20574480
-1
-1
20109536
19613921
-1
-1
21345639
21345644
20300999
21842971
21849855
20372833
20299885
21853339
20471069
-1
-1
20033112
-1
-1
20208900
20858727
20124809
20067407
20695127
20700893
20117201
20012468
19725534
20123173
-1
-1
21167590
20034896
21171099
20858581
19620747
20858586
20921237
20142409
20189289
21121498
-1
-1
-1
-1
-1
19810911
20043134
-1
-1
19573812
-1
-1
-1
21113069
-1
19858278
-1
-1
-1
20121773
20875183
-1
20423351
-1
19752803
19630235
-1
23718987
-1
26190060
-1
20124025
20118866
20719744
20119834
20049752
20732599
20117007
20130846
19885502
-1
20126607
20127710
20121937
20129441
-1
20117032
-1
-1
19661143
20122884
20097557
20097560
20093960
20028426
20028429
19585313
-1
19604046
19599611
19595020
19563371
-1
20169435
19606599
19717944
-1
-1
19672486
20017308
-1
-1
20015334
19648457
20100193
19585695
-1
20304068
19653465
20016129
20084471
20638982
19585653
19582104
20016215
20041497
20041499
-1
-1
20423314
-1
23120437
-1
-1
21689762
21694331
21690940
21690942
21690943
21691344
21691346
21691350
21688553
21688692
-1
24327280
22600300
21730805
21730809
21730812
21672175
-1
23253326
20189836
22131969
22278396
21557397
-1
-1
-1
19964420
-1
-1
-1
20208385
25674896
25739742
-1
-1
20291232
20613268
20090786
-1
23214905
-1
20536254
-1
22855844
19974222
20452095
-1
-1
20180696
-1
22871867
-1
20434334
-1
-1
-1
-1
23227157
19847530
20718623
20567489
20567494
-1
20131958
20127706
21072050
20133619
20131646
19614928
-1
20449916
-1
-1
-1
20567117
20086609
-1
20579269
-1
21290322
20729797
20534862
21513898
20641791
20422578
21118628
19883513
20311889
-1
21138394
21687916
22611786
25252069
19869616
20380392
20380396
21335646
21766361
21764881
-1
20087728
20415104
-1
23560399
20555644
21850315
20011760
20101197
20000910
20026168
20425035
19561236
-1
20974538
20551001
23779927
20415655
-1
20591762
20389687
20119255
21415647
20247633
20709001
20395856
-1
21335001
21336281
20217203
19592534
-1
19582886
20490871
-1
20733645
23821891
21053951
20425306
-1
20035940
-1
20018169
19696034
19834004
20031518
-1
20304323
19911474
21336574
-1
20101159
23720412
21605626
20440176
19725890
20214530
21697804
19743729
-1
20059040
20423075
20362120
20151545
20749634
-1
21710203
19699722
20332561
20642237
20715024
-1
20122690
20117534
19735801
20128524
20121508
20571686
20340606
21168734
19780566
-1
19684631
20396163
20059724
-1
21054665
-1
25244951
22859380
-1
23021190
20524945
23118965
20453179
20504716
24616003
22621323
21031480
-1
22267865
23544869
19792975
20120522
19608670
23859373
-1
20718836
20725344
20867540
-1
24192925
-1
22515087
19827533
20550221
22313236
19625514
19625523
21030786
20988067
-1
20019001
20699692
19630915
-1
20199418
20199899
-1
20026332
-1
20074594
-1
-1
19998251
-1
-1
19840308
20122596
19696704
19779656
19978860
-1
19786182
-1
20046920
-1
19918640
-1
-1
19586996
-1
-1
-1
-1
19685023
-1
-1
-1
-1
20035530
-1
20392600
-1
20029265
-1
20242229
19611537
19632904
19577933
19577936
19677027
19898844
-1
21074451
20130885
20724543
20027950
21041089
20732715
-1
19586053
19637741
19603395
19878764
20163930
19664460
20097893
-1
19600221
-1
-1
-1
19614787
19622041
19866957
19603917
20087717
20015398
19612744
19843089
-1
19946773
-1
-1
19607872
-1
19722505
19790749
-1
19817862
-1
19550447
-1
20065249
20232925
19813248
20171731
20090993
20096402
20022325
20027402
20766628
21728998
-1
20168707
20101449
20112823
19647611
20009369
19794605
20068752
20080048
20103697
20228168
-1
19643382
21452433
19787633
21215789
20111717
20124776
19582921
19653082
-1
19587183
-1
-1
19576911
19605094
20730301
21073984
20727694
19712241
-1
19573716
19614082
-1
19870089
-1
-1
-1
-1
19656819
-1
19597732
20311631
21292868
19607045
19604336
-1
-1
-1
19564001
-1
-1
20237566
-1
20509757
-1
20596831
20596833
-1
-1
21269277
20055547
20021077
19867753
-1
-1
19649100
19609192
19693733
19779149
19719870
19839883
19873383
19904480
19575984
20174872
-1
-1
-1
-1
-1
19868680
-1
19635170
20045831
-1
-1
-1
19757863
-1
-1
-1
-1
20759026
20094365
20232761
20740928
20852931
-1
19575098
20013086
19773582
20141200
19773595
19773612
19773578
-1
-1
20318912
-1
19551063
20777676
20269501
19738459
-1
19862098
20085445
19868667
19868675
19868677
19868682
19868685
-1
20138644
19658078
-1
-1
19557185
-1
-1
-1
-1
-1
-1
-1
-1
19862107
19862115
20100242
-1
-1
-1
19551861
19969815
19592093
19554667
19635308
19680640
-1
-1
-1
-1
20009958
-1
25254991
-1
19573393
-1
-1
19554623
-1
-1
-1
19610714
20211074
19576203
19614144
-1
-1
19670423
19552222
-1
-1
-1
-1
-1
-1
-1
-1
-1
-1
-1
-1
-1
-1
-1
-1
19628748
-1
-1
-1
-1
-1
-1
19568806
20076842
19824201
-1
19553761
-1
19576261
19628063
-1
-1
19672349
-1
-1
19628159
19921051
20552461
25403134
23668931
19927402
19641883
19963242
-1
19811246
19556873
19560736
-1
19555895
19817046
19801096
19552494
-1
19552699
-1
20803643
-1
19765114
-1
19727899
-1
20056219
-1
19892061
19587805
20038916
19583173
-1
19551086
-1
-1
-1
19550516
20042863
-1
-1
-1
-1
19594055
19626215
-1
-1
20127677
-1
-1
-1
-1
-1
19559433
-1
20007676
-1
-1
-1
-1
19611847
-1
-1
-1
20006083
-1
19553524
-1
-1
-1
-1
-1
-1
19806393
-1
-1
-1
-1
-1
-1
-1
-1
19839461
19839462
19735715
-1
-1
19559955
-1
-1
19551718
-1
-1
-1
19668715
19597760
-1
19570205
-1
-1
-1
19768479
19575286
20014222
20024068
-1
-1
-1
19806306
20011332
-1
20013159
19552521
19813624
20007732
20024295
19664840
20010840
19583739
-1
-1
20031124
20025621
19793010
19565021
19797763
20004707
20002192
19798777
-1
19602690
19963755
19612686
19571922
19614241
21297549
19956290
-1
19690600
-1
-1
19556774
-1
19687598
19581263
-1
19619811
20013690
-1
20016175
-1
19604143
-1
20016920
-1
-1
19584765
19657518
19643005
19586973
-1
19575874
19686813
-1
19571104
-1
19944185
21287664
19585389
-1
19818133
19674269
20760770
19729939
-1
20137152
20172704
20137161
19631981
20164704
20065323
20180881
20180884
20180887
20180891
-1
19845206
-1
19781331
-1
-1
-1
19840651
19725762
-1
20675682
-1
19609168
-1
-1
19593232
-1
20889178
-1
19622788
-1
19930572
19563552
19740012
20057546
20170400
-1
19718785
-1
20010083
19664023
19796612
19757540
20017451
19605823
20043433
-1
20775404
20675260
25750403
20021748
20054661
20672390
19804511
19792963
-1
21780905
19812373
20105955
19643774
20097313
20093037
20092494
20034039
-1
20207256
20091886
19624061
-1
19589048
20019753
19821860
20179932
19894974
19880819
19632616
-1
20019560
20756226
20194361
-1
19881587
19602729
-1
21684850
21688666
21684856
21688674
21688670
-1
19668700
-1
20165602
-1
-1
-1
-1
20765948
-1
-1
-1
20008215
-1
20541433
25244873
19617259
19827515
20460101
-1
20571834
-1
-1
19553467
-1
19895857
-1
-1
-1
-1
-1
19757852
20025349
20025350
-1
-1
-1
-1
21675285
-1
-1
-1
-1
-1
-1
-1
20013141
19811137
-1
20048616
-1
19585806
19567471
-1
-1
19609355
-1
-1
-1
-1
-1
-1
-1
19651280
-1
-1
19864738
20044601
19867579
-1
19610881
19636494
-1
20023029
20029275
19781048
20097979
20017488
20017491
20046140
20004615
-1
19746823
19748727
19665478
19842172
19748538
19771996
20105925
19908776
-1
20849372
-1
-1
19915580
20570262
19569977
20005812
19729719
19655956
19740504
19795272
20285573
-1
20074765
19968473
19563325
20712143
25322615
21337676
21336517
20061530
-1
20832246
20778008
20029606
20852830
20778027
20768622
20888854
20888858
20778053
20822345
-1
-1
20165610
19801913
20011679
19723410
20139609
20014088
-1
20222756
20140802
20222974
19664985
20776394
20426896
20426897
20082458
20219524
-1
19850777
19558854
19835462
19689484
19637213
19580102
19710472
-1
20498440
25716842
20086215
19826400
20078375
19657389
20037453
20081021
-1
20008251
19581327
20228813
20142233
20074139
20053306
-1
20060807
21337826
19905831
20073420
20073421
19763962
-1
-1
-1
-1
-1
-1
-1
-1
-1
-1
-1
20072755
-1
20073078
-1
-1
-1
19600064
19681362
-1
-1
20013558
20283030
20852363
20219200
20091516
20091521
20091529
20470070
-1
20054664
20172341
20085135
20047212
21333876
-1
-1
-1
-1
-1
-1
-1
-1
19913336
20044990
-1
-1
-1
-1
-1
-1
-1
-1
-1
-1
21241638
21241331
21241397
21217335
-1
-1
19672823
-1
19842451
-1
19559171
-1
20042501
20042502
20042505
20042509
20042513
20042516
-1
19586698
-1
19619833
-1
20760870
-1
-1
-1
-1
20203300
-1
20690476
21254822
-1
21197746
-1
20041723
20039710
-1
-1
20203294
20203298
-1
19604998
19848529
19607094
19558864
20208289
20756301
-1
-1
-1
-1
-1
-1
-1
22589542
-1
23202990
-1
23119351
-1
-1
-1
-1
20091974
-1
23200883
20514322
-1
-1
-1
19759597
-1
-1
20015051
-1
20852996
20852997
20852987
20852992
-1
19747554
-1
19749004
-1
-1
-1
19552363
-1
-1
20027146
20001666
21293545
20049156
19570016
21289022
19555879
20004740
25304461
21296572
-1
-1
19618133
20082935
19633365
20003579
20017088
-1
19566403
19567370
-1
19558386
-1
19630749
19638541
19568943
-1
19555511
19592164
19807545
-1
-1
20170723
-1
19680413
-1
20000711
-1
20175968
21345674
-1
19571800
20746848
19615450
20283335
19629433
19551843
-1
20180327
-1
20005294
20005933
-1
19565918
20030382
21673973
19593688
19577121
19724880
19562563
19692783
19586810
-1
19580196
19614579
20016242
21135163
19571138
19635615
19876810
19580473
-1
19730841
-1
19562430
20024459
-1
19578825
19655499
-1
19584118
20034394
-1
-1
20005450
19679756
25537979
19626018
19558655
20849080
20713377
19606946
20852876
20668237
-1
-1
-1
-1
20003163
-1
-1
19561748
-1
-1
19803294
-1
20768988
21196996
20743296
19614803
21333313
20067886
21190155
20009056
-1
19812678
-1
21392935
19570364
19553309
19588015
19570139
19555870
19607112
-1
-1
19909318
-1
19667696
19706630
20006105
-1
-1
-1
19854647
19746143
-1
19674552
19604685
-1
19550597
-1
-1
-1
19832750
-1
19832852
19832856
19616948
19832877
19617777
19593807
19581623
19572259
-1
-1
19969402
-1
-1
-1
-1
20015764
-1
-1
-1
-1
-1
-1
19553107
21290926
-1
19691725
-1
19687303
19718692
19562932
19559426
19691914
19602326
19661550
19760604
19604856
19596005
-1
-1
19681943
19680271
-1
20061800
19677113
21281456
19667687
-1
-1
19598237
-1
-1
20528130
20585687
20593415
-1
20164100
20677957
20638988
19699663
-1
20133436
19550651
-1
19603739
-1
19672566
19639503
-1
19821927
19763024
-1
19755634
19756039
-1
19622249
-1
19586322
19865037
19656064
-1
-1
-1
19649019
20064280
19924827
19566332
19999189
-1
19554262
19620818
-1
19608732
-1
-1
-1
19569015
-1
19570723
19550299
19565971
-1
-1
-1
20515637
-1
-1
20178701
19552559
19680161
19589635
19670608
19627109
-1
19641272
19923007
19581598
19901815
19598981
20755667
19579359
19569709
-1
-1
20083237
21867772
19897042
21868244
20048866
19554773
21864087
19608759
21867967
-1
-1
-1
-1
19666011
-1
-1
20074539
20273294
-1
-1
19922348
-1
19604166
-1
21187781
21329652
-1
-1
-1
20007106
-1
20102654
20141655
20140395
20059248
19893860
20095899
-1
20140391
-1
19621861
20095934
20014825
20095929
20176429
19571075
-1
19555634
20099540
19563382
19766367
19884300
19732621
19797855
19876552
19758047
-1
19608600
20896541
20896545
19575436
19553773
19698997
19612371
19553447
-1
20140601
-1
19850763
19601554
20141654
-1
19753540
20018673
19771323
19551691
20758087
-1
19552643
-1
-1
19758633
-1
20170263
19553834
-1
-1
19870456
19875329
19849219
19863439
19886306
19953160
19922848
19966005
19922172
-1
-1
20044925
-1
19797775
-1
20751355
20024653
20658856
20658860
21830539
-1
19830322
19868888
19650869
19723962
19588832
-1
-1
20060130
20875250
20096704
20008778
21446676
21446677
20175485
-1
-1
19786466
19804204
19556626
19554340
19871044
19629803
-1
19701006
21197934
19822910
25790398
19602589
-1
20003981
20004257
20004274
20003963
-1
20003939
20003962
-1
-1
20060030
20171606
-1
19651814
20039315
20081422
19550664
19654515
19640861
-1
19561661
19829099
-1
-1
-1
-1
-1
-1
20009908
19772381
19916012
20069161
-1
19851312
-1
20758912
-1
19557071
19649773
-1
-1
19587330
-1
-1
-1
19595716
-1
19831054
19830683
19595213
19743081
19577299
-1
20225225
19687740
19676625
19553737
21826020
19805974
19603327
-1
-1
-1
-1
19557992
19659980
19928827
-1
19580359
-1
-1
19554633
20039221
19553692
19580028
19583132
19556085
19657536
20016368
-1
19553697
19939026
19642442
-1
20062129
20755113
19558815
19921496
-1
19569364
19570295
-1
-1
-1
19861532
19806427
-1
19600554
-1
-1
20060261
20060264
20060266
-1
-1
20165636
19910496
20084724
-1
-1
-1
-1
20022037
20022039
20016287
20014866
20047224
20011695
20011698
20011699
20009481
-1
20753685
-1
19863589
-1
19605321
-1
-1
20672467
20672471
19662541
-1
19553284
-1
19706655
19706724
20001323
-1
-1
-1
19554549
19596599
19587172
19564208
19669014
20061354
-1
19553262
19553051
-1
19724362
19652887
-1
19576638
-1
19890518
-1
-1
-1
-1
-1
-1
-1
-1
-1
19645563
-1
20085937
19885511
-1
20074233
-1
-1
-1
-1
23834057
-1
19620293
19762382
19634138
19637957
19598607
19625167
19577847
19662516
-1
19766848
21238418
-1
19799088
-1
20205787
19556554
-1
-1
19557670
-1
19858820
-1
-1
-1
20226843
-1
-1
-1
19661861
-1
19557810
-1
20010832
19558447
19793942
19552536
19762084
19555639
21200759
-1
19553101
19550361
19550363
19555978
19550410
19550701
-1
-1
-1
-1
-1
19589933
19568407
-1
-1
-1
-1
19610491
-1
19555448
19556105
-1
-1
-1
19570162
20169014
20690042
19872270
19634814
19817187
19647623
19590269
19850023
-1
19559619
19647868
19565681
19723212
20073545
-1
20004062
-1
-1
20030876
-1
19654612
19551955
-1
25297212
20015939
20019297
-1
21330388
20082116
19794204
20181772
19926642
20083084
20046090
19777263
19909981
19619199
-1
21285020
21306374
-1
-1
-1
19579052
-1
-1
19659652
19679893
20011504
20025871
20019171
21302267
20373115
-1
21670010
21670015
19776275
19885399
19780359
19841112
19955358
19666008
-1
21666476
-1
-1
19661950
-1
-1
-1
-1
19629271
-1
19860957
-1
19910998
-1
-1
-1
19661676
-1
19901100
-1
-1
20044689
19624535
-1
19645023
-1
19592573
-1
-1
19644164
19554513
19638777
19678593
19615438
19587639
19961172
19638835
-1
19773616
19718999
20051926
20081413
19567782
19719819
20021827
19805804
-1
-1
19646920
-1
20004084
19600915
20784539
25314282
19634400
19653548
-1
19944056
19582655
19618927
21603435
19557683
-1
19619155
19618593
19843174
19681212
19911115
19703186
19638949
19612460
19684105
19846540
-1
19577402
19588459
-1
-1
19828561
20016291
-1
19628607
-1
-1
19581039
19610001
-1
-1
-1
19599173
20016770
19855668
19580023
19584997
19553426
19567129
19611845
19643705
-1
20689104
-1
19591312
-1
21770354
20558795
21770382
-1
19892055
19922146
19641850
19630451
20097789
20090242
20034651
21676152
19608114
-1
-1
21303925
20006588
20177969
20029329
19858470
20015978
20036179
20020210
20020213
-1
24336042
24336025
25119641
-1
-1
-1
20086002
21195056
20072889
20712791
20021355
-1
21245259
21258437
21292551
21258172
21504906
20231078
20080984
20708074
-1
19940174
19587323
20910018
19897363
19562765
21534646
-1
20915016
21287733
20849610
25346067
20231090
21728446
20708071
21738375
21684940
-1
-1
20040295
19731527
19966975
-1
20083619
-1
19734732
-1
19550468
19817954
19612064
19620851
-1
-1
-1
-1
-1
-1
-1
-1
-1
-1
-1
-1
20598781
-1
-1
21327588
21194303
19560470
19651073
20493032
19602363
19929408
19840822
21794750
-1
20012020
20015702
-1
20897180
21216979
21292098
21695099
19638267
21756320
20231095
20231098
19633413
-1
19691517
20009509
20045561
19936952
20020506
19612300
20756257
20674721
20756252
21291157
-1
20649873
-1
-1
-1
-1
-1
-1
-1
-1
20674816
21446783
-1
-1
-1
-1
-1
-1
19810439
-1
-1
-1
-1
-1
19550320
-1
-1
20925941
21660962
21281515
-1
-1
19594068
-1
-1
19861290
-1
19764001
19582117
-1
-1
21184357
-1
-1
-1
-1
-1
-1
19790671
-1
19566019
20024640
21249310
-1
-1
19692317
-1
-1
-1
20182052
20076532
19772383
19810574
21347854
19554220
20888887
21605142
19581647
-1
-1
-1
20005158
-1
19565017
20141984
-1
20897219
-1
-1
-1
-1
-1
-1
-1
20231125
20231129
20889782
20231114
20231119
20231121
-1
19561099
-1
-1
21220442
-1
-1
-1
-1
-1
-1
20742454
-1
-1
-1
-1
-1
20066418
-1
19591770
-1
20744136
21767646
-1
20682039
19907637
20761184
20019323
20412755
-1
20600624
-1
19813051
20032204
-1
-1
19767106
19912651
19825916
19635688
20677937
21201198
21201200
19605022
20015197
19638676
-1
20078267
20544305
19576020
20751921
20019563
20140921
20012022
20223876
19619424
21595837
-1
21446770
21795315
19961464
21505374
23357510
20018596
20016888
19917987
-1
-1
-1
-1
-1
-1
-1
20746089
-1
21247896
-1
20889750
-1
19571890
20049316
19573464
19561566
19560604
19910976
19603369
20016014
-1
19756626
20207110
-1
20138292
19564437
20135228
20166341
20036510
19649389
19874171
20062614
-1
19568565
19584287
19553899
19880559
19568267
-1
20669697
19652296
20049151
19924736
20681921
19642289
25722924
20655553
21792308
20663209
-1
20896883
19759068
19617289
20777677
20669340
20904732
19630667
20942925
-1
25166578
19556413
20765391
19557142
19851246
-1
20005610
19598771
19589661
19732011
19644923
19604880
21335090
-1
20031291
20139951
19873553
-1
-1
-1
19575450
-1
-1
-1
19572210
19553240
19553053
-1
20097130
-1
19795344
-1
-1
19942394
-1
-1
-1
-1
19826289
-1
-1
-1
20021270
19550519
20712732
19569262
19583617
-1
-1
-1
-1
25208955
-1
19788923
-1
-1
-1
-1
-1
-1
21785557
25443422
25443320
-1
-1
-1
-1
19771196
-1
-1
20031566
-1
-1
-1
19632420
-1
19596334
-1
20011837
19552612
19598070
-1
20171793
-1
-1
19627873
19613978
-1
19828478
-1
19750576
19862780
19834993
-1
-1
-1
19842312
19839146
19655749
19692645
20026621
19905867
19886535
19886540
19750133
-1
19590606
-1
19567123
19889356
20004736
20009846
19577036
19777769
19565072
-1
20755189
19632226
20755201
20041591
20036906
-1
-1
20101363
-1
-1
-1
19944900
20143475
20035011
20009816
-1
-1
-1
-1
-1
-1
25123380
19698571
19663104
20075511
21240269
-1
-1
19956174
20031399
20011671
20080512
19574939
-1
21692934
-1
21730267
-1
-1
23715978
22928434
-1
20033303
20062448
20076138
-1
19559418
19564432
19575150
20059598
20010134
19559472
19619617
-1
19551566
19584891
19558186
19638671
19564203
19554490
-1
19670687
20014649
19609906
19828189
19618311
-1
19654433
20058861
-1
-1
-1
-1
-1
-1
-1
-1
-1
-1
-1
20775291
20076407
-1
20182598
19592887
19592898
19592888
20073560
-1
-1
-1
19572393
19618482
19645707
19611625
-1
19700418
-1
-1
-1
25741620
20096379
20018581
19615387
19581054
25851292
20077041
19701137
20682120
-1
20170484
-1
21198452
20383397
19909840
20072209
-1
19796861
19750650
19554193
20002089
20165781
-1
19724508
19861902
19691923
20009452
-1
20008365
20167733
20038905
21302248
19565527
19550496
-1
-1
19750813
20211223
19676433
19574779
19603684
20813416
19722939
-1
-1
19844062
-1
19670278
-1
-1
20761446
19749690
20102496
19847656
-1
-1
19955859
19683461
19621546
20061521
19611195
-1
-1
19877542
19552153
-1
-1
-1
19602302
19643169
21324564
19673543
20089252
20016812
19933761
19571082
-1
19673764
19598228
19681246
19694161
19658996
19676283
19658654
19657155
19641365
-1
-1
-1
-1
-1
-1
-1
-1
-1
-1
-1
-1
21183788
20675790
20675782
20709528
20744816
21290940
20122400
20122402
21333205
-1
19844227
19611014
19599193
19572744
19560416
19588587
-1
-1
19554613
19923064
-1
-1
21334905
-1
19568831
19875586
19605788
19650607
19597008
25551359
19601402
19617732
-1
19568138
-1
19609879
-1
20030406
20475659
20053157
19640419
19818366
19958042
20086075
-1
19662086
19563734
19576442
19813818
-1
19557067
19581187
19888995
-1
-1
19683170
21764039
20142755
19678141
20002362
21279208
20048878
20848782
-1
19787895
19961007
19737690
-1
-1
19628533
-1
-1
19675092
-1
19797056
-1
-1
-1
-1
-1
-1
-1
-1
-1
-1
-1
21872694
-1
-1
21712316
21866570
21869851
21872983
-1
-1
21607700
21865942
-1
-1
-1
-1
19623525
19573596
19830939
-1
19618080
19599157
19588723
19916470
19769031
20775878
19961938
-1
19815387
19616538
20848671
19739930
19634641
20059986
19646315
19754334
-1
-1
25175215
21534872
-1
-1
-1
20030186
19602721
-1
-1
20183854
-1
-1
-1
20009168
-1
-1
-1
-1
19633046
19619847
19859600
19653314
-1
-1
19556775
-1
-1
-1
21536789
-1
-1
19757393
-1
20083743
19887666
19551243
19685802
19627032
19676313
19698587
-1
-1
-1
20005517
20097535
20135425
20845776
21265080
25044193
21269253
20420718
19846413
20105836
-1
19740966
-1
19743721
-1
19673988
19612940
19617976
19632980
19555359
19562241
19819989
19551419
19967967
-1
-1
19581584
-1
19649126
19699014
20076060
20008923
-1
20029109
-1
23565237
-1
20046051
19627203
-1
20598969
20491689
20402081
20598924
20476665
20477519
20398151
20374655
20402080
20398627
-1
19803488
20030051
20061156
20036808
20016366
20757530
19807407
-1
19913039
19623385
-1
19558723
20613884
-1
19572253
-1
20463469
20547509
21528493
25398323
-1
19878552
21763040
20084923
19843399
19768930
19650614
20008470
20682903
20036796
19583072
-1
21263367
20100311
21240497
20095616
20896512
20765405
20768537
-1
-1
-1
-1
-1
-1
19564189
-1
19591985
19685763
19560939
-1
-1
-1
19568150
-1
-1
20052025
19617864
-1
-1
-1
-1
19608526
20074949
-1
-1
-1
20045531
-1
-1
-1
19553740
-1
19576268
19555842
-1
19551344
21292517
-1
20105610
-1
-1
-1
20170602
-1
-1
-1
-1
19550763
-1
19840694
-1
-1
20001571
-1
19967083
19967088
19967090
-1
-1
19747197
19833380
20071404
19873927
19790963
20884100
-1
20097901
21864776
-1
-1
19552826
-1
-1
19608617
-1
20068204
-1
19655044
19599037
20028712
21665740
-1
-1
19809035
-1
-1
19566663
19793578
-1
19609813
19728072
19856376
20165653
-1
20133906
19844581
20134742
20105333
-1
-1
-1
-1
19595689
19559687
-1
20004076
-1
-1
19569286
19588453
19679117
19582307
19589877
19902240
19580175
-1
19839752
-1
-1
-1
19564520
-1
-1
-1
-1
-1
-1
-1
-1
-1
-1
-1
19556219
19576829
19595431
-1
-1
-1
-1
-1
19590712
19614124
-1
19561636
-1
-1
19831044
-1
-1
-1
-1
19576279
20052554
19552617
19567306
19567675
19557323
19570418
19580276
19557739
-1
19561908
19875618
19577854
20768078
19592366
-1
-1
-1
19647471
-1
19761575
-1
21672732
20009538
20009532
21285818
20029788
25529645
20044667
20773057
-1
20050595
-1
19597109
-1
19594812
19608071
23546167
20467710
20403750
-1
-1
-1
-1
19606664
-1
19566496
20006199
19574985
20006143
23559540
20397425
20444500
-1
19809659
-1
-1
-1
-1
-1
-1
-1
-1
-1
-1
-1
-1
19731706
-1
-1
-1
21180190
20007635
19722624
19836673
19825120
19625254
20020940
19695296
19754532
-1
-1
20682224
20681124
20020874
20020875
20681153
20045541
20047055
20012346
20681273
-1
19588071
19553595
19558169
19552465
-1
19965405
-1
19965249
19607849
19843887
19563838
-1
-1
-1
19564529
19710481
19563832
-1
25237720
20606063
-1
19569528
19650971
20086011
19771234
19593308
19638752
19954498
-1
19673225
19683200
19586013
19586017
19686215
19834939
-1
20013272
19791805
19623365
19653450
19607854
19710311
20653600
19698893
-1
20047817
-1
-1
-1
-1
20056443
19618803
19682597
19624264
20016496
19637704
20006812
20020147
-1
-1
-1
-1
19555837
-1
20073587
20100697
19652880
19924954
19924957
19924959
-1
19560541
19599086
-1
-1
20003086
-1
-1
-1
-1
