502264458
38549630
566082125
458836503
502264458
461565387
38549630
566082125
559532196
331786281
26198111
458836503
566805911
38549630
435105024
461565387
38549630
337394917
589252438
590559484
362563549
445928368
355785610
590963595
534004095
420340759
591074095
403557577
391984011
26198111
337394917
38549630
461565387
582504572
449260223
461565387
454258355
589252438
37186058
502264458
436704216
38549630
37186058
590963595
436704216
521677569
583998922
591074095
347588062
430446652
461565387
489395319
589252438
597624042
559532196
591016823
362563549
436704216
337394917
559532196
591074095
559532196
589252438
387903356
559532196
591074095
37186058
391984011
337394917
559532196
362563549
559532196
362563549
559532196
362563549
362563549
591016823
38549630
591016823
559532196
591074095
323758026
559532196
559532196
559532196
337394917
590883179
591414418
472649271
582504572
583998922
589252438
591053089
461565387
588217225
587079926
38549630
502264458
505718395
38549630
354937547
458836503
502264458
559532196
331786281
458836503
502264458
337394917
354937547
458836503
37186058
26198111
458836503
403557577
502264458
337394917
559532196
502264458
337394917
559532196
334555057
336567801
362563549
430446652
559532196
458836503
337394917
362563549
362563549
337394917
362563549
337394917
333685903
362563549
436704216
38549630
559532196
322410923
502264458
362563549
334009871
337394917
408497082
559532196
362563549
445442557
454825421
502264458
461565387
436704216
386903909
394339303
372151672
37186058
358804514
337394917
354627757
337394917
566805911
505857752
337394917
362563549
502264458
362563549
502264458
431938255
391984011
362563549
494282998
337394917
362563549
436704216
337394917
362563549
559532196
457297018
394339303
453378721
387903356
362563549
559532196
502264458
362563549
337394917
458836503
362563549
391984011
362563549
430446652
337394917
362563549
362563549
559532196
502264458
362563549
337394917
362563549
559532196
337394917
362563549
355101931
337394917
362563549
337394917
362563549
559532196
337394917
559532196
537361418
559532196
362563549
337394917
362563549
362563549
502264458
38549630
357204884
38549630
440227804
566082125
357204884
38549630
26198111
521677569
435337009
354937547
37186058
465660888
38549630
454258355
37186058
502264458
461565387
334555057
337687852
337394917
333861664
559532196
429424041
471273216
362563549
502264458
394339303
362563549
502264458
337394917
362563549
502264458
337394917
362563549
502264458
337394917
502264458
357204884
359162712
362563549
502264458
337394917
37186058
533595767
502264458
435001438
454234970
378370737
430446652
502264458
362563549
337394917
332387721
430446652
502264458
394347141
337394917
382535865
430446652
502264458
324145003
337394917
354937547
362563549
425908019
362563549
337394917
502264458
591053089
442340366
337394917
523892194
337394917
445442557
347588062
362563549
337394917
26198111
391350001
337394917
362563549
321256035
337394917
385800480
362563549
590963595
337394917
502264458
362563549
394339303
386951915
337394917
533595767
362563549
502264458
333685903
436704216
362563549
559532196
502264458
394339303
485807664
362563549
559532196
337394917
333685903
352890128
362563549
337394917
394697401
395304621
337394917
394059210
394347141
392776617
394339303
337394917
322410923
362563549
391984011
559532196
405081604
362563549
337394917
394566722
362563549
559532196
337394917
350401177
591053089
559532196
337394917
590559484
362563549
559532196
337394917
362563549
435795338
337394917
38549630
362563549
502264458
337394917
362563549
38549630
337394917
591074095
559532196
362563549
337394917
433679263
559532196
350838413
337394917
446376444
347588062
378370737
389345903
337394917
362563549
465470695
337394917
502264458
493684052
337394917
502264458
38549630
588867766
322410923
593336598
38549630
559532196
38549630
403557577
559532196
387903356
458836503
333685903
559532196
322410923
337394917
559532196
386903909
436704216
442763893
521677569
337394917
347588062
362563549
592057692
436704216
457297018
448806269
362563549
592057692
559532196
362563549
559532196
355101931
456925618
37186058
513509571
362563549
590963595
334555057
559532196
583622130
