449585840
511786660
587084127
450177147
335650751
449585840
304846220
445042851
449585840
438714249
524175510
280402448
449585840
586606126
478035643
567253805
586606126
438714249
362788804
549229541
439689244
447504588
458740077
335650751
458740077
335650751
540151234
563118968
397751632
449585840
448188000
448188000
335650751
567253805
562563592
572936118
501210095
562563592
327138455
323108507
438714249
540151234
562563592
549229541
563118968
458160308
316927888
589926180
524175510
458740077
392785338
456002148
430512850
548915895
449585840
447975954
336819313
455897746
586606126
589926180
589926180
588664152
499122517
549229541
588664152
430512850
406185900
567253805
555386728
356422799
444755584
449585840
450532090
589926180
567253805
449585840
362788804
580784889
458740077
42070596
393719999
42070596
393719999
444755584
587336538
392785338
586606126
562563592
567253805
478452945
562563592
562914258
567253805
327138455
392785338
562563592
567253805
455587255
499122517
567253805
511111476
508051645
534227528
589068314
452046500
327138455
582249992
600766914
588860316
561938943
478035643
580784889
587084127
567253805
611018111
584391923
562943405
567253805
603821680
562563592
341342969
585437205
554326880
606846302
397751632
448793606
588860316
517849119
455545763
499122517
589052073
508874191
589052073
508874191
473523126
562563592
603821680
534227528
587084127
600766914
472216246
297591947
540151234
586606126
472216246
343348904
514715437
611167722
585941162
587336538
431551082
454733352
454733352
297591947
495917389
458740077
534227528
560297683
397751632
297591947
449585840
511786660
21224528
423963353
562563592
449585840
567253805
469713248
300419422
335650751
567253805
448793606
508874191
495529084
276208762
449585840
284125578
540151234
584668665
449585840
343348904
508874191
444755584
445042851
489561412
427380306
472216246
473523126
489561412
448793606
362788804
449585840
586606126
422637317
549229541
567253805
448188000
422957444
563118968
553153375
458740077
489561412
587867705
329162731
432980488
562940849
567253805
587336538
486722414
570816225
40536713
458160308
427380306
508874191
562563592
458740077
577227340
544063523
461168133
438714249
548915895
449585840
448793606
540151234
581693625
588860316
397751632
327138455
406185900
562914258
448793606
439002682
534227528
449585840
423963353
540151234
449585840
586606126
327138455
567253805
449585840
424265606
375523865
26403580
585437205
39643693
444218988
472216246
508874191
448793606
502695062
392785338
534227528
540151234
21224528
588860316
297591947
40536713
540151234
588860316
501210095
499122517
517849119
534227528
587084127
335650751
397751632
466344740
499122517
478452945
567253805
397751632
455734087
589926180
397751632
582249992
567253805
584668665
587678819
297591947
335650751
562914258
581629806
438714249
486722414
472216246
562943405
438714249
22444325
534227528
375523865
540151234
562563592
455587255
375523865
461168133
587585341
327138455
562563592
567253805
537706015
508874191
524175510
327138455
427380306
563118968
438714249
454733352
430512850
458969674
397751632
427380306
472216246
455897746
560297683
449585840
511786660
439689244
501210095
540151234
449585840
445042851
280434701
450177147
363281643
524175510
449585840
458706368
553827484
300419422
553827484
518002127
423719681
449585840
589052073
586097485
335650751
524175510
21224528
587084127
567253805
392785338
343348904
327138455
335650751
578828824
534227528
581215428
449585840
448188000
580784889
495917389
473478168
587084127
427380306
486722414
268553122
546890615
577227340
21224528
499122517
334815265
548915895
449585840
280434701
39643693
406185900
562563592
335650751
28058161
585543859
584352476
449585840
458740077
580784889
375523865
449585840
549701825
486722414
449585840
540151234
478452945
427380306
567253805
562563592
418795684
39643693
362788804
438714249
456002925
447504588
458740077
573092663
562914258
293834845
323108507
392785338
472216246
508874191
472160726
473523126
444755584
499122517
444218988
563118968
63220339
316927888
562914258
586606126
567253805
458740077
397751632
573092663
284125578
562563592
518590737
439002682
587084127
540151234
452046500
582249992
458740077
534227528
589926180
461168133
587084127
589052073
586999681
451522813
444218988
562943405
508874191
438714249
534227528
584352476
586917582
397751632
540151234
549431184
308659897
540151234
567822080
439689244
452046500
327138455
454733352
423963353
581693625
472160726
397751632
481609226
463510939
472216246
540151234
560297683
555066979
458740077
297591947
327138455
548462435
404339550
449585840
511786660
580784889
448569872
563118968
449585840
473523126
412225268
377482352
327138455
449585840
40536713
397751632
508874191
449585840
585735679
449078992
452046500
439689244
456002925
316927888
390211801
439689244
539543451
39643693
534227528
458740077
449585840
448188000
421780169
508874191
421780169
561938943
586999681
472216246
444755584
501210095
561938943
580784889
562563592
471435164
563118968
585437205
562563592
486722414
470118073
548915895
449585840
508874191
456366757
586999681
588654380
585543859
67398696
511111476
489561412
406185900
449585840
458740077
397751632
523424945
21224528
449585840
508874191
521754456
335650751
449585840
540151234
581693625
587084127
284125578
447975954
589052073
447504588
472216246
486398031
561536668
388622019
397751632
422957444
540151234
345001417
392785338
454426202
422637317
427380306
567253805
562563592
445042851
327138455
585941162
549663412
536674986
587084127
582249992
588675082
581693625
430512850
561938943
397751632
562943405
472160726
588860316
486722414
586606126
431551082
472216246
444218988
549229541
589068314
472216246
540151234
452046500
456366757
442049252
540151234
580784889
521098765
584668665
427380306
468832311
584352476
549431184
534227528
562563592
508874191
458740077
540151234
563118968
585735679
454733352
478035643
336819313
449776662
415568624
489561412
564390097
589068314
540151234
534227528
560297683
472160726
587336538
418795684
555066979
540151234
548462435
404339550
534227528
449585840
511786660
513507724
327138455
304846220
449585840
433906217
449585840
563118968
581522408
341342969
375523865
442049252
456366757
449585840
544325090
567253805
539543451
327138455
589068314
567253805
586606126
562563592
443413503
507281921
302033972
478052393
297591947
449585840
478052393
354648697
448188000
40536713
580494163
480661995
549802990
336819313
587084127
428446157
50748307
577227340
540151234
439689244
548915895
449585840
449585840
489561412
419582770
391707300
406185900
561938943
449585840
562914258
427380306
561938943
489561412
449585840
508874191
