326941084
525899862
276015182
480454026
375532701
276301692
380400254
276393908
329439164
365466966
276301692
380400254
381650374
268835976
276301692
480454026
492972666
336366002
276301692
326941084
276044793
480454026
276301692
326941084
336366002
329439164
308034488
276301692
326941084
327005121
276015291
380400254
276301692
492972666
484794211
308034488
336366002
394979240
492972666
329883026
376204941
308034488
480454026
276015182
327005121
326941084
336366002
276393908
492972666
525899862
326941084
336366002
308034488
480454026
329883026
326941084
308034488
492972666
326941084
336366002
365466966
268835976
308034488
336366002
548542465
329883026
276015182
276043240
370781872
276393908
399429182
480454026
276393908
375532701
276015182
492972666
394979240
268835976
276015182
326941084
329883026
380400254
308034488
276015182
326941084
387280787
308034488
276015182
326941084
308034488
276015182
399429182
492972666
548542465
308034488
483199320
399429182
492972666
336366002
276015182
480454026
369594645
492972666
329439164
308034488
480454026
492972666
276043240
378632000
327005121
492972666
269780714
336366002
548542465
326941084
276015182
336366002
548542465
326941084
276015182
492972666
548542465
268835976
326941084
308034488
336366002
480454026
548542465
492972666
276015182
492972666
276015182
329883026
492972666
276015182
548542465
480454026
514924953
548542465
276015182
336366002
514985666
548542465
276393908
492972666
480454026
514924953
