64732104
65808046
514622339
64732104
65808046
514622339
64732104
266680907
290715930
64732104
65808046
268265240
64732104
65808046
276764965
268265240
64732104
65808046
266680907
268265240
514622339
64732104
65808046
64732104
65808046
67950527
276764965
64732104
65808046
268265240
276764965
265007602
64732104
65808046
276764965
64732104
65808046
276764965
64732104
65808046
264341715
276764965
64732104
65808046
264341715
64732104
264341715
64732104
64732104
64732104
64732104
64732104
64732104
64732104
