339359560
338530708
310538255
339359560
63550962
283091823
459907811
339359560
374839722
283091823
338530708
458409992
459907811
339359560
283091823
338530708
459907811
283091823
338530708
308526741
59630329
338530708
340939353
339359560
339359560
310538255
323726422
283091823
338530708
429184967
344349262
338530708
283091823
384577548
338530708
372450795
283091823
459907811
339359560
338530708
283091823
63550962
338530708
376445657
283091823
339359560
390387752
283091823
437055813
349061168
376445657
495264787
304438882
334282986
338530708
283091823
310538255
495264787
573565682
283091823
310538255
338530708
283091823
432771188
371903380
23073442
283091823
339105346
339359560
283091823
459907811
338530708
340939353
310538255
283091823
315476920
338530708
459907811
283091823
304438882
338530708
283091823
401935922
573565682
358864791
283091823
459907811
278616095
358864791
283091823
338530708
430180582
398670294
338530708
283091823
459907811
338530708
283091823
377226643
495264787
338530708
283091823
59630329
338530708
283091823
398670294
338530708
283091823
338530708
283091823
465308528
285791753
61919030
338530708
283091823
455401338
401935922
338530708
283091823
340939353
283091823
290830558
334282986
338530708
283091823
19698021
472110906
327280260
338530708
283091823
283091823
408479412
338530708
283091823
338530708
283091823
358864791
338530708
327280260
338530708
283091823
283091823
338530708
283091823
283091823
338530708
283091823
283091823
283091823
338530708
339359560
338530708
310538255
358864791
339359560
338530708
458409992
495264787
339359560
304438882
432288744
376445657
338530708
304438882
574840574
283091823
339359560
283091823
377226643
327280260
340939353
307912866
338530708
574840574
459907811
283091823
398670294
338530708
304438882
579065606
338530708
283091823
308526741
338530708
465308528
579065606
19698021
283091823
573565682
574840574
61919030
283091823
338530708
573565682
327280260
495264787
584516544
579065606
573565682
408479412
573565682
283091823
574840574
338530708
584516544
495264787
338530708
495264787
338530708
358864791
574840574
579065606
579065606
500536928
283091823
376291540
530169949
