447075076
436020700
37865162
436020700
37865162
544872309
436020700
37865162
436020700
447075076
37865162
436020700
37865162
447075076
436020700
37865162
436020700
37865162
37865162
436020700
37865162
436020700
37865162
436020700
37865162
436020700
37865162
436020700
37865162
37865162
436020700
37865162
436020700
37865162
447075076
37865162
37865162
37865162
436020700
37865162
436020700
37865162
436020700
37865162
447075076
37865162
447075076
37865162
447075076
37865162
447075076
37865162
37865162
447075076
37865162
447075076
37865162
37865162
447075076
447075076
447075076
37865162
447075076
