301420651
41971914
309153917
29540403
40485012
490141116
579403105
37124942
490141116
30319441
37124942
490141116
439050258
37124942
490141116
68348175
405572627
605235126
37124942
490141116
413293313
405572627
522084520
37124942
490141116
561070789
405572627
68348175
490141116
348228369
68348175
490141116
512620850
68348175
490141116
31994174
68348175
310159441
64685477
490141116
68348175
310159441
452646952
490141116
64685477
357434130
61178105
490141116
605235126
68348175
490141116
609758425
64685477
68348175
413293313
490141116
27337358
271168050
68348175
413293313
490141116
37124942
405572627
68348175
413293313
490141116
319716544
405572627
68348175
413293313
490141116
26955146
68348175
413293313
490141116
37124942
64685477
68348175
413293313
490141116
346504041
68348175
405877082
490141116
37124942
267225821
68348175
490141116
31994174
444914178
68348175
490141116
610979934
68348175
64685477
490141116
413293313
37124942
68348175
605235126
490141116
413293313
68348175
589693312
490141116
413293313
68348175
37124942
31994174
45381025
490141116
68348175
611108760
413293313
346504041
68348175
287772301
64685477
413293313
64685477
65458080
68348175
490141116
413293313
293998234
68348175
490141116
26841154
413293313
68348175
490141116
68348175
544603853
276687260
413293313
490141116
68348175
611168154
37124942
490141116
68348175
22861746
413293313
63584234
68348175
29540403
490141116
413293313
68348175
33778487
346504041
490141116
68348175
605235126
26841154
413293313
582751745
68348175
21146735
68348175
605235126
589693312
413293313
68348175
486829519
68348175
405572627
605235126
68348175
413293313
68348175
426078063
413293313
601478399
68348175
589693312
389887952
20591859
37206322
35499460
37206322
64685477
544603853
37124942
350783556
337898721
576553085
561070789
490141116
298140104
37124942
494198326
267225821
571105965
35165850
37124942
405572627
504017442
32107704
37124942
512620850
490141116
396278645
46129772
348507458
38702585
439050258
40485012
29540403
31970904
64426708
522084520
404067462
327047518
41156195
438918196
46129772
37124942
29540403
35165850
571423230
413293313
426078063
29540403
31994174
48404943
413293313
350773372
41156195
64685477
589693312
405572627
40485012
509988783
569333908
490141116
511427712
589693312
31994174
45381025
512620850
589693312
31994174
453348798
37124942
577668474
490141116
413293313
37124942
522635113
37124942
26067169
301868109
31405289
327047518
413293313
490141116
310159441
20078229
20596274
490141116
62279183
469797016
26952044
405572627
406799663
469797016
490141116
355452076
45381025
405877082
21864589
37124942
31994174
565116942
27954472
64685477
31994174
413293313
64685477
307497935
579403105
323919339
426078063
27749522
283330691
561070789
266691535
426078063
37124942
405572627
566714043
64685477
37124942
425747968
267240292
293998234
68348175
346504041
