391991742
327834017
495480696
391991742
30728908
327834017
56574329
391991742
30728908
327834017
56574329
269047502
30728908
391991742
327834017
56574329
269047502
30728908
327834017
56574329
38658508
30728908
408051331
391991742
56574329
30728908
501165867
56574329
454060935
408051331
391991742
56574329
408051331
391991742
56574329
327834017
269047502
56574329
391991742
327834017
56574329
391991742
30728908
56574329
408051331
56574329
408051331
436720078
408051331
56574329
272406075
408051331
56574329
269047502
327834017
408051331
56574329
269047502
501165867
408051331
56574329
453066745
408051331
327834017
56574329
56574329
56574329
56574329
56574329
56574329
56574329
