19678996
363333810
271793078
355718760
589899207
271373354
300600707
402777395
280945783
391706036
20893170
354186595
391706036
336254191
385060121
391706036
433922468
277998800
59247471
285886605
470416301
19678996
384640109
470416301
391706036
35020877
276532475
336254191
317310759
25015684
276520041
305260042
271373354
391706036
385241418
20893170
19678996
299049740
391706036
336254191
318735432
303126656
263593215
336254191
316818446
320410477
334881398
354186595
50982965
513087504
334881398
391706036
387068335
391706036
355718760
19678996
314415372
278291932
337391328
336254191
433922468
285325820
290749687
364294694
19678996
322212563
278656805
374445298
277297915
433922468
363333810
399138743
323275313
277297915
320410477
364294694
307550450
59662288
592037034
355718760
364294694
323275313
385060121
357627858
320410477
24421299
322262542
355718760
323275313
354186595
465694430
324113703
470416301
433922468
264286321
363333810
385060121
363333810
374445298
439874539
51909501
470416301
323275313
277998800
349287167
336254191
363333810
374445298
318735432
320410477
316818446
323275313
277297915
58212571
374445298
320410477
19678996
301431558
385060121
19678996
355718760
277297915
355718760
390359926
318735432
385060121
278386423
51909501
39152967
385060121
323275313
19678996
390359926
20893170
354186595
278656805
51550749
439874539
291260641
267105610
305559065
300600707
455990534
439874539
384640109
402777395
355718760
439874539
345500197
59662288
304905257
319376796
319662246
317951789
364493921
399138743
439874539
318735432
449589129
329568065
26897297
357627858
25015684
318735432
299049740
455990534
65029201
439874539
357627858
28359084
355718760
281887351
364065370
399451338
286764529
322245413
364493921
439992100
333734384
58402026
290749687
334370446
305174778
354186595
322212563
302961549
433922468
371957970
336254191
470416301
301765575
384465297
354186595
371957970
334881398
317951789
354186595
317310759
354510755
357627858
305174778
319662246
318526222
24528445
308990046
322245413
20893170
336344658
334881398
322964785
388394544
323275313
363333810
305559065
318735432
355718760
323275313
278656805
322673028
277727207
363333810
318735432
322212563
322262542
363333810
318735432
327671909
385060121
290749687
318735432
323275313
278656805
396145811
317951789
324113703
26343177
355718760
51909501
336344658
363333810
364294694
334881398
320410477
355718760
337391328
23833263
390359926
47936749
327947862
318735432
323257631
402777395
340888651
353983810
305260042
317731492
20893170
291191129
363333810
488220780
298733049
363333810
374445298
439874539
334881398
390359926
322262542
337391328
304740323
336254191
390359926
320410477
334881398
355428573
322212563
320410477
300600707
385060121
323275313
385060121
322212563
577306848
513087504
320410477
439874539
470416301
320410477
20893170
277297915
439874539
513087504
20893170
23910021
318735432
357627858
470416301
48139085
363333810
347042172
384640109
26614584
323275313
439874539
381764440
323275313
23833263
25951778
433922468
265974915
439874539
277661141
513087504
449589129
326242481
318735432
305282986
301431558
318735432
355064637
384473750
318328699
318328699
360286873
334881398
275076112
318735432
363333810
343847514
20893170
439874539
271373354
26401956
277297915
318735432
355718760
386771364
327764390
386621161
513087504
299049740
353983810
364294694
353983810
364294694
377947110
441088837
443430141
63180454
333012976
402777395
318328699
389026275
350872787
323087326
385060121
423816052
433922468
364446197
277661141
336254191
298685890
334872357
316818446
354186595
343847514
385060121
334872357
374445298
537489164
439874539
355718760
347042172
470416301
20893170
439874539
277297915
363333810
385060121
323275313
364294694
316818446
380789921
439874539
371957970
354186595
423816052
332977200
332977200
363333810
355718760
319662246
382381504
354186595
439874539
322847629
402777395
280673890
62411645
323275313
266061796
435221593
322262542
323730355
399451338
399451338
387654065
302368680
398696610
277297915
323275313
352346098
391706036
388394544
323275313
433922468
337536948
336344658
318735432
388394544
301765575
433922468
334881398
390359926
323275313
306619357
318735432
270193516
324595826
317310759
374445298
277297915
363333810
353921915
334881398
347042172
364197571
363333810
390359926
322964785
285000219
439874539
59633171
59633171
349047540
402777395
470416301
323275313
318735432
355718760
300600707
385060121
300600707
323257631
363333810
385060121
433922468
354186595
363333810
19678996
299049740
355718760
19678996
513087504
299049740
63846249
318735432
376204597
317688500
267105610
343847514
271373354
402777395
388348439
20893170
337536948
384848797
357627858
349818804
355718760
285886605
486060805
276532475
317310759
375106869
506358317
488220780
430430335
305260042
426577814
506358317
439992100
363333810
354186595
347042172
305559065
391706036
319662246
309241282
357627858
383668042
384848797
297050497
340888651
265974915
537489164
470416301
323889708
399443264
336344658
280673890
340082054
506358317
313469478
271373354
20893170
355718760
403926774
23833263
387242021
19678996
290749687
330283459
388760410
349047540
355718760
353465636
322847629
305559065
349047540
301431558
364446197
318735432
349287167
330283459
439874539
470416301
396141624
364294694
301651075
327671909
19678996
364446197
402777395
382509743
318735432
363118930
54004113
354356316
291205011
488220780
301814698
439874539
51728546
327671909
349287167
318735432
349287167
355428573
322212563
334881398
363333810
336254191
382509743
363333810
355718760
388541214
319662246
364493921
322212563
488220780
380789921
337507577
353506836
364493921
367144363
64606708
63180454
389505609
355718760
454565764
336344658
470416301
349047540
433922468
323275313
336571824
277998800
336344658
363333810
439874539
382509743
340082054
364065370
337585233
355718760
439874539
336254191
25836165
314797843
354510755
465694430
305260042
385060121
322262542
376204597
390359926
355718760
341511090
363333810
433922468
322245413
323275313
357505055
301765575
59662288
378934897
363333810
349080927
323257631
320452551
320410477
364065370
338762440
285886605
357627858
309929892
439874539
300600707
25015684
364065370
320410477
19678996
310773017
318735432
385241418
376204597
60014902
336165482
443430141
308194055
590721168
290749687
24551824
26614584
279755102
50982965
423816052
426623940
402777395
336165482
302368680
375106869
318735432
371957970
396145811
589899207
20896765
317688500
318735432
278656805
290749687
364065370
62411645
333734384
317731492
327028878
318735432
299049740
277297915
305260042
354510755
465694430
385241418
537489164
455803037
336254191
359147447
334881398
377947110
357627858
580368426
329568065
353465636
439874539
455721346
353983810
305260042
271373354
426602437
318735432
381379516
270077126
439874539
353983810
