38458426
511006388
367765002
286591862
451719050
37943046
511006388
367765002
451719050
37943046
511006388
367765002
28998736
451719050
511006388
367765002
286591862
451719050
511006388
37943046
28998736
451719050
286591862
511006388
367765002
286591862
511006388
367765002
23713689
451719050
511006388
511006388
511006388
511006388
451719050
511006388
511006388
511006388
451719050
451719050
511006388
511006388
511006388
511006388
451719050
451719050
511006388
511006388
511006388
451719050
451719050
511006388
451719050
451719050
451719050
511006388
511006388
