366854200
451810546
413547094
560253311
360192511
590170562
583136732
522894285
326133993
583136732
413547094
590170562
380126824
560253311
326585819
575702655
380126824
534578562
576743656
590068056
528520538
544147727
590068056
572516480
591156126
576902114
581307923
456883921
413910201
579604653
367188552
548027857
534578562
580936863
580205380
528520538
574092251
528520538
548251680
523549512
589978016
579604653
480057161
576902114
590068056
587968366
603502315
580205380
589979585
548718877
449273260
591367077
592027488
447575400
572516480
537963378
579604653
557397625
466447191
591250120
280051153
360256249
326551601
583724346
591152510
584355792
517471688
556269843
590068056
590958944
590170562
572516480
583369995
557397625
584355792
548718877
580205380
583960498
576902114
591250120
544918939
591223788
576902114
580056466
528520538
583369995
583369995
560253311
544918939
580205380
587968366
581307923
544918939
588472162
607410929
400153409
537963378
280051153
580205380
602717301
576902114
584355792
576902114
592242321
528520538
591223788
360256249
561200930
560253311
411939360
544918939
581307923
555526175
611178216
560253311
544537119
517627737
326551601
513172045
605173932
590169843
560253311
523549512
537963378
342470536
579604653
587968366
590068056
607673727
560253311
579604653
611113797
580205380
590170562
587968366
576902114
404550354
560253311
564517984
592088432
606346390
591223788
404550354
537963378
587968366
341873305
581307923
414281908
547809155
588472162
564847538
581307923
578680422
380126824
314007342
582766570
565725397
547809155
583369995
382639686
588512033
583369995
431772923
580205380
586879515
517627737
574092251
528520538
447575400
583369995
312337200
547142589
380126824
544025065
380126824
484532140
326625355
586670045
580205380
586669562
447692129
584355792
461516679
48701536
280051153
587968366
542351779
459516253
451810546
560253311
429582347
435388237
573619226
575058450
547679659
575079336
528671679
545335411
537963378
581307923
589047857
523549512
586670045
575869215
533854470
513172045
557397625
575246852
590068056
580205380
560253311
530142022
586879515
438866525
556269843
589047857
513172045
579604653
575051966
535767877
513172045
581307923
446429572
449403775
382043140
536048805
590170562
581830583
534429303
536484357
576030514
480057161
420909350
575051966
583369995
584192227
586670045
455862561
587968366
401103122
446429572
587968366
343385572
549294947
544918939
459516253
583369995
360232486
575246852
525620571
487129924
587968366
565864445
572516480
347824736
548020647
544537119
525620571
398529213
397497466
592101568
577514957
579129645
579604653
587968366
522874407
564517984
580205380
547982620
573619226
560253311
564517984
584355792
580205380
583369995
549294947
445889180
366854200
583369995
521149277
382043140
461537315
581307923
576636790
588512033
557625924
586879515
563608246
544289006
360192511
398529213
523371455
341873305
590068056
449403775
534578562
528847600
529774068
575187163
584726578
524445904
527772554
438866525
571261741
413576353
367188552
446352144
447575400
437890632
459516253
401103122
534744727
413576353
586879515
586669562
536998062
588763220
523407445
447692129
535767877
583724346
562874706
447575400
583739654
553966225
411939360
449762181
525620571
455066910
476826612
505999546
359555174
586670045
465329191
326551601
522807112
586879515
584355792
556269843
534604811
360192511
542675385
390859364
544918939
581307923
459516253
534604811
588763220
413576353
531873723
586879515
579604653
459516253
547142589
579604653
447575400
534578562
556380180
413547094
420909350
574377994
525620571
577482283
544918939
522807112
326551601
411939360
312337200
403723082
581307923
432727891
455066910
459711991
544537119
536048805
586670045
544918939
443240016
382043140
488482258
438866525
471735453
466447191
525620571
447692129
530695005
564517984
582766570
544537119
586879515
564517984
466447191
575057314
525620571
347824736
525620571
583375541
522894285
544147727
575050241
375465451
588472162
447692129
558605297
590068056
584829458
341873305
547679659
417182455
451810546
451166575
546371635
548634574
576640667
446352144
413547094
465329191
576902114
326585819
517627737
380126824
534578562
413910201
380126824
588763220
360555269
523596939
420909350
360192511
544918939
534604811
465109112
530142022
586879515
578711367
360256249
395647347
537695472
556269843
513172045
580205380
579604653
366854200
525620571
449403775
424736501
544918939
58967582
531671273
428689672
523848291
458347607
413910201
474609600
562670316
563024792
562907091
523549512
400153409
586879515
535325354
480057161
572516480
587968366
360256249
522894285
561169970
446352144
446452346
461516679
544918939
525620571
326551601
544537119
411939360
326551601
360192511
526067709
411939360
542675385
342470536
476826612
564517984
544537119
581307923
390859364
414152823
586879515
575246852
522556959
564517984
378016665
438866525
579604653
517627737
404550354
459516253
587968366
580205380
438866525
360192511
449721330
420103665
402138374
360192511
447692129
525620571
553511328
584726578
581307923
324291902
396077449
315202659
523371455
430113108
438866525
414281908
575051966
544289006
534375669
447692129
447575400
400722009
531004809
380126824
446352144
307832428
544918939
546371635
382639686
399966623
431772923
413910201
576902114
575869215
465329191
506426098
519672751
547329228
531512565
535767877
312337200
535309882
307832428
380126824
588763220
539795956
579215088
462268730
400153409
534390094
523002512
280051153
401103122
446429572
524661233
413910201
512470852
447692129
547982620
433893256
326675798
449403775
