20727176
444715076
526308089
19624446
20727176
325007596
304248504
20727176
444715076
20035184
20679082
20727176
385854845
24609884
48084930
20727176
444715076
395794959
304248504
20035184
20677518
444715076
60907904
23210530
444715076
547847821
304248504
20202407
536526685
20727176
24255979
325007596
444715076
372762820
304248504
444715076
372762820
591955910
304248504
536492635
444715076
20697984
372762820
325007596
444715076
372762820
325007596
444715076
24499749
509532222
444715076
325007596
444715076
481092776
444715076
372762820
444715076
372762820
444715076
444715076
304248504
536492635
350593554
444715076
591566338
372762820
324346446
444715076
536492635
444715076
567954403
589281234
444715076
372762820
444715076
20727176
444715076
536492635
444715076
583966128
444715076
444715076
269653958
536492635
444715076
20727176
444715076
590190056
20727176
444715076
20727176
444715076
23210530
444715076
444715076
20697984
444715076
444715076
536526685
20824609
444715076
444715076
444715076
444715076
444715076
444715076
444715076
23210530
444715076
20727176
20824609
21116926
21232157
20908598
20727176
24609884
20727176
31489952
395794959
370225342
429432924
20035184
20727176
547847821
20908598
372762820
20202407
24919231
28541284
59339326
570342973
342985321
444715076
427965045
455368094
20677518
444715076
51058362
20727176
378328409
380666074
377312738
24499749
23210530
444715076
20727176
444715076
20035184
321904002
68172050
23210530
325007596
444715076
391991118
269163903
536492635
444715076
473273793
20035184
20727176
19859164
429349557
381021476
444715076
23210530
20727176
64440892
23210530
567954403
444715076
24499749
20908598
24499749
448624548
266276805
46751993
420683729
291034609
20697984
20202407
21441026
20967448
20677518
29063915
323947442
20427147
23341427
367617447
304248504
21355733
19857655
430459143
425270872
355659717
366016994
444715076
567954403
347406528
377312738
353960966
20677518
23210530
19723487
472152911
444715076
325007596
19765436
385854845
265417956
459448677
444715076
20825671
68092146
472152911
434607422
62497298
20727176
444715076
357125949
444715076
22200352
39164512
23210530
20727176
20967448
567954403
19884764
444715076
63756921
30171985
20677518
20202407
31932155
266276805
23210530
437120056
21116926
425013100
20002925
321904002
26450092
20035184
27246595
450461678
24499749
20716497
541759567
373723376
557553905
21116926
437120056
323947442
29127482
21408839
409464224
24609884
470736349
541759567
444715076
453318975
19790619
351542903
338123418
357214236
22834743
459448677
33798411
24296271
26450092
312787424
337848864
377999997
437120056
425245076
304248504
431116986
444715076
68172050
304248504
459448677
382837484
360783181
23918183
357489315
357184318
304248504
321904002
444715076
20908598
19855687
37392957
459448677
33798411
24286579
20727176
379925572
366082750
23539246
357126006
20967448
335346415
459448677
500059979
33798411
20035184
50533611
321904002
377312738
294529362
26679709
23341427
350367465
371039365
443252468
433848326
20727176
448897596
57356314
20035184
20139530
437348189
20727176
266276805
23210530
324346446
526308089
23210530
403984474
392026671
20727176
567954403
20727176
20727176
20202407
536526685
383505757
444715076
547847821
324479529
20103060
431116986
20983620
357198234
325007596
377581655
369842449
41780292
452719590
21169741
304248504
48084930
324346446
304248504
435968047
20202407
444715076
20727176
33508064
65350036
393102993
323260895
547847821
386194576
325007596
450401228
20202407
23210530
371597304
395794959
459448677
434401862
35108452
438559746
65350036
432653343
34860841
409487095
30171985
60907904
34860841
20202407
20679082
24625792
68172050
432153473
352020924
64955936
438843980
35469805
68172050
23210530
324346446
348317388
417646515
403300719
304248504
570342973
20697984
325007596
426833997
357198234
444715076
529243458
265417956
536722072
400972635
28385162
460964357
536492635
371528287
379182488
526308089
444715076
407554290
271909939
417869114
444715076
350593554
424948094
536492635
24609884
380877258
302194126
50533611
449822077
320129832
23341427
338123418
345901558
20727176
20824609
320831155
