277180649
278907137
277006523
349115917
51351413
310028624
21998457
278907137
51351413
67737250
331241371
328852336
310028624
67737250
328852336
67737250
21389812
313139927
51351413
268829654
21389812
313139927
51351413
268829654
276296486
21389812
66927405
277006523
21389812
328852336
66927405
320163144
21389812
382529534
331241371
67737250
310087433
266354605
280180572
21389812
313139927
355076039
331241371
277180649
66363827
67737250
328852336
51351413
328852336
331212092
483110890
331241371
310028624
51351413
572110540
67737250
328852336
331241371
573174796
63694371
51351413
328931933
66927405
523918865
51351413
313139927
66927405
51351413
313139927
331241371
328852336
333881943
328852336
277006523
57760079
328852336
277006523
67737250
333881943
331241371
573257260
51351413
572736960
331241371
572736960
21389812
381328759
67737250
21511653
51351413
313139927
67737250
21998457
51351413
331241371
313139927
336655390
67737250
333881943
313139927
313139927
279802727
331241371
313139927
327191290
67737250
410973077
331241371
67737250
280180572
335752099
572736960
284305891
67737250
580634129
67737250
331241371
321205412
523918865
328931933
572736960
569809584
331241371
572736960
313139927
313139927
21998457
21389812
328852336
21389812
328852336
276296486
277006523
310087433
21389812
48219288
277180649
280180572
66363827
67737250
331241371
57760079
418177765
21389812
328852336
67737250
333881943
572736960
381328759
572736960
313139927
313139927
465108986
279802727
430193549
276296486
284305891
398746183
331241371
582508722
569809584
490370550
334444336
