363192051
363225847
426951536
429047214
473825896
426951536
429047214
429047214
429047214
429047214
394513873
429047214
431491075
363548843
363066365
415423586
394513873
363192051
363066365
373072079
363192051
363066365
394513873
363192051
363066365
363102161
363548843
363192051
363066365
379198642
363192051
363066365
363192051
363066365
363102161
363192051
363066365
363192051
363066365
363192051
363066365
363192051
363066365
363548843
363192051
363066365
363192051
363066365
363192051
363066365
373072079
363066365
363066365
363192051
363066365
363066365
363066365
363066365
363066365
363066365
363066365
363066365
363066365
363066365
363066365
363066365
363066365
363066365
363066365
363066365
363066365
363066365
363066365
363066365
363066365
363066365
363066365
363066365
363066365
363066365
363066365
363066365
363066365
363066365
363066365
