451886985
267845963
329382534
571602932
373449314
478993515
471917547
571602932
406174794
542472866
548126495
306040740
464495466
279571408
267850788
360876114
571602932
291434011
406174794
453310099
478993515
571602932
21269661
406707041
571602932
323414525
571602932
267845963
571602932
373449314
571602932
406174794
571602932
569367407
571602932
579344816
571602932
464495466
305751073
571602932
291434011
571602932
21269661
462297169
610847775
24706380
571602932
353113578
608041668
571602932
571602932
293278754
571602932
56911669
520984038
571602932
608271662
56911669
577411391
293278754
576815100
64985067
553716286
293278754
553716286
323414525
571602932
609909245
553716286
571602932
608041668
304953886
571602932
56911669
329382534
571602932
608041668
24095853
571602932
608041668
576815100
578170549
47968288
22085688
24706380
294586715
576815100
608041668
573700268
30095080
280578110
571602932
293278754
562545795
293278754
22048545
562545795
489895103
576815100
34838258
19962440
579351973
47968288
323414525
610415281
47968288
608041668
36595690
19962440
578170549
24706380
569284090
302119704
278733811
373720522
323414525
360900896
505816428
68220309
589141698
446518342
406174794
428748201
518404608
267845963
305918101
301324275
405922545
436987892
542472866
47968288
455117072
548914545
23351665
24706380
353113578
291434011
298037538
446514344
406174794
41210409
323454475
291434011
518427647
533375496
571602932
351312452
478993515
327775859
276136557
462297169
579344816
488644110
280414356
56911669
22085688
317733533
519941794
347825675
47968288
30033713
590580922
571602932
34838258
56521199
536870628
430898281
589317065
56911669
571602932
577411391
571602932
304953886
571602932
576815100
293278754
553716286
553716286
402430322
51518463
553716286
323414525
30033713
323414525
456587784
576815100
578170549
22085688
576815100
571602932
573700268
22085688
36595690
293278754
562545795
22048545
449164920
316181606
562545795
47968288
576815100
372705281
323414525
19962440
529021187
291461335
373788933
332945669
373449314
589141698
446449124
419987287
542472866
264346743
267845963
465149195
482561071
433197471
316181606
305751073
315970651
322200299
291434011
301567777
56911669
406707041
361032785
323454475
433028462
62942826
589141698
304953886
579344816
536265027
20896471
267850788
372014033
429426416
56521199
30095080
428219195
446442553
280414356
523681295
328242334
461818688
521817545
298831339
361154416
349712069
263751195
566304450
361032785
589141698
543833319
24706380
304953886
482554439
23951998
317270314
343211192
56911669
577411391
56911669
24095853
576815100
553716286
553716286
293278754
26672795
304953886
419697163
553716286
422142410
304953886
24706380
64985067
280354327
576815100
578170549
576815100
19962440
373460474
23951998
573700268
47968288
280578110
30033713
