22743118
337736422
362858387
64384089
22743118
329200904
329957597
64384089
362858387
22743118
265197816
337736422
362858387
358408024
337736422
362858387
362858387
53983109
337736422
362858387
22743118
337736422
362858387
20887746
337736422
362858387
61153604
64384089
362858387
285482515
310607165
22743118
337736422
586687739
277462379
337736422
63447087
337736422
64384089
274398757
62915295
586687739
19616129
337736422
22743118
63740625
310607165
63740625
337736422
22743118
277462379
64384089
337736422
64384089
24574863
369060194
586687739
335761518
62915295
337736422
64384089
22743118
265333429
274398757
22743118
586952719
269426129
337736422
64384089
586687739
22743118
62915295
275856239
22743118
275856239
22743118
22743118
37022074
275856239
584535263
22743118
337736422
56518108
337736422
62976584
265197816
22743118
362858387
26475248
265197816
337736422
362858387
53983109
362858387
337736422
22743118
362858387
22743118
362858387
310607165
277462379
22743118
22743118
22743118
62915295
22743118
22743118
53684129
