562880581
470868695
490413666
545404180
536997331
536717918
512283578
536717918
545404180
488735449
470868695
530637501
488735449
536717918
470868695
490413666
536717918
470868695
562880581
536717918
470868695
562880581
488735449
536717918
470868695
562880581
470868695
562880581
536717918
470868695
562880581
470868695
536717918
579658566
562880581
586300046
563546058
573801833
536717918
470868695
562880581
536717918
536717918
490413666
512283578
584330067
562880581
536717918
488735449
562880581
490413666
562880581
536717918
562880581
562880581
536717918
579658566
562880581
536717918
510180808
562880581
562880581
562880581
562880581
562880581
562880581
562880581
562880581
562880581
562880581
562880581
