59395380
509703605
426326270
59395380
58111741
426326270
509703605
59395380
281695821
403410434
59395380
307573757
509703605
555547504
548804154
59395380
482943971
377118745
59395380
426326270
59395380
343884985
307573757
281695821
377118745
307573757
403410434
59395380
343884985
307573757
377118745
59395380
521534527
377118745
482943971
59395380
403410434
59395380
403410434
343884985
482943971
68169832
377118745
343884985
521534527
426326270
59395380
377118745
52865987
343884985
403410434
548804154
281695821
307573757
