28529486
23916882
19577036
23042801
25696503
23916882
583558194
28529486
23916882
50447249
30113390
28529486
23916882
23042801
55102620
23916882
20399776
21299683
22104723
28296300
23042801
30113390
55102620
23042801
315034094
22420173
387369054
19577036
19790619
357665139
21014960
379367341
368636717
379367341
365466397
19577036
366812875
365466397
368636717
30246792
393008978
359099133
583558194
302868008
347555456
580388112
400410593
28529486
379367341
20849824
389041200
365752650
52936459
379367341
501836513
465659217
302868008
19741308
403172143
67222104
501836513
366240768
20399776
591577695
67222104
591909146
294597880
591577695
19621078
364753074
28296300
23916882
37860858
27568626
501836513
366034212
23042801
28529486
22420173
19577036
285558803
20120243
19577036
22104723
26901641
24823997
361456889
501836513
19708165
583558194
381892035
373044319
381892035
19577036
38607293
41879763
28529486
20201111
364411270
20248581
41879763
591577695
19925491
29467502
591577695
47824952
22637562
23916882
25696503
55102620
23916882
28529486
37860858
30113390
19577036
21420126
22183501
29116964
67222104
23916882
23082743
67222104
589843916
403172143
585548851
24020559
20399776
588260398
61153242
359099133
19577036
383007573
19710761
37916589
20849824
19577036
22104723
513386740
26482155
386286929
591577695
268360833
268956954
20201111
55137880
20201111
53463475
20399776
19577036
495453368
403172143
