528613048
286346755
32014430
335050513
286346755
32014430
433108269
447531084
480733366
286346755
396171471
294862511
36323396
446061875
391539419
486411992
549881762
486411992
392025638
398560782
67549717
577186068
597519447
365456396
382893990
271955326
549881762
396171471
29923733
520394737
286346755
293714609
547641228
577186068
286346755
598775998
509906484
29923733
573175150
285870535
547641228
571877762
549881762
547166158
547641228
415122947
555472368
530768784
598775998
588826637
547641228
27830643
487471142
38884580
552274067
559884901
555472368
445923094
571877762
450513568
48008299
394727411
50354728
39692288
21247657
