479153690
271234682
516606923
479153690
479153690
487340963
425144536
466118555
480812322
466118555
271234682
527518779
465654695
361961175
487340963
479153690
425144536
487340963
505627312
517533736
516606923
487340963
571844938
271234682
571844938
479153690
465654695
487340963
487340963
522884015
271234682
487340963
516606923
522884015
487340963
461081452
466118555
487340963
461081452
572330370
372060162
487340963
486951716
527518779
372060162
487340963
465654695
479153690
487340963
487340963
