22412944
321632002
30818462
341020660
20977466
321632002
50289711
326162324
20840805
50289711
306560604
30818462
290714755
321632002
488925218
50289711
30818462
20840805
321632002
481238105
479937160
319631236
397864217
321632002
481238105
479937160
270048507
581100549
321632002
50289711
58229453
33268747
356837422
379061836
68442887
321632002
475167275
66456577
22412944
321632002
312393656
428763374
301085346
356837422
270048507
419626904
494054183
383331699
475167275
281971950
356089442
321632002
390234767
299261953
278060491
481238105
475167275
306560604
462235829
33268747
50289711
278060491
284043978
356837422
30818462
587718715
488925218
30818462
341020660
428763374
360760806
30818462
58229453
445463270
321632002
30818462
20977466
66456577
290714755
278060491
367593808
462235829
321632002
513529869
30818462
50744017
290714755
591363871
40774104
50289711
22944533
30818462
22412944
20977466
20977466
30818462
390234767
321632002
420510685
581100549
30818462
20977466
290714755
326162324
30818462
546901438
591363871
30818462
465808547
22412944
313208476
24667433
30818462
290714755
591363871
390234767
30818462
590811748
271813999
290714755
40309570
475167275
379061836
30818462
475167275
360760806
30818462
290714755
20977466
321632002
332200605
290714755
20977466
30818462
341020660
30818462
432522487
33268747
20977466
30818462
591363871
55715975
590386128
20977466
321632002
326162324
20977466
406127972
31267894
287720797
360760806
30818462
58229453
321632002
278060491
23718485
353617023
397864217
30818462
51149621
270048507
379061836
310327867
324320120
290714755
22412944
428763374
548045439
321632002
353617023
428763374
268632167
281971950
344828868
27259308
335776517
357204383
420510685
278060491
265155043
55715975
30818462
390234767
281971950
428763374
548045439
379061836
321632002
294913979
336099374
278060491
321632002
342973347
270048507
301085346
322840968
390234767
445668721
512886035
33268747
57746165
328204090
548045439
341020660
319631236
30818462
20977466
58229453
321632002
342973347
20977466
20840805
428763374
275213717
494340563
341020660
306560604
20977466
479937160
66512416
312393656
290714755
428763374
513529869
30818462
53543688
284816155
313208476
343907125
27259308
53543688
494054183
343907125
290714755
341020660
34076573
390234767
379601690
306560604
326162324
433636262
279802727
30818462
278622628
271813999
40774104
312393656
379061836
20977466
430174994
436205902
30818462
300747300
321632002
390234767
281971950
379061836
50289711
30818462
310494952
30818462
20977466
20977466
591067321
55715975
20977466
30818462
353474604
24218076
550952345
20977466
58229453
290714755
367593808
301085346
58229453
321632002
290714755
264150343
292389534
321632002
428763374
397864217
341245383
479937160
50744017
30818462
379061836
301085346
270048507
324320120
428763374
301085346
357204383
22412944
428763374
462235829
33268747
420510685
320271406
357204383
436205902
27259308
356089442
300747300
20574594
368505894
270048507
33268747
420510685
30818462
306560604
321632002
30818462
321632002
379061836
20977466
428841692
275213717
321632002
284130859
24146396
489164003
50744017
20977466
324320120
275213717
33268747
55715975
481366737
383331699
30818462
310327867
33268747
402603767
20977466
281971950
29435766
301085346
281971950
28581282
421582197
58229453
322840968
465808547
308861451
306560604
398429081
30818462
335776517
20977466
290714755
30818462
55715975
438372489
24146396
318746966
270048507
281971950
310494952
30818462
290714755
46719400
326162324
33268747
346054017
320231698
50289711
30818462
290714755
321632002
20977466
420510685
33268747
382918351
290714755
306560604
20977466
58229453
30818462
20977466
30818462
326162324
383331699
284816155
33268747
30818462
51149621
30818462
358057172
278060491
320271406
356089442
55715975
22412944
294913979
488925218
55715975
321632002
368505894
324320120
55715975
322840968
406127972
270048507
421046701
321632002
40774104
33268747
55715975
428763374
58229453
289936498
33268747
55715975
68442887
31267894
290714755
294913979
33268747
66456577
30818462
281971950
321632002
272128877
379061836
22412944
272128877
33268747
26187692
308712891
430174994
33268747
290714755
397954500
325815804
357204383
55715975
40774104
278060491
20977466
55715975
57746165
59496070
28007246
390234767
478770782
418055832
47425529
321632002
22412944
33268747
30818462
20977466
58211590
34076573
362471621
55715975
310494952
367593808
324319316
306560604
474224125
367593808
275213717
27375317
300747300
379061836
413942682
24667433
290714755
430174994
513529869
285910695
55715975
306809616
50744017
319631236
306560604
20977466
40774104
290714755
33268747
278060491
20977466
290714755
344263794
321632002
390234767
317952250
275213717
22412944
320271406
404189354
368505894
487948115
346054017
462235829
420510685
308712891
20977466
319741889
379061836
30818462
413360396
312393656
342243351
322840968
46719400
270048507
30818462
379061836
425083426
20977466
398357501
33268747
338484659
20977466
321632002
30818462
428763374
321632002
390234767
20977466
379061836
321632002
326162324
301370051
379061836
55715975
278060491
290714755
442126897
27259308
468817663
321632002
50289711
30818462
301370051
312015358
325103727
516517211
20977466
30818462
319631236
312393656
33268747
30818462
413360396
290714755
306809616
30818462
290714755
20977466
20977466
61345119
397864217
26994946
56379021
581100549
321632002
290714755
20977466
270048507
321632002
550952345
290714755
24146396
270048507
572865135
322840968
321632002
343907125
281971950
428763374
360760806
20977466
55715975
35866162
321632002
344806406
301085346
321632002
34104941
34246985
20977466
270547915
397954500
308712891
375462187
479937160
22412944
58229453
55715975
278060491
323459181
33268747
380930011
24218076
30818462
290714755
428763374
440024138
406127972
375462187
290714755
353173738
58229453
