411507167
307389520
392692110
510441401
392692110
569487007
392692110
392692110
574802329
510441401
392692110
582719981
545732591
411507167
392692110
496033390
475561466
392692110
317548611
392692110
532151727
392692110
475561466
429608664
510441401
392692110
604187544
510441401
392692110
510441401
582719981
544763182
392692110
544276539
475561466
392692110
544276539
569487007
392692110
574802329
392692110
510441401
591142215
329237145
590690263
560290428
591142215
544276539
475798751
544276539
510441401
544276539
574802329
392692110
510441401
544276539
591142215
560290428
392692110
591142215
510441401
510441401
510441401
510441401
