350424325
458078011
453012362
427634394
465645779
458078011
52310107
427634394
40869948
458078011
453012362
458078011
453012362
419465617
458078011
478222907
40869948
427634394
52310107
463182631
40869948
458078011
427634394
488262627
52310107
427634394
440841637
53766210
52310107
427634394
474551732
441159605
458078011
52310107
458078011
350424325
453012362
488878063
458078011
346532608
451333876
565784352
458078011
52310107
443809106
427634394
388951667
281818692
427634394
465645779
419465617
40869948
458683064
438209243
427634394
388951667
52310107
427634394
388951667
441159605
458078011
388951667
419465617
440841637
427634394
52310107
453012362
350424325
453012362
30103516
458078011
350331223
458078011
451333876
19722126
351898180
427634394
458078011
500507275
388951667
453012362
453012362
40869948
350424325
52310107
453012362
503774811
427634394
565784352
458580866
350424325
427634394
427634394
455726446
306124259
38058705
40869948
451333876
52310107
40869948
458683064
466144736
458683064
478222907
427634394
463182631
52310107
427634394
53766210
441159605
52310107
458078011
52310107
443809106
427634394
465645779
40869948
458683064
52310107
438209243
52310107
350424325
52310107
458683064
451333876
453012362
52310107
