21130189
56614818
27201483
385507085
65340683
21292902
369736685
438965521
64719023
265076997
263542648
274320907
432056152
555979785
321323842
319857110
278993222
21292902
265731566
388738597
438965521
24693667
20153659
320458337
30077073
25525368
512870333
26935293
320458337
311966116
36452602
36251621
280900220
405868740
56614818
26858880
375303740
512870333
393036708
287257960
438965521
334388081
24348453
366180968
27116723
327629496
385507085
484265056
366180968
36573414
388738597
19975840
324593201
21902323
19679233
388738597
290833032
563473980
388738597
27380760
327629496
375303740
369810541
62929100
336027102
362832836
326959311
577724982
21130189
512870333
438965521
320458337
385507085
56614818
366180968
326959311
320458337
565182082
411853334
280180004
26858880
56614818
438965521
312546833
571826383
338272503
320458337
24305469
19975840
326260499
339811176
369736685
565394662
56614818
320458337
366215526
21065159
565182082
555979785
547785977
584968842
342483382
369736685
66308476
266975892
64719023
366180968
327629496
30428050
339596372
40036318
369736685
334388081
555979785
369736685
549016243
326959311
577724982
362832836
369736685
20153659
30428050
563473980
326260499
571826383
393036708
369736685
369736685
562600974
561339459
555979785
555979785
369736685
562600974
21063220
19975840
484275605
19975840
21055565
24348453
20414629
56614818
280180004
27201483
66308476
21882802
33311432
56614818
62654671
24348453
388738597
320458337
61954446
366180968
19975840
36452602
339811176
21364737
369736685
51131108
20153659
591941749
66308476
19975840
66308476
63397245
280143749
51131108
