35827123
391015426
32157041
34434108
65630198
35827123
24617934
32157041
36484378
391015426
33879875
333347370
379271437
391015426
43422574
310289984
264164179
438901557
322774241
391015426
33879875
310289984
355148741
352083505
63119566
319188012
352083505
36484378
32157041
438901557
333347370
34434108
36484378
352083505
483166796
333347370
64445326
36484378
266331694
391015426
33879875
373033464
333347370
448716125
423980439
438901557
291244412
271476820
448716125
264164179
353902549
355148741
448716125
351705990
333347370
448716125
352083505
333347370
448716125
391015426
438901557
36484378
373815651
354369514
377990625
333347370
36484378
33879875
379271437
333347370
483166796
333693464
448716125
407630925
373964427
352083505
347215568
448716125
264164179
333347370
264450642
373815651
391015426
333347370
288459686
333347370
352083505
34434108
438901557
391015426
333347370
347215568
357378784
438901557
438901557
438901557
266756352
264164179
267644675
264450642
436493978
32157041
352083505
436493978
38236815
46714210
58738728
436493978
414671546
391015426
379271437
436493978
391015426
354369514
379271437
589217374
438901557
373033464
48602687
55304673
372645795
366686512
391015426
34466452
373815651
372645795
353212894
463083031
391015426
24617934
438901557
373815651
35827123
33879875
375942011
310289984
36484378
352083505
63119566
322774241
48602687
356824166
333347370
35827123
333347370
38236815
33879875
20173697
39929726
333347370
347215568
438901557
410832251
333347370
25270931
420048136
352083505
333347370
393509342
65630198
64445326
333347370
391015426
448716125
333347370
423980439
379271437
463083031
391015426
333347370
64445326
438901557
39929726
354631269
43422574
448716125
55304673
32157041
35557215
448716125
391015426
34434108
448716125
65630198
438901557
34434108
379271437
376455306
391015426
372645795
385819617
373815651
352083505
333347370
391015426
333347370
379271437
448160202
333347370
65630198
438901557
436493978
333347370
310348849
267644675
333347370
438901557
333347370
352083505
333347370
391015426
36484378
339971909
379271437
344952265
333347370
39929726
63119566
333347370
264450642
444961826
333347370
345537456
65630198
333347370
292694022
34434108
333347370
65630198
366178628
333347370
391015426
333347370
361814773
333347370
333347370
333347370
436493978
379271437
333347370
333347370
333347370
360854083
48919161
24617934
379271437
436493978
32157041
373578947
366620791
34434108
34466452
436493978
391015426
34466452
65630198
264450642
357378784
58738728
34466452
38236815
393278219
64929225
369190412
345537456
33879875
48602687
304762736
403603873
537058747
35827123
32157041
344952265
385971503
32157041
58738728
322774241
35827123
310289984
49031249
38236815
322774241
304762736
310289984
65630198
463083031
389679964
65630198
55304673
377990625
438901557
310289984
391015426
60826414
392267303
352070785
436493978
391015426
357378784
329039728
379506911
352083505
340629149
39958821
38236815
352083505
36484378
373578947
361814773
352083505
305450104
338836953
50098764
414671546
38264209
333347370
373033464
38236815
276155689
338761506
354369514
380367730
352083505
448716125
357378784
463083031
64622286
355148741
352083505
54858743
378188972
448716125
338763592
371222529
381963816
448716125
414671546
68206303
438901557
38264209
347215568
374073798
333347370
339293635
352083505
384689978
373815651
305450104
372420391
326632760
448716125
352083505
338013970
379271437
436493978
404565339
34498514
373578947
264450642
446510615
333347370
36484378
448716125
264450642
372170515
339848120
373815651
333693464
391015426
353449380
352083505
448716125
65630198
352083505
347215568
333347370
352083505
55304673
386317705
333347370
352083505
351705990
377990625
352083505
448716125
381290333
352083505
391015426
379271437
352083505
373578947
352083505
278454388
414671546
63119566
373578947
352083505
65630198
333347370
49031249
352083505
65630198
320404862
333347370
35827123
264450642
287134180
64622286
54858743
438901557
267991640
391015426
448716125
448716125
391015426
34434108
38236815
386568548
305450104
267644675
351705990
438901557
50098764
436493978
305450104
340629004
49031249
264164179
39929726
65630198
63119566
322774241
444912675
35827123
333693464
310289984
320912837
414671546
444912675
361814773
352083505
589217374
333347370
438901557
448716125
304762736
54858743
353449380
353902771
34498514
345732638
333347370
436493978
406422791
317902841
33879875
313754662
333347370
393278219
391015426
38264209
372170515
33879875
357468158
34434108
379271437
347215568
438901557
293592075
354369514
361814773
352083505
264450642
354369514
55304673
379271437
33879875
379271437
382758278
316212121
65630198
352083505
38264209
448716125
305836569
374073798
65630198
378632022
63119566
352083505
333347370
448716125
391938648
65630198
352083505
333347370
375266223
352083505
380172770
379271437
589217374
391015426
333347370
438901557
354369514
438901557
353449380
65630198
438901557
377990625
266683982
393278219
438901557
304762736
63119566
54858743
391015426
41461693
33879875
363190960
38264209
438901557
266331694
414671546
35827123
58372823
436493978
65630198
438901557
391015426
333347370
35557215
438901557
39929726
347215568
48602687
65630198
34434108
65630198
438901557
333347370
65630198
483166796
267644675
58981350
34036036
333347370
436493978
379271437
25270931
267644675
24558144
