60313512
577928192
36255080
291515634
268090534
512472305
37474345
349819082
467721187
454990715
286989307
557691770
35592528
36255080
295579487
20699845
25657351
295640320
304706190
30988377
600445021
28563226
24609884
525135312
35592528
303786134
31140769
309380454
311964901
377592821
303786134
558937248
553678124
32216660
427583276
316743992
295640320
35592528
31140769
295640320
303786134
552351739
316743992
589247585
31140769
467721187
316743992
19825650
572496793
309380454
316743992
47634578
400716688
46605569
19818520
400716688
443297235
35213936
22457521
338678548
497581980
316743992
35213936
587475533
511648774
358536541
295640320
316743992
400716688
584893066
537366870
400716688
587475533
316743992
584893066
400716688
554128121
35213936
400716688
286962650
462121375
295640320
585502123
20093223
574448159
580554568
303786134
316743992
20030360
554128121
36255080
316743992
554128121
36255080
20093223
316743992
295640320
568058332
52471651
295640320
373891185
20030360
316743992
295640320
20093223
489725139
338678548
316743992
304706190
575440532
591908974
20093223
20030360
20030360
20030360
560573140
20030360
36255080
20030360
25657351
30931685
32089858
316743992
515398912
557691770
38958346
29761503
38300387
587475533
553678124
22242627
36255080
531452322
359597451
313619328
558937248
31133557
589247585
577928192
531452322
545610377
46605569
304706190
38300387
68165166
265343421
316743992
315854733
316743992
511648774
522603844
335042644
46605569
515398912
20972269
584893066
316743992
46605569
584893066
554128121
19900258
27445815
552351739
591908974
321728521
19940741
585502123
20093223
20409911
580554568
531452322
46605569
554128121
61366918
36255080
20064939
554128121
46605569
568058332
35418388
20030360
36255080
20030360
575440532
304706190
20030360
29768827
304706190
20093223
20093223
362539547
295640320
20093223
557691770
31508929
27996612
58516265
295640320
38300387
558937248
68165166
31844524
19682869
27906529
589247585
304706190
27996612
552351739
400448674
591800575
29768827
316743992
384203079
320452519
584893066
377644901
46605569
584893066
516923171
554128121
22848916
585502123
38300387
580554568
554128121
554128121
387240239
298478848
20030360
568058332
36255080
36255080
19571276
20030360
20030360
575440532
304706190
350178338
20030360
497581980
36255080
20030360
38300387
462121375
20093223
304706190
20030360
20010323
20093223
560573140
46605569
25368358
22848916
38300387
38958346
512729932
25368358
387925148
557691770
60313512
20030360
552351739
46605569
46605569
558937248
46605569
589247585
46605569
552351739
26881294
333558828
346175835
20030360
396878847
267755397
400716688
442542659
42216838
46605569
19631905
320452519
584893066
38300387
584893066
554128121
304706190
497581980
58377848
304706190
325968523
580554568
429785154
46605569
36255080
554128121
554128121
38300387
568058332
20827149
20093223
20030360
27260233
46605569
575440532
36255080
27445815
20010323
20093223
304706190
36255080
20030360
27996612
432708007
30931685
557691770
32216660
27996612
300013702
457973776
27996612
538816991
46605569
558937248
295640320
38546204
443372748
589247585
20093223
268823446
396878847
38300387
20093223
19571276
400716688
266193876
46605569
46605569
304706190
458770796
584893066
46605569
29281967
38300387
