555060323
546129674
555060323
491222106
555060323
435833013
435833013
491222106
501037420
491236436
491135657
491222106
489718501
482159597
297896477
485696903
475371975
482159597
471833530
485696903
481124290
470235539
457949364
457235507
457949364
435796642
428062761
435833013
423220434
408249013
423220434
396010942
408249013
394066797
396010942
278975468
368269926
368269926
389820706
318075025
278975468
297896477
278975468
297886535
278975468
278975468
278975468
278975468
278975468
278975468
278975468
278975468
278975468
278975468
