362988333
504359322
24543266
567977169
324642872
322956268
289599760
319491989
350064035
300214332
30704206
488889954
48040579
289599760
551887309
324642872
48040579
562316584
323556842
511003371
362988333
24113539
275554326
323556842
452055394
519340193
438098964
19798259
504359322
589387090
551887309
48040579
456362061
405922545
591967784
48040579
452055394
370064579
403338819
30704206
21351899
302871301
323556842
317872499
581187979
561525487
60560231
362988333
265525412
610584886
351941058
48040579
24113539
385124169
592022938
351941058
48040579
19798259
542240982
20391975
48040579
324642872
456362061
610740876
610842384
48040579
24113539
429789796
20011550
289599760
445968666
287749062
403338819
375735424
328618681
60560231
445968666
24113539
375735424
20391975
317733533
525734758
55902894
58428694
504359322
24113539
452055394
532311715
289599760
391670653
610584886
48040579
456362061
289599760
610584886
302878471
610740876
26390584
591698130
445968666
610584886
24113539
48040579
289599760
289599760
48040579
610584886
322956268
33082178
24113539
29263705
20328801
606019012
591430617
592022938
610584886
58428694
610584886
408035032
445968666
591693501
345276570
362988333
610584886
48040579
24113539
362988333
20275272
48040579
289599760
391670653
591967784
289599760
362988333
26390584
610584886
584925527
350064035
289599760
610584886
289599760
66132365
610584886
20391975
48040579
48040579
351941058
610584886
48040579
362988333
610584886
48040579
339442459
610584886
289599760
319491989
350064035
450135252
24543266
324642872
287749062
339442459
30704206
452055394
504359322
48040579
24113539
362988333
328618681
322956268
445968666
519176732
324642872
317733533
21351899
48040579
339442459
452055394
21351899
328618681
30383772
319491989
452055394
26390584
24113539
328618681
510636602
48040579
19798259
366904651
450225063
26390584
362988333
317872499
328618681
362988333
408035032
24543266
24113539
445968666
24543266
289599760
408035032
311972086
425927387
20328801
20391975
28667677
55902894
24113539
319491989
328618681
334692453
316463934
300214332
267369860
591967784
308223024
26390584
431020956
24543266
66132365
342127607
324642872
392902165
300214332
421229430
323578140
266042231
407386010
359990108
24113539
322956268
36120217
363190828
322956268
456075025
456362061
316463934
48040579
21351899
431122528
391670653
308117648
391670653
328618681
24113539
317872499
289599760
48040579
289599760
61827058
497365836
452740829
362988333
48040579
370064579
19798259
375735424
289599760
48040579
48040579
289599760
289599760
65650342
350064035
274220285
48040579
19798259
362988333
55902894
31369661
48040579
324642872
322956268
48040579
342930976
20391975
330656146
21351899
306866495
58428694
339442459
24113539
48040579
268321116
606019012
60560231
62491846
42009158
465248250
48040579
275654968
504209947
24113539
48040579
58428694
549829660
35378658
