383888168
328064199
330488624
404791504
328418428
328064199
330488624
328418428
330488624
383888168
328418428
328064199
330488624
383888168
328418428
478701160
330488624
373728266
330488624
544611756
328418428
383888168
330488624
328418428
330488624
328064199
328418428
330488624
328418428
330488624
330488624
401911149
328418428
330488624
544611756
328418428
330488624
438966466
330488624
442759222
328064199
330488624
523321036
328418428
328418428
330488624
328418428
523321036
328418428
328418428
523321036
523321036
523321036
510426061
523321036
388756249
523321036
328418428
432636508
328418428
442759222
378464128
328064199
328418428
523321036
328064199
