425841317
430707553
425841322
297821934
581619631
378855173
581764761
580203478
581619631
591225660
501187852
585986236
422498143
425841317
585974484
585974484
572492273
532998765
425841317
580133905
317876897
581764761
425841317
377243053
590536995
585578071
350443647
585986236
540645243
581618534
581764761
409932266
286175135
532998765
572492273
40738772
29016679
591024265
66657970
586620393
553460541
591024265
585974484
378855173
425841317
532998765
553649742
66657970
65569281
546737338
306322785
280973979
306322785
280973979
66657970
586620393
425841322
562381701
591225660
287243349
287243349
586620393
584212303
591203478
280973979
526526488
425841317
400316078
306322785
568368549
532998765
595838114
425841323
577735381
585974484
526526488
590536995
518695327
359259197
66657970
585986236
305192862
564085953
585578071
579336229
585986236
568951834
561188242
565697714
565697714
585578071
426473871
585974484
568131047
66657970
348370059
568368549
560977891
348370059
560977891
65569281
568366643
590536995
561188242
577104338
305192862
561188242
51942763
350443647
561188242
580133905
585974484
591367294
610880225
610729322
578281526
586232472
601482403
561188242
595838114
560977891
280973979
561188242
66657970
66657970
590536995
571274428
568131047
425841331
267172931
359259197
267172931
359259197
536865438
610729322
425841330
534945578
573119893
359259197
561188242
562381701
425841323
567346223
565697714
425841322
425841331
585307762
306322785
425841317
581764761
571226882
583822762
425841322
536865438
588070525
543856758
566083283
585097445
425841317
346139827
573750881
581764761
425841317
592210930
425841317
536865438
65569281
322961286
409932266
553649742
557546757
425841317
500466346
29016679
348370059
586620393
288321511
587876798
42249597
580133905
566083283
425841322
526683337
322243166
425841317
301805084
310887911
398594722
64643868
306322785
65569281
29016679
425841323
425841317
371891494
586596853
473370247
302848321
296013292
585097445
578281526
544918939
561188242
565697714
392218347
378855173
359259197
572318333
564642748
460386683
568131047
359259197
267172931
564642748
546274713
42865523
512914070
561188242
402785657
577832407
561188242
377243053
561188242
573119893
537201304
586232472
287243349
561188242
288321140
537023420
65569281
561188242
577706313
327155440
571274428
552369882
561188242
568131047
425841331
425841330
569324169
263623119
565697714
319591212
322788462
543758885
561188242
545433466
392920524
313690103
425841323
567346223
565697714
425841322
425841331
566438194
359259197
263623119
561188242
425841317
580753925
565354196
65569281
425841317
567860256
430707553
425841322
585097445
263623119
529723317
400316078
53436383
577526220
378855173
292060289
586596853
425841317
588137215
38421416
425841317
29016679
313727198
585097445
425841317
485894541
584212303
409932266
411671614
378855173
425841317
546274713
549069614
538705069
588070525
525404917
585307762
541759553
581764761
588571605
425841322
565410040
580133905
545335411
477258307
577526220
425841317
448886976
286653035
585097445
280051153
588137215
390481865
571226882
265989639
425841323
425841317
564085953
546274713
585961962
359259197
585307762
552369882
586596853
296013292
561188242
565697714
287243349
543758885
584844642
568131047
544918939
348370059
581764761
566438194
29822015
528055826
561188242
577832407
571226882
561188242
581284918
586232472
561188242
359259197
561188242
580133905
359259197
588571605
561188242
538534610
359259197
561188242
571274428
561188242
568131047
425841331
561188242
591203478
425841330
537023420
578686402
565697714
38421416
334061990
564642748
561188242
536865438
602238295
280973979
425841323
565697714
359259197
287243349
571226882
425841322
425841331
561188242
585307762
575247476
586232472
561188242
287243349
585097445
389096761
561188242
425841317
578281526
588267794
585097445
537724000
277522325
317805628
587139631
425841317
585619039
513924627
425841322
588267794
580133905
581764761
402109307
279341866
421060151
449410519
424941926
425841317
414764077
317805628
425841317
564085953
425841317
568179060
581764761
426473871
401450751
29016679
66768100
501187852
354240946
409932266
29016679
585097445
456229946
306322785
425841317
585619039
585097445
66768100
568366643
29016679
584212303
29016679
425841322
553649742
312979547
538651397
578281526
425841317
477260643
411671614
306322785
422498143
425841323
393044483
425841317
63341420
535314292
414764077
451810139
465235558
310952469
561188242
565697714
577482283
589422111
21435884
585974484
584844642
318343670
287243349
546274713
568131047
292743505
531206790
560977891
538785052
389094404
561188242
531206790
544918939
577832407
561188242
321580888
561188242
585097445
364524276
586232472
561188242
501187852
561188242
561188242
571274428
568131047
561188242
425841331
561188242
568366643
425841330
565697714
428267129
359259197
359259197
561188242
287243349
425841323
565697714
530007441
425841322
425841331
347824736
561188242
334061990
586232472
560977891
561188242
577864649
425841317
29016679
306322785
425841317
583748199
312069031
58370795
430707553
425841322
292843531
425841317
314151954
417076502
425841317
49436744
64638897
425841317
446134790
409932266
425841317
267172931
29016679
348370059
423435426
