23164770
40476744
38773482
422533022
47461136
586614340
28846807
333010893
584654536
427310118
586614340
28846807
384159198
28846807
35803599
437587215
21737374
24154945
425891868
39371706
453007397
26345676
401509627
28846807
26622006
62716474
586614340
445848131
31582581
266626132
459692758
481325445
50761693
364769408
411980400
525307352
35803599
21737374
437704040
65141140
402615237
63448047
35803599
459692758
359799140
21737374
286429651
375541682
459357990
50761693
558144899
28846807
21737374
432654092
483493510
586614340
35803599
27331994
64977965
588998285
34249653
459692758
457479348
39371706
374844855
464351904
453007397
583397226
586614340
583470755
38773482
40476744
589039409
351780823
476110260
35803599
19857743
38773482
392681354
28846807
38773482
51094873
380785748
26622006
377622577
38773482
35803599
583470755
47461136
590490549
450895369
351780823
35803599
439787527
31357379
21737374
268367130
584654536
286429651
430771948
55348644
304758864
583470755
583470755
40476744
419958583
355258443
19857743
453007397
35803599
423442910
28846807
40476744
424011549
31357379
27331994
28846807
23493182
368976786
24154945
28846807
55348644
23317843
548218205
395765771
38630528
28846807
546322434
35803599
50761693
52132789
28846807
437587215
448614381
384436543
29474853
38773482
50761693
56457063
63548821
370443228
28846807
35803599
64297770
27485772
28846807
51094873
360516590
28846807
26345676
24206524
48608276
369549266
451843947
368976786
370082182
35803599
38773482
28846807
482338753
401509627
377105439
27319436
406287546
33695194
441417989
38773482
35803599
415432230
400613949
31357379
361740824
63248428
286429651
360516590
436272493
278674298
383353655
469572981
56026533
425948923
342591942
459692758
364535126
38773482
40476744
28846807
546456424
474023753
457098278
35803599
452045477
52202275
424051459
38773482
35803599
421569765
38773482
405748955
51522346
268367130
421011188
21903188
376173001
65141140
286429651
37010566
64607333
26622006
546456424
396439609
35264978
355258443
39020750
28846807
35803599
318980837
415236891
370443228
35803599
351780823
24154945
546456424
35803599
369550501
335608920
349642942
25490979
38773482
401509627
28846807
475360724
376167783
35803599
371338532
459692758
290464724
546456424
39371706
39090486
35803599
67521147
424011549
19857743
286429651
546456424
55348644
321999516
35803599
40476744
342591942
423442910
22308536
424011549
40476744
47461136
369817753
280763327
437587215
422533022
28846807
47461136
21726805
356943407
268994683
368907993
385299305
427471332
489111235
448908640
23695638
22308536
405204793
569333127
28846807
437511146
422492819
399089009
21464039
433441615
377301854
40476744
28846807
27591733
424051459
371338532
377551710
35803599
37276071
448980177
22308536
433707929
396299455
328171551
22308536
448512806
28846807
37717545
358522755
360516590
28846807
391982230
38773482
278674298
427900067
269256858
452502363
35264978
427401464
400200775
392816605
440139568
405748955
402615237
398815687
28846807
27996029
445004012
46286946
276885670
398815687
59607312
358114166
35803599
377264564
271225547
448512806
365256585
410945542
65141140
440378617
401296098
28846807
372773819
452551165
401509627
404554524
475094756
19857743
515507024
436678174
328171551
405598678
475732934
328391268
21093246
546456424
28846807
470335691
425857904
422492819
412783046
468362971
35803599
459692758
38773482
424011549
470335691
273897624
26345676
41969866
357082467
459546338
399089009
446871993
414479981
440796865
482507094
380785748
448514519
48608276
450589835
457047498
474023753
355258443
271225547
400937574
29659755
402615237
38773482
63694371
384830314
433933690
50761693
64607333
479547776
481691717
395565394
53021448
392379883
476110260
385585488
457479348
433707929
40476744
439724544
31357379
437511146
276885670
390601402
467933379
40953705
546456424
359779023
396945869
400216885
400037441
453007397
38773482
546456424
266624356
370125354
380068133
40476744
476110260
323421122
436091570
19857743
38773482
526951663
51013293
437511146
322803871
39371706
422492819
459546338
28846807
38630528
427591710
27319436
31582581
24154945
370204805
23863005
268994683
264236645
28344713
369817753
437587215
51917228
26345676
24206524
63055183
35264978
35803599
447199321
266626132
23335974
38773482
429010260
35803599
38773482
285039893
364535126
564506427
458107708
55348644
40476744
288079614
392816605
26622006
29474853
31357379
344520392
592009804
359799140
40476744
286429651
337034195
364533701
37743693
38773482
38773482
450895369
485832433
359799140
400369791
583470755
27996029
583470755
591775453
355106181
583470755
588998285
28846807
35803599
583470755
583470755
583470755
583470755
35803599
546456424
405748955
583470755
576784664
591370791
583470755
21737374
583470755
592009804
591757057
583470755
28846807
268994683
592009804
448514519
592009804
584654536
515507024
40086013
515507024
591757057
66833767
