271234682
36001944
269297647
331908003
27889429
36001944
27889429
331908003
36001944
27889429
36001944
461708483
274644159
27889429
36001944
461708483
274644159
269297647
36001944
574726133
271234682
36001944
331908003
374505553
564501720
554217092
36001944
331908003
461708483
36001944
554217092
36001944
274644159
36001944
331908003
564501720
36001944
557966798
271234682
557966798
36001944
36001944
265905299
36001944
36001944
331908003
557966798
36001944
562908394
271234682
36001944
36001944
36001944
36001944
36001944
588377550
36001944
36001944
554217092
36001944
274644159
483907422
574726133
