28166099
523369080
66258069
31797031
523369080
53021041
523369080
53021041
32236940
523369080
367266806
37121613
35824322
523369080
53021041
35824322
340910232
523369080
524116182
523577325
63477250
523369080
67113170
523577325
59111377
350615808
31797031
523369080
28166099
523369080
524116182
523369080
317962706
59111377
523369080
35824322
523577325
523369080
67113170
522507454
523369080
53021041
316029137
523369080
32236940
35824322
307563206
448895447
523369080
53021041
523402169
490556899
523369080
562304338
53021041
523369080
300120915
523369080
523402169
276200707
340286719
68074268
523369080
293956673
276200707
523369080
31797031
584989404
523369080
31797031
523369080
523902335
276200707
523369080
318054504
523369080
318054504
523369080
66258069
523369080
267860153
584989404
523577325
276200707
523369080
523577325
32236940
524116182
523369080
584989404
31797031
523369080
318798469
63477250
66258069
63477250
523577325
66258069
63477250
276200707
523369080
584989404
63477250
523369080
53021041
300120915
523369080
584989404
523369080
523369080
273733160
584989404
523369080
523902335
59111377
523369080
63477250
523577325
524116182
523369080
67113170
66258069
31797031
66258069
26871371
53021041
523369080
65122758
31797031
296775370
523369080
523369080
527513743
584989404
53021041
31797031
67113170
523369080
542356022
523369080
63477250
523577325
523369080
67120787
542356022
584989404
67140242
340910232
523577325
32236940
584989404
63477250
584989404
53021041
293956673
584989404
524116182
584989404
523577325
