390373336
41960140
22143757
20181761
390373336
25954525
22143757
314949769
377607989
309526248
508462185
390373336
57756675
390373336
377966124
24526682
279503371
377607989
296915530
390373336
54528862
377607989
586462414
469144805
35948182
347934241
561139833
311962405
590410872
360712440
279503371
586489632
52712292
586462414
27576688
586462414
586459346
377607989
29626471
561139833
586462414
279795246
377607989
353714367
377607989
320138378
401714383
539276148
279503371
327609798
279503371
586462414
320138378
279503371
301038153
57756675
302054180
39280128
20304750
377607989
46553588
296748906
24633072
360712440
547321628
314949769
267889803
390373336
377607989
327928408
390373336
390373336
360712440
377607989
64719023
566502806
22678006
390373336
57756675
401714383
327928408
377607989
541969120
353714367
377607989
586462414
401714383
320138378
377607989
500684207
401714383
22143757
57756675
360712440
401714383
589418446
401714383
279795246
560205247
589418446
377607989
481218630
401714383
347934241
401714383
563477420
327928408
377607989
401714383
340606047
401714383
319472169
318343652
22143757
277426378
25954525
314949769
377607989
429735496
296915530
453686249
411935263
19773517
344340237
318343652
360168646
464466457
41469859
362675268
313549025
377607989
390373336
391395706
362675268
459571426
279503371
315985112
390373336
279503371
500684207
54519365
32223588
311962405
344808928
370135406
344910205
360712440
29626471
359524853
377607989
434971262
464466457
29626471
390373336
327609798
377607989
500684207
475282734
377607989
390373336
503136532
302054180
42151971
327928408
380942991
377607989
464466457
500684207
46553588
39280128
377966124
327928408
390373336
22143757
320138378
401714383
539276148
315985112
390672616
279503371
380913530
39280128
279503371
586462414
390373336
500684207
377607989
320138378
390373336
377607989
46553588
26751394
267889803
360712440
57756675
268384764
547321628
343135817
377607989
327928408
46553588
279503371
500684207
319472169
327928408
384644167
46553588
319472169
390672616
380913530
27881563
453850130
57756675
377607989
296915530
301986644
353714367
377607989
327928408
57756675
377607989
558460795
377607989
360712440
57756675
327928408
25954525
390373336
411935263
566502806
464466457
469144805
39309592
301986644
57756675
390373336
377607989
36448324
37284355
401714383
488458055
541969120
299984457
411935263
401714383
320138378
377607989
24957926
327928408
390373336
29626471
401714383
390373336
377607989
401714383
296915530
360712440
353714367
401714383
24736909
63615902
314949769
411935263
377607989
390373336
28546207
327928408
377607989
390373336
500684207
559956805
560205247
377607989
401714383
32029360
377607989
24736909
36448324
296915530
24957926
28363981
35178234
311962405
20841524
20589595
29626471
57756675
401714383
64021219
52712292
320138378
589318681
360712440
267642072
57756675
377607989
390373336
360712440
54528862
401714383
377607989
541969120
586719994
401714383
20181761
401714383
591941749
360712440
26156105
560205247
377607989
401714383
309526248
26156105
401714383
563477420
327928408
586462414
401714383
586462414
377607989
561132314
401714383
266955522
265758337
320138378
360712440
401714383
360712440
401714383
360712440
401714383
591137247
401714383
21885562
23687148
401714383
