20591226
24055089
328986815
19938089
24055089
24055089
508574068
383596332
327914202
328986815
24055089
20591226
26448329
283898138
20244140
26930191
363178276
20244140
26044542
449359472
327914202
328986815
360692412
55048181
20244140
382614750
267356850
328986815
539833803
400767256
328986815
328986815
488214471
437116247
360692412
20244140
53828707
360692412
36432940
328986815
328986815
589431526
328986815
328986815
582160112
328986815
24055089
562817931
328986815
589431526
328986815
377847124
328986815
24055089
20244140
20244140
508574068
589431526
20244140
328986815
328986815
328986815
377847124
427877577
328986815
328986815
328986815
328986815
28721377
328986815
20591226
22077341
19938089
295495102
360695837
20591226
328986815
26420283
22077341
26930191
328986815
20244140
589431526
26044542
581612583
36432940
328986815
19936074
27336383
562817931
328986815
377847124
55048181
545688549
311686756
20591226
60005712
328986815
377847124
328986815
328986815
356166887
28721377
382614750
562817931
28508400
511695541
25559498
20591226
20591226
363999456
19938089
20244140
565914773
524289208
26448329
