500350709
485804479
417540930
491556862
524799310
514354060
491556862
494294498
418478901
511649225
524799310
442698568
605787700
485804479
26978967
509162785
577666960
442698568
450524761
490818754
330253262
491556862
442698568
587028848
521990766
498710585
442698568
514615437
500350709
550466649
494294498
442698568
588598949
491556862
605787700
384719972
488569944
491556862
442698568
450524761
605787700
500405575
26978967
442698568
380452959
433301513
498710585
491556862
442698568
488569944
523274666
26978967
442698568
509426117
500350709
498710585
442698568
550466649
533516067
386706911
26978967
442698568
456676614
581168340
605787700
526751888
605787700
418478901
524131013
304381759
570005869
538326774
498710585
26978967
450524761
524131013
442698568
588598949
491556862
442698568
450524761
491556862
442698568
26978967
450524761
527443882
491556862
442698568
588598949
491556862
442698568
488569944
605787700
495032830
491556862
442698568
605787700
491556862
442698568
500350709
605787700
442698568
26978967
500350709
605787700
513996134
442698568
26978967
605787700
494294498
442698568
417470960
605787700
498710585
442698568
488569944
588598949
26978967
442698568
455770352
484592376
26978967
491556862
591856459
442698568
488569944
456676614
526751888
498710585
442698568
558165394
498710585
442698568
494294498
26978967
442698568
488569944
418478901
610958254
442698568
299654015
498710585
442698568
488569944
442698568
491556862
442698568
587333455
442698568
442698568
509162785
442698568
605787700
442698568
442698568
526751888
21538740
490996516
494294498
509162785
550466649
491556862
524799310
299654015
26978967
514354060
433301513
524799310
491062718
447034431
531695884
414722026
511701533
442698568
330253262
458667315
509162785
509426117
393612624
488569944
35653724
485804479
521990766
500350709
442698568
498136453
369298368
510672488
417811667
26978967
503474292
435331660
35653724
491556862
375749377
488569944
494294498
464377170
486988804
265753089
65562893
503509288
405790868
386706911
433301513
507198233
502515842
26978967
509426117
516033529
509162785
491556862
521308318
458667315
482726241
410340637
417811667
494333318
499889306
521308318
491556862
513919326
504139591
510217729
509426117
527168914
509426117
539359115
342724662
498710585
431426763
494294498
342724662
509677368
519118199
26978967
417540930
433301513
494294498
570005869
498136453
486988804
26978967
488569944
342724662
442698568
26978967
299654015
550466649
514354060
491556862
447034431
494294498
511568951
509162785
442698568
459470996
491556862
527168914
498710585
442698568
459470996
500350709
516033529
491556862
330253262
484592376
26978967
493532612
491556862
494294498
491062718
491251984
417811667
487045784
498710585
342724662
525581034
450524761
456676614
491556862
425082133
519118199
491251984
417811667
487045784
488569944
457541027
424539404
417811667
491556862
509742326
486988804
488569944
494294498
498710585
491556862
504524068
495032830
514119446
491556862
498710585
442698568
495032830
570183575
488569944
495032830
516577251
491556862
494294498
495032830
513541577
26978967
494294498
484995831
417811667
491556862
494294498
26978967
522323186
299654015
511701533
417811667
494294498
26978967
495032830
585117788
509162785
488569944
417811667
26978967
488569944
442698568
538671188
546242102
405488433
494294498
531695884
524799310
491556862
438387295
514354060
433301513
521990766
542756605
442698568
502515842
417811667
514354060
442698568
424539404
438387295
498136453
447034431
488569944
509162785
523274666
455770352
577368958
386706911
509742326
517767185
450524761
585043097
524131013
527637911
510672488
26978967
509677368
405790868
417811667
527980771
511263037
509713224
498136453
289849371
591465494
511263037
447874439
519945119
592037787
517187488
517919388
516805784
514837730
514354060
503509288
591465494
510217729
442698568
500874962
515382129
591465494
342724662
591965969
487794341
455770352
509426117
514363885
514615437
515462341
516805784
510676657
459470996
498710585
588598949
299654015
495032830
426287968
517506009
519118199
493532612
411941848
514997081
518615604
491556862
491073229
504524068
456676614
577368958
529297593
531671616
417811667
438387295
491556862
495032830
494612043
507198233
417540930
584987693
498710585
527980771
493532612
558165394
509677368
522323186
488569944
488569944
26978967
577368958
496936154
592079423
456676614
459470996
411034811
591465494
488569944
509706181
591465494
581168340
417811667
342724662
591465494
26978967
442698568
494294498
581168340
26978967
498710585
26978967
592079423
507198233
459272898
591465494
456676614
591465494
491062718
588391603
546242102
20477086
330253262
546242102
519118199
500350709
41601302
41601302
488569944
491556862
507198233
433301513
424539404
521990766
494294498
