435057916
593087752
463414447
435057916
593087752
442985261
593087752
518837184
463414447
435057916
593087752
317196874
463414447
455463599
435057916
593087752
593087752
435057916
423089184
593087752
463414447
435057916
593087752
435057916
593087752
435057916
518837184
442985261
593087752
527879479
435057916
527881215
593087752
435057916
518837184
593087752
435057916
518837184
593087752
435057916
518837184
593087752
518837184
534382049
593087752
518837184
423089184
593087752
442985261
435057916
518837184
593087752
488476061
518837184
263935842
518837184
423089184
593087752
403357833
518837184
518837184
