36008459
321323842
36008459
286558429
36024069
266524232
321323842
36008459
46903720
449511339
286558429
269403839
36024069
268990092
36024069
269403839
411514786
268990092
355145820
36024069
65071219
346134344
321323842
269403839
356093474
36024069
347317135
66016349
347317094
46903720
36024069
286558429
66016349
346134344
269737878
66016349
346134344
269403839
593548617
268990092
321323842
289741121
269737878
36024069
268990092
386500806
346134344
289741121
378350727
411514786
65071219
66016349
286558429
347317135
269403839
269403839
386500806
269403839
289741121
386500806
