315244741
318955478
308214926
505818236
34923596
433625831
22672538
301202283
357224450
464735756
464735756
338842424
521171582
341173260
20100408
550589006
394711852
361069302
510871468
22672538
396156440
569852550
37031635
339685653
19652254
266743080
57942172
544613555
34923596
266743080
391801580
589967099
563629432
433625831
28938525
547991998
585017509
610739411
325087410
524409298
456677257
568357170
315244741
503470464
565597882
551509900
433625831
360122740
314975201
551509900
537550399
425697416
266743080
54403217
551509900
338247092
20943539
551509900
521171582
341173260
588377789
338842424
381339068
20943539
602924029
610739411
504201568
315244741
360122740
585017509
551509900
435831351
582734197
568357170
510871468
369756185
518963404
518963404
524409298
396156440
330769012
54403217
22672538
555438330
584586865
531286754
499267318
339685653
20943539
22547701
341173260
525735707
568357170
580150438
360122740
266743080
582598880
521171582
369756185
585017509
20943539
521171582
303577837
556064518
353341022
358879294
518963404
274197649
577004439
584586865
461086235
558727595
610739411
588356962
576464536
588435528
569889240
569858823
568357170
37031635
339685653
576464536
568357170
610976758
330769012
274197649
266743080
566318937
561006474
585519048
510780563
20943539
266743080
603626510
19811077
330769012
577971200
577971200
369756185
274197649
537550399
537550399
22672538
610739411
435831351
46898695
568357170
313174231
433625831
488083029
506343024
376856281
518963404
57942172
325625246
551509900
266743080
54403217
568357170
361069302
441285248
568357170
569852550
551509900
550891060
558727595
391801580
338705949
518963404
391801580
557805315
589777843
325087410
341173260
319789086
396569199
330769012
456677257
376567574
266743080
67003623
586561146
568357170
54403217
57942172
19652254
339685653
396569199
439207963
439915501
551509900
568357170
301400849
396156440
435831351
403690131
588377789
358879294
364356336
504201568
591371481
551509900
435831351
266743080
582734197
271562679
338247092
369756185
573121761
330769012
555438330
537550399
507210009
518963404
275533710
358879294
334730255
591205947
580150438
520632466
583639661
369756185
545253773
325087410
582576204
556064518
353341022
577004439
338705949
274197649
20100408
375807570
532026840
302338694
576464536
588435528
22672538
569889240
60695586
518963404
569858823
394711852
356139605
587521715
339685653
576464536
381339068
19811077
585017509
330769012
435831351
566318937
561006474
568357170
510780563
545114953
338137697
330769012
577971200
34923596
524409298
577971200
435831351
520632466
20943539
369756185
63187225
274197649
544613555
561887542
571910830
585017509
537550399
22672538
559732689
55427110
19912421
569770290
521171582
354704444
592026000
22672538
435555136
337848509
330161413
317412468
551509900
389974678
394711852
361069302
384570319
558809780
569852550
22672538
441285248
376856281
323305447
569770290
307817111
441285248
569770290
307817111
384570319
547991998
583639661
266743080
515959043
324127038
360888575
376856281
557805315
338842424
374070629
330769012
341173260
325750864
573121761
59977836
512966128
526222404
537550399
325087410
276895659
266743080
472302777
469864573
314975201
588377789
358879294
350591426
463430941
504201568
435831351
487164047
586466187
582734197
369756185
583505168
330769012
568357170
555438330
435831351
339685653
592066626
480702443
580150438
381339068
384570319
54403217
369756185
441285248
498114904
591371481
582576204
381339068
323275313
556064518
353341022
577004439
483698040
391801580
303577837
584586865
576464536
559955585
588435528
591935290
499267318
439207963
569858823
322859713
439207963
510037138
275533710
560217385
587521715
586466187
576464536
266743080
330769012
566318937
561006474
339685653
318955478
510780563
585017509
551509900
274197649
568357170
54403217
308571486
406488375
314975201
330769012
577971200
537550399
504414610
577971200
358879294
580150438
356139605
369756185
360122740
583550464
274197649
561887542
585017509
341173260
360122740
559732689
537550399
438760685
59510269
383492724
568357170
303834689
360569424
326580144
302338694
407843533
521171582
266743080
385858975
512966128
412481856
551509900
464735756
589828903
537550399
361069302
339685653
35857147
569852550
442621874
394711852
551509900
314975201
368702572
308490354
297850659
568357170
557805315
547991998
303577837
525735707
330769012
394980854
54403217
59510269
565597882
520829389
568019119
435831351
319948512
330334491
301400849
265308662
529600628
525735707
521171582
334730255
568357170
588377789
537550399
486630673
59510269
504201568
20943539
537550399
582734197
314975201
484038327
360122740
330769012
584951247
568357170
545885414
555438330
357224450
585017509
20565314
394574279
529600628
580150438
533957490
369756185
433696129
582576204
20943539
556064518
353341022
577004439
527969348
484038327
576464536
544613555
339685653
485256886
565597882
588435528
381339068
569858823
338137697
274197649
394711852
560217385
435831351
587521715
537550399
367629230
576464536
529600628
587184530
330769012
561006474
568357170
510780563
308571486
575415798
406488375
550612540
587477379
330769012
577971200
547991998
577971200
580150438
365214451
537550399
369756185
338247092
588437260
