336283327
494478031
374384561
454600069
336283327
347533602
336283327
374155867
454600069
494601266
336283327
454600069
419216385
336283327
419216385
336283327
317849293
40391890
336283327
419216385
317849293
336283327
454600069
336283327
419216385
494731905
419216385
419216385
374155867
588499925
336283327
494675977
489699578
460929335
365203053
336283327
489699578
324945115
336283327
419216385
543857383
457883391
336283327
454600069
419216385
336283327
419216385
374384561
336283327
517513975
336283327
40391890
553814576
336283327
310852751
313645758
419216385
537461896
336283327
532306781
419216385
513292745
336283327
334881398
457883391
369749769
313645758
334881398
324630697
317849293
313645758
343284466
505894676
402249465
313645758
505894676
336283327
307643696
334881398
324945115
336283327
535552670
553114275
57686340
40391890
313645758
419216385
555291801
374155867
505894676
336283327
419216385
369749769
324945115
532306781
336283327
535552670
521187986
336283327
324945115
336283327
313645758
454600069
584728206
366180764
336283327
592012524
324945115
468679496
336283327
324945115
336283327
349222156
454600069
592012524
336283327
538268109
336283327
369749769
347533602
336283327
536346064
374155867
503049180
374290009
336283327
334881398
496816543
324945115
336283327
334881398
454600069
336283327
334881398
369749769
336283327
419216385
336283327
40590028
313629503
457883391
374384561
462775768
336283327
344339219
494478031
307534769
494478031
489699578
494675977
307534769
494675977
494478031
336283327
369749769
494675977
494601266
494731905
307534769
425861873
437367982
310852751
494731905
453279998
530037594
317849293
374384561
419216385
494478031
465308981
374155867
453307351
454600069
369749769
334881398
369749769
374384561
54351833
494478031
448183132
40391890
454600069
494478031
374155867
313645758
454600069
437367982
460929335
434262907
313645758
334881398
57686340
437367982
494675977
336283327
374384561
313645758
457883391
494675977
454600069
347533602
494731905
425861873
374155867
307534769
361154139
347533602
313645758
374384561
307534769
374384561
374155867
425861873
465308981
341280187
351171472
374155867
437367982
494601266
494478031
313629503
374290009
354842148
460637225
374384561
313645758
374155867
412541935
313629503
338111778
374384561
313645758
374290009
324945115
402249465
348205355
454600069
387205427
375646049
317636928
313645758
347533602
324945115
369749769
374155867
517513975
369749769
425861873
313645758
427515956
365203053
374290009
317849293
313645758
319718034
313645758
457883391
468679496
324630697
268805281
313645758
494601266
460606890
308866332
458331006
336283327
454604785
374155867
324630697
336283327
268805281
457883391
400088125
347533602
374155867
470025282
313645758
364329047
328023538
460637225
313645758
454600069
386690355
324945115
494478031
313645758
343284466
336283327
494601266
313645758
334881398
457883391
374155867
344636898
324945115
374155867
336283327
347533602
374155867
457251961
268805281
454600069
369749769
374384561
307534769
334881398
336283327
307534769
454600069
412541935
307534769
460637225
365203053
317849293
336283327
324945115
394432502
40391890
347533602
405047637
344339219
494601266
344339219
34936866
532325752
317849293
326005243
347533602
317856930
313646351
336283327
494601266
400088125
343284466
365203053
284480612
543857383
328023538
434262907
553814576
324945115
40391890
454600069
317856930
334881398
310852751
454600069
322744649
427515956
322744649
369325232
313645758
324945115
374290009
344339219
412541935
317636928
307534769
380733776
317856930
313629503
375646049
517513975
313645758
375646049
465308981
40391890
317849293
460836788
318065050
40391890
307534769
324945115
374384561
434810927
424655812
364329047
454600069
328023538
317636928
460929335
344339219
413842558
313645758
324945115
427515956
344339219
425861873
494601266
347533602
374215930
354842148
412541935
326005243
340891968
374384561
434810927
468679496
295105045
365203053
317849293
460495496
324945115
324630697
336276375
268805281
374384561
454600069
388140394
313645758
334881398
457258746
307534769
374384561
336283327
470025282
413892575
315088520
324945115
494601266
374155867
430447298
457258746
494601266
318065050
454598446
336283327
343284466
268805281
494601266
374215930
347533602
313645758
374155867
457883391
307534769
347533602
313645758
454600069
313629503
307534769
334881398
374155867
40391890
400088125
313645758
322744649
324945115
334881398
494675977
460637225
374384561
324945115
369749769
313645758
301959403
374155867
324945115
268805281
322744649
326005243
369749769
374155867
374384561
347533602
324945115
369749769
343284466
454600069
347533602
324945115
336283327
313645758
307534769
347533602
40391890
453307351
374155867
454600069
313492534
313645758
374155867
48272530
336283327
22958534
494478031
419216385
35942771
313645758
347533602
454600069
374290009
317849293
344991713
389377293
324945115
306299667
569630625
379969211
324945115
336283327
457883391
336283327
553114275
336283327
494478031
454600069
336283327
336283327
324945115
336283327
369749769
336283327
369749769
268805281
369749769
336283327
336283327
317849293
