269467871
27062642
281012925
21081844
21611865
65792357
21081844
550886876
21768827
21081844
21768827
513702805
275268838
21081844
21768827
368167303
21081844
64094715
21611865
27062642
20758010
21081844
58193735
27062642
37876985
576668248
587708275
21081844
20758437
27062642
51801376
50219866
21768827
55998697
541341019
551173965
542744677
550886876
64094715
21081844
379229712
55998697
27062642
541958374
64094715
27062642
64094715
305299279
558997985
276440381
55998697
55998697
21768827
467927134
514631995
576668248
459523762
461672865
27650238
558997985
514631995
514631995
500886899
64094715
569980584
20758437
376074236
336428861
27062642
541341019
321544505
283757698
512003449
385674921
371582946
20758437
279932112
