19975840
21882802
21062271
19975840
21870375
320851135
19975840
321944957
346134344
320851135
19975840
24823343
347317135
320851135
347317094
19975840
346134344
320851135
19975840
346134344
19975840
290273946
320851135
346134344
19975840
290273946
320851135
347317135
19975840
290273946
270533654
19975840
290273946
19975840
19975840
19975840
19975840
19975840
19975840
19975840
19975840
19975840
19975840
19975840
19975840
19975840
19975840
19975840
19975840
19975840
19975840
19975840
19975840
19975840
19975840
19975840
19975840
19975840
