285202403
341953763
547728200
461354739
333301588
483498580
310102528
523521515
458199968
547728200
285202403
448330049
524073535
333301588
477274909
471238373
285202403
524073535
285202403
524073535
372179785
523521515
422521822
510873202
461354739
524073535
547728200
285202403
413813311
524073535
372179785
310102581
344231876
524073535
524073535
448330049
524073535
461169562
507763885
524073535
273910173
448330049
524073535
448330049
510527941
508977221
372179785
523866105
515660150
490095528
413813311
524073535
601451868
448330049
524073535
471238373
524073535
273991528
372179785
524073535
591402154
581038733
524073535
510873202
576114739
523521515
523521515
413813311
316549391
312010273
413813311
413813311
523521515
582549558
448075048
413813311
547728200
465553072
458683697
590941170
465553072
347692093
591520695
483498580
590941170
523734941
413813311
524073535
325915446
576114739
599355386
587086295
590941170
413813311
347692093
285202403
341953763
533040599
333301588
285202403
523568956
547728200
283826758
372179785
310102581
475904272
471238373
285202403
524073535
310102581
461354739
547728200
350632777
533040599
449654298
439275803
