26987363
59182074
307565479
24787883
439573795
359999671
24787883
359999671
459647579
581157708
315219056
536656690
359999671
439573795
59182074
307565479
359999671
24305237
21718493
393126635
590667092
591903873
315219056
460366528
590667092
24787883
59182074
47039237
315219056
37603423
47039237
26987363
526126353
400643083
24787883
591903873
26421804
448553792
33409233
390167441
393126635
24305237
446272904
591903873
390167441
26987363
48846924
307565479
47229428
47039237
47007421
393126635
591898136
591293607
59182074
459497973
315219056
532023153
393126635
307565479
270592591
301311426
59182074
590667092
349338389
28832722
59182074
24305237
59182074
383416480
47229428
59182074
47229428
530933606
453645677
59182074
47229428
28832722
37603423
401503862
590690892
383416480
24787883
301311426
591903873
335431773
24305237
31220621
591903873
338230729
307565479
590673298
380657847
459647579
393126635
26987363
47229428
301311426
393126635
393126635
591903873
393126635
400643083
363081192
591449312
452766952
37603423
307565479
469969969
36908402
26901115
465312347
315219056
307565479
59182074
307565479
46068798
24787883
359999671
37603423
59182074
47039237
338230729
307565479
59182074
393126635
315219056
393126635
24305237
27734271
305783976
59182074
24787883
315162972
24305237
27734271
26346798
24305237
307565479
24787883
315219056
24305237
459647579
336315422
315219056
24787883
26987363
315219056
485500546
47229428
454267052
451074577
400643083
453645677
318970227
24305237
307565479
388515171
393126635
315219056
37603423
335308005
315219056
27570499
453427125
315219056
386931570
59182074
24787883
344842848
37603423
318714101
544948310
37603423
37182790
24320384
393126635
392769770
454267052
37603423
450369350
389367898
400643083
28002607
393126635
28443063
24787883
33409233
501304282
24787883
47039237
453427125
501304282
62726651
400643083
501304282
379239312
501304282
24305237
400643083
501304282
389432623
400643083
335431773
24305237
36908402
23737841
359999671
501304282
501304282
450369350
393126635
28832722
54913627
59182074
501304282
400643083
323418425
393126635
47007421
465312347
24320384
59182074
449091553
307565479
56098605
26901115
275810684
320046139
359591676
27734271
37603423
27734271
363081192
275810684
375672890
27734271
526126353
47039237
36908402
385482640
382868816
56098605
385104899
24787883
450369350
392769770
59182074
24787883
37603423
33409233
452201815
390167441
383367170
48846924
313507882
383367170
37182790
62731420
465312347
385090059
393126635
532023153
400643083
33409233
59182074
318970227
299402433
336315422
24787883
460934186
310254888
338230729
393126635
24320384
460934186
26987363
344842848
310254888
388515171
393126635
264430924
465312347
344842848
383367170
299402433
315219056
389367898
328085313
383416480
37603423
452432617
24305237
591903873
322278447
400643083
40448144
337220532
450497223
400643083
452957045
377485435
400633763
393126635
400643083
524020008
400633763
591903873
40448144
24787883
590690892
393126635
400643083
400695440
590549129
315981766
24320384
590690892
393126635
501304282
590667092
24787883
393126635
591449312
26987363
62731420
307565479
36908402
23035084
24305237
47007421
24305237
37603423
24305237
37603423
383416480
47229428
33409233
24305237
393126635
62731420
459647579
24787883
