532307247
543818891
537302099
534305209
532307247
534535154
534305209
534535154
514286129
514286129
534305209
514286129
384358126
518595919
384358126
520644862
520644862
384358126
514286129
384358126
514286129
480422080
384358126
482706090
514286129
461629276
444967749
482706090
461629276
384358126
444967749
462555721
424598539
437819168
384358126
384358126
437819168
384358126
384358126
384358126
405688175
384358126
405688175
384358126
384358126
405775996
384358126
384358126
405688175
384358126
403299877
405775996
405688175
384358126
403299877
405775996
405688175
384358126
377280168
405688175
384358126
405688175
384358126
377287791
377360816
405688175
384358126
377287791
380042956
405688175
384358126
377360816
405688175
384358126
377360816
405688175
384358126
377287791
386336658
384358126
386886230
405688175
380042956
405688175
384358126
380042956
377287791
384358126
380042956
377360816
384358126
377287791
377360816
384358126
377287791
386886230
380042956
384358126
386336658
377360816
377287791
380042956
384358126
386336658
377360816
377280168
380042956
377287791
386336658
377360816
377280168
380042956
377287791
386336658
380042956
377287791
380042956
377287791
380042956
377287791
380042956
380042956
377287791
384358126
384358126
437819168
405688175
403299877
377280168
405688175
384358126
377360816
405688175
380042956
384358126
377287791
380042956
386886230
377287791
380042956
386336658
377360816
377287791
380042956
377360816
377287791
380042956
380042956
377360816
380042956
