586959864
444337571
322071149
59129998
269000316
307178887
444337571
500290290
412349017
591878086
322071149
59129998
591878086
444337571
269000316
448571363
59129998
269000316
448571363
536249668
277777869
417817841
444337571
567442191
492570611
277777869
419137212
494922595
269000316
360089284
444337571
448571363
444337571
362177591
277777869
517949611
367515313
59129998
419137212
269000316
343813304
444337571
343813304
492680128
536249668
492570611
444337571
539591534
59129998
375948838
362177591
303342819
421737317
362177591
423787899
524270846
573610115
322071149
456223849
400732858
269000316
523540158
264326769
59129998
444337571
47048807
362177591
423787899
322071149
512175513
322071149
47048807
