326702407
431628658
370636337
584572942
477725053
435692918
370636337
584572942
452638376
477725053
360521349
370636337
431628658
413603428
322755066
374260540
370636337
431628658
372702915
374260540
370636337
320965131
357613736
374260540
370636337
320965131
323061147
357613736
374260540
370636337
320965131
356360037
357613736
374260540
370636337
320965131
356360037
357613736
374260540
370636337
335865098
356360037
374260540
370636337
323061147
335865098
374260540
370636337
323061147
335865098
333378379
374260540
370636337
323061147
335865098
333378379
370636337
323061147
335865098
333378379
323545312
370636337
323061147
323800713
333378379
323545312
370636337
323061147
322722321
333378379
323545312
370636337
323061147
322722321
333378379
323652516
370636337
322343355
322722321
333378379
323652516
370636337
322343355
313222563
319542679
370636337
322343355
319655427
319701819
319210995
370636337
322343355
319655427
319701819
319542679
370636337
322343355
319655427
318469951
370636337
322343355
319655427
312979547
319542679
370636337
322343355
319655427
318152967
319542679
370636337
322343355
319655427
318469951
319542679
370636337
322343355
319655427
318152967
313018921
370636337
317907270
318434195
317951690
370636337
317907270
317731668
318152967
317951690
370636337
313383971
317731668
318152967
313703950
370636337
313383971
317731668
318152967
316144816
370636337
313383971
317731668
318152967
312979547
370636337
313383971
313026412
314056286
312979547
370636337
314195072
313703950
312979547
370636337
313704489
313703950
313043100
370636337
313219218
313043100
313003884
370636337
312470583
313703950
313043100
313003884
370636337
313052737
313703950
312890650
313003884
370636337
313052737
313703950
312890650
313003884
370636337
312887880
312069031
312890650
313003884
370636337
312887880
312890650
313003884
312887880
370636337
586665835
584572942
575247841
370636337
575247841
370636337
584572942
575247841
370636337
414955782
584572942
370636337
421315561
439557810
370636337
370636337
431628658
370636337
421315561
405449706
429216259
370636337
375529788
405449706
320965131
374260540
320965131
323061147
374260540
358536751
320965131
364795953
322755066
374260540
360390184
320965131
374260540
320965131
357613736
374260540
344034177
320965131
357613736
323061147
374260540
335865098
347927371
356360037
323061147
333378379
325015693
313027030
323061147
333378379
335865098
313222563
323061147
312979547
335865098
332696065
323061147
333378379
335865098
323800713
317731668
323061147
333378379
335865098
313003884
312979547
323061147
333378379
335865098
323545312
323061147
333378379
326581622
323061147
335865098
326702407
312979547
323061147
333378379
335865098
323061147
326702407
333378379
323800713
323061147
313222563
333378379
326702407
312887880
333378379
326702407
312979547
322343355
333378379
323800713
323652516
315352650
326702407
323545312
333378379
312890650
323652516
322343355
319708595
312979547
317731668
322689591
322343355
319655427
313018921
313003884
319210995
322722321
319655427
318434195
313383971
312887880
319655427
317731668
316144816
313957472
317907270
333378379
319542679
316144816
335865098
318152967
323652516
319542679
313018921
316380501
318152967
316144816
318469951
319655427
318152967
319701819
319542679
323652516
319210995
318152967
322722321
319542679
323652516
319210995
319701819
319655427
323652516
314056286
319655427
323652516
319542679
313383971
319655427
313472698
575247841
477725053
470391434
430895175
477725053
450483219
431628658
435886680
434589154
435886680
427623944
448684537
435886680
413603428
405449706
374260540
398609925
394632668
374260540
320965131
371266246
384940441
374260540
319068934
320965131
376389109
374260540
322755066
372702915
320965131
374260540
369035360
320965131
374260540
364795953
359295889
374260540
320965131
357613736
374260540
320965131
356360037
355675364
374260540
357613736
347927371
356360037
322755066
323061147
323800713
374260540
323061147
356360037
374260540
335865098
323061147
356360037
338246610
335865098
333378379
323545312
330688175
326702407
335865098
325015693
335865098
333378379
319791784
323652516
335865098
333378379
323545312
323800713
326702407
335865098
333378379
323545312
323800713
317731668
335865098
333378379
326702407
317731668
323061147
333378379
326702407
323545312
323652516
322722321
333378379
313167984
326406395
323652516
326702407
333378379
325015693
319655427
322343355
326702407
319701819
322343355
333378379
323652516
313222563
333378379
322722321
312396768
322343355
323545312
333378379
318469951
312887880
322722321
319701819
333378379
323652516
323061147
322343355
319701819
333378379
323652516
317907270
323545312
318469951
333378379
323652516
319542679
323545312
319655427
322343355
323545312
319655427
322343355
322722321
313203755
319701819
322722321
319655427
319701819
323652516
317907270
323545312
319655427
322343355
319701819
319701819
319655427
313383971
312069031
312082476
322722321
313383971
312629082
313018921
319701819
312979547
319655427
313383971
313018921
313003884
315964597
318152967
313018921
323652516
478813456
477725053
451031640
451997676
452030826
451932314
434589154
436955029
431154293
427623944
413603428
311895147
403791226
413603428
372608740
401094336
402048523
405449706
377883762
384940441
320965131
374260540
386350438
382875225
384940441
374554751
374260540
377967035
384940441
376389109
372702915
369035360
373930656
320965131
357613736
372702915
374260540
371641844
369035360
374260540
364581460
320965131
364795953
374260540
360521349
320965131
374260540
355675364
347927371
320965131
343165283
374260540
314056286
335358089
320965131
326702407
374260540
313222563
322343355
320965131
335666108
315352650
356360037
320965131
333378379
326702407
320965131
333378379
326702407
335865098
323061147
333378379
323800713
322722321
335865098
322689591
333378379
322722321
313165635
339507503
333378379
326702407
333378379
323800713
313222563
333378379
326702407
323545312
333378379
323800713
323545312
333378379
313167984
324150496
322722321
333378379
322689591
314626198
333378379
313167984
322343355
323545312
333378379
319701819
311413297
318469951
333378379
318440328
325015693
322343355
312697990
333378379
313003021
317731668
317731668
323652516
333378379
319701819
322343355
323545312
333378379
319701819
323652516
323061147
333378379
313383971
323652516
322722321
317731668
322343355
313027030
313222563
319655427
322343355
323061147
319771580
323652516
319089432
316688502
323652516
318152967
319655427
319210995
323652516
313084769
319655427
319701819
318434195
313165635
319542679
319655427
317622168
313222563
323545312
319655427
313003884
337067585
