318029752
55074585
55074585
318029752
28457301
48012202
318029752
318029752
438423333
318029752
571587592
318029752
318029752
48953191
551632667
438423333
318029752
391748803
318029752
38247259
55074585
318029752
571587592
26226108
557140302
55074585
318029752
28457301
349112689
55074585
318029752
318029752
349112689
318029752
438423333
550399148
318029752
318029752
571587592
318029752
26226108
20747985
526887764
318029752
349112689
318029752
55074585
318029752
489927391
318029752
574836858
55074585
571587592
318029752
571587592
318029752
573357024
571587592
318029752
513253848
571587592
318029752
19553510
571587592
318029752
26226108
318029752
395971925
318029752
578826337
55074585
318029752
318029752
349112689
318029752
318029752
55074585
318029752
55074585
438423333
318029752
30586763
55074585
318029752
55074585
349112689
318029752
318029752
318029752
318029752
349112689
318029752
318029752
318029752
