432431481
56878409
25486578
59826070
27558312
300058772
60055835
25486578
57090632
23761636
347865205
28180415
23761636
40067617
25486578
23761636
61294387
527646997
40067617
20676982
25486578
20676982
27558312
25486578
27558312
61294387
20676982
23761636
40067617
25486578
56878409
59826070
25486578
25486578
23761636
43303168
25486578
28180415
27558312
25486578
64861543
23761636
57105209
28180415
23761636
61676412
25486578
352592561
23761636
25486578
25486578
527646997
25486578
577203275
28180415
61294387
27558312
25486578
27558312
61294387
41141089
379664190
23761636
30042091
57105209
23761636
23751046
28180415
23761636
27558312
25486578
56878409
61294387
23761636
43303168
27558312
23761636
527646997
20508978
20676982
20676982
20676982
417520258
28180415
30042091
23761636
30042091
