439181464
489921817
397448710
520427167
574804235
533091304
326322053
523267001
520430155
430472561
536736761
519501173
442864174
417477872
520430637
533090219
302033972
491389926
533112992
442864174
370608217
533112992
442864174
439181464
532024299
590139129
439181464
588664152
536506939
520428517
503816093
439181464
305349590
483851136
439181464
442864174
351966469
533112992
442864174
520429054
442864174
439181464
430472561
588664152
442864174
439181464
574804235
383714595
354435411
461311862
439181464
588664152
412822852
439181464
588664152
412822852
442864174
439181464
546109829
442864174
439181464
567624108
588664152
439181464
490369714
442864174
439181464
442864174
591596201
442864174
464862723
397043075
442864174
442864174
442864174
442864174
496299566
533091304
442864174
439181464
591148978
591153570
442864174
442864174
588664152
391713052
442864174
425762666
590792846
514546039
439181464
533112992
533112830
439181464
494689113
442864174
591147017
591147017
588664152
591147679
591149948
588664152
591153203
591570035
588664152
489921817
433964567
489921817
505242375
326322053
434899906
520429539
428410731
533090219
533112992
412822852
370608217
540446455
533112929
370608217
328656372
543591712
439181464
529055903
428410731
323377560
505242375
328097290
370608217
520429054
520427982
412822852
434899906
442864174
434899906
536506939
442864174
374909018
491883479
549921373
442864174
464862723
540446455
397043075
442864174
533091304
483851136
442864174
442864174
496299566
302033972
351966469
412822852
438240011
533090219
464862723
520429054
439181464
588664152
520429539
520430155
533090649
412822852
347866637
536506939
529055903
356658044
489921817
438275307
442864174
520429054
404038168
439181464
489921817
533091304
533112992
520429054
442864174
533112992
412822852
523414515
323377560
505242375
425762666
439181464
535392477
383714595
439181464
439181464
430472561
588664152
439181464
439181464
359559764
412822852
430472561
374909018
354435411
397043075
442864174
496299566
596028262
395679723
533112830
442990429
397448710
271209371
439181464
397043075
464862723
529055903
489921817
433964567
328656372
425762666
529055201
541447844
489921817
397448710
533112992
412822852
434899906
520430155
536736761
417477872
540446455
520429054
449047337
370608217
588664152
533090649
412822852
323377560
503816093
354435411
351966469
529055201
370608217
588664152
412822852
439181464
533090219
383714595
323377560
354435411
439181464
491883479
442864174
490369714
442864174
541447844
464862723
439181464
442864174
442864174
496299566
442864174
514272372
442864174
391713052
442864174
378405572
397448710
