322365917
489718501
493423656
322365917
319253580
423220434
323385227
359587433
423220434
346274113
355755205
319253580
359587433
323385227
322365917
355755205
359587433
326743442
322365917
355755205
326743442
322365917
355755205
323385227
319253580
326743442
322365917
323385227
318343660
326743442
322365917
322365917
326743442
323385227
323385227
322365917
323385227
326743442
322365917
323385227
323385227
322365917
322365917
323385227
323385227
322365917
323385227
322365917
322365917
322365917
323385227
323385227
322365917
322365917
322365917
322365917
323385227
322365917
322365917
322365917
323385227
322365917
322365917
