431807546
35366076
403403980
442685545
403403980
412775510
24148907
454766708
442685545
412713058
422522195
591938638
60063861
436138893
412713058
461687691
435096725
412775510
368901650
60063861
29552475
466708903
64663823
368901650
316389064
412775510
591938638
454766708
442685545
407721368
412775510
435096725
451000106
375868993
412775510
403403980
585736068
454766708
64663823
412775510
311496706
587422496
316389064
412775510
29552475
60063861
538520025
454766708
407721368
316389064
412775510
60063861
454766708
339713774
412775510
454766708
435096725
403403980
29552475
454766708
484977538
422522195
463262803
458605579
412775510
64663823
454766708
305773419
60063861
466708903
435096725
29552475
412775510
484977538
404555645
29552475
433601263
442685545
34850870
454766708
466708903
580800592
461687691
64663823
311496706
583129465
412775510
454766708
463262803
60063861
412775510
454766708
477032760
484977538
412775510
60063861
412775510
461687691
412775510
454766708
29552475
412775510
591938638
435096725
29552475
412775510
408587909
591938638
29552475
412775510
408587909
407721368
64663823
412775510
375868993
484977538
591938638
395520566
454766708
426741190
591938638
29552475
442685545
454766708
412775510
591938638
60063861
454766708
376038250
591938638
456136769
454766708
591938638
412775510
408587909
454766708
29552475
408587909
454766708
426741190
412775510
591938638
408587909
29552475
60063861
454766708
408587909
591938638
29552475
534854131
408587909
591938638
64663823
442685545
591938638
29552475
461687691
591938638
29552475
408587909
29552475
435096725
408587909
29552475
412775510
408587909
60063861
60063861
477032760
428218442
403403980
484129373
449367400
422522195
454766708
390986063
442291361
395520566
463262803
349807163
60063861
461687691
35366076
454766708
466708903
60063861
29552475
368901650
339713774
548546790
461687691
484977538
381274102
591938638
528932878
528141326
435096725
265373495
412775510
461687691
442291361
29552475
60063861
376038250
484977538
454766708
300307302
265373495
403403980
29552475
60063861
484977538
583129465
412775510
507056203
488099542
412882037
442291361
426741190
461687691
454766708
442291361
488099542
437986554
454766708
29552475
412775510
446067657
580800592
29552475
484977538
358599643
316389064
508741896
442685545
403403980
454766708
488099542
507056203
473541871
60063861
461720459
538520025
371453704
446067657
311496706
454766708
395520566
442685545
22530188
463262803
454766708
412775510
431807546
454766708
474754379
454766708
484977538
548546790
488099542
410314395
60063861
454766708
463262803
316389064
422522195
29552475
454766708
408587909
412370005
29552475
316389064
408587909
446067657
29552475
484977538
588270305
60063861
442685545
454766708
449557621
29552475
403403980
528932878
403403980
528932878
60063861
408587909
446067657
588270305
528932878
316389064
403403980
395520566
408587909
484977538
461687691
454766708
29552475
64663823
484977538
461687691
449367400
408587909
484977538
395520566
528932878
446067657
408587909
466708903
29552475
528932878
408587909
461687691
29552475
422522195
588270305
449557621
454766708
484977538
29552475
408587909
29552475
60063861
449557621
446067657
466708903
29552475
408587909
29552475
470710097
449186894
461687691
34850870
403403980
422522195
477032760
358301003
64663823
412775510
358301003
443820391
403403980
449367400
365645838
442685545
384352712
449367400
316389064
395520566
368901650
29552475
463262803
66779848
461687691
23537676
375868993
580800592
40574948
403403980
29620836
520039438
265373495
29552475
64663823
431807546
454766708
412775510
316389064
384352712
375868993
442685545
407721368
60063861
29552475
305773419
422522195
40574948
403403980
64663823
375868993
412775510
461687691
400946090
474754379
452344915
29552475
433601263
463262803
408125324
29552475
368901650
412775510
403403980
404555645
407721368
328349304
412370005
395520566
60063861
64663823
316389064
480034935
356150263
403850942
20260597
449367400
319539954
484977538
422522195
395874140
454766708
407721368
466708903
29552475
484977538
403403980
412012454
368901650
29552475
412775510
408587909
29552475
408587909
442834402
507034704
454766708
426741190
461687691
21604303
29552475
454766708
422522195
461687691
395520566
311496706
454766708
403403980
60063861
520039438
64663823
461687691
408587909
449557621
60063861
403403980
395520566
422522195
454766708
461687691
403403980
408587909
461687691
403403980
29552475
461687691
403403980
442685545
454766708
407721368
408587909
466708903
449557621
580800592
528932878
408587909
31078219
449557621
29552475
528932878
408587909
454766708
449557621
29552475
403403980
488099542
403403980
466708903
29552475
507487091
461687691
408587909
29552475
64663823
29552475
488099542
454766708
60063861
461687691
29552475
403403980
457907864
548546790
585581528
403403980
477032760
461687691
370513784
463682636
403403980
29552475
34850870
368901650
548546790
375868993
410314395
442685545
376047096
21775136
60063861
403403980
461687691
456104898
444060453
461687691
34850870
376038250
60063861
528932878
428218442
403403980
538949887
349807163
29552475
454766708
378845717
461687691
449367400
422522195
407721368
488099542
344853593
449367400
407721368
29552475
376047096
461687691
477032760
437971776
507034704
449367400
449366410
358301003
459621679
400611982
330781023
29552475
446067657
437844123
29552475
368901650
422522195
383862991
375868993
498930638
64663823
463262803
404555645
412775510
40574948
403403980
507034704
60063861
534854131
463834566
44595002
345973057
375868993
534854131
416134524
431807546
487677833
403403980
488099542
64663823
449367400
316389064
416134524
431807546
407721368
403403980
433601263
449557621
311609361
407721368
29552475
422522195
534854131
407721368
29552475
442685545
422522195
408587909
449367400
29552475
64663823
408587909
465375936
474754379
384352712
36748467
269788588
412775510
395520566
422522195
29552475
403403980
528932878
