396245926
19835558
31119734
20344736
350716923
328696670
21727385
442678973
37114513
31119734
543083694
429253142
415536916
351744107
550832770
328696670
439522644
31119734
543083694
37973742
382749846
342145136
31119734
442678973
313933884
543083694
439219701
22975797
313933884
328696670
21727385
365898800
352921566
24727702
415536916
22975797
424834665
24727702
342145136
415536916
387797046
20063416
355990342
354696919
31119734
22975797
361896676
415536916
328696670
398299440
393852623
512986314
451317526
398299440
351744107
34949189
43615783
415536916
442678973
24727702
328696670
415536916
31119734
389278007
442678973
37973742
415536916
543083694
315146825
328696670
415536916
20063416
415536916
377719367
387797046
321746487
354696919
355458573
377723244
415536916
31119734
313933884
376495054
22975797
387909858
396245926
399930840
31119734
376495054
64045927
321746487
22975797
580889935
22975797
355990342
398299440
442678973
543083694
400570603
377719367
328696670
22497026
415536916
20344736
377719367
415536916
37114513
31119734
37114513
354696919
415536916
328696670
37114513
31119734
424834665
20344736
20063416
22975797
350716923
20248768
547954459
31119734
551005949
550832770
548097437
277225143
31119734
355990342
34949189
24727702
439522644
550832770
321746487
424834665
24727702
438200330
543083694
310708021
61935168
355990342
20084733
543083694
399513175
24727702
61935168
543083694
321746487
313933884
20084733
550832770
488224316
354696919
53776979
550832770
584878115
302033041
354696919
550832770
417903668
545948816
424834665
328696670
321746487
582322534
550832770
386163591
365898800
64045927
415536916
371127306
339774988
550832770
513954603
439522644
31119734
415536916
513837623
313933884
321746487
550832770
376495054
323918151
415536916
321746487
61935168
415536916
313933884
550832770
386163591
362207663
513550356
550832770
387782410
532138072
377723244
513789457
578152646
415536916
512958606
20084733
442678973
327925718
543083694
550832770
390544342
348222596
550832770
398299440
355990342
67434080
527851962
442678973
438459181
298580609
20063416
61935168
24651869
415536916
582607575
516906340
339774988
362874016
578152646
578469086
376495054
588193245
31119734
37114513
578152646
339774988
392561051
415536916
61935168
415536916
339774988
415536916
339774988
415536916
442678973
31119734
415536916
580889935
415536916
355990342
393852623
587898853
415536916
442678973
580889935
578152646
591556576
415536916
20084733
582191159
576750236
442678973
339774988
20084733
298580609
379511701
578152646
533873669
20084733
20063416
415536916
351744107
67434080
37973742
24727702
22975797
415536916
387797046
512986314
398299440
442678973
328696670
415536916
543083694
354696919
415536916
64045927
398299440
37114513
20063416
377719367
64045927
61935168
20084733
20344736
20344736
376495054
