481752963
35541836
529075750
23026472
529715874
20760670
566702349
34673804
323215472
312998380
410906173
330235916
55567836
22844283
514882831
38201620
318155888
526519830
36583985
350581911
557165478
27959991
315955035
53831235
566702349
63484632
27959991
338530708
429629023
37226809
356301925
338530708
42085650
42085650
20943741
564533875
27959991
432646327
40562650
37406060
514882831
35541836
526519830
354110902
323186342
514882831
316653789
27959991
320593084
338530708
48092300
27959991
19721303
395236758
311823910
576600539
22452425
484737541
484737541
27959991
26575442
514882831
20502275
338530708
526519830
20502275
610783191
345267525
22452425
566702349
607167686
53831235
27959991
60225234
23400086
432646327
29311439
311823910
576228626
20502275
580816602
469756839
25058494
456539261
579993885
382885093
284929074
332425447
27959991
583978740
323919339
338530708
587151512
364470653
396216582
407494513
359872234
588742214
30734817
605141512
28681943
27959991
610800970
576070057
397844847
397844847
566702349
610800970
484737541
36577410
588742214
610800970
460166618
501615083
354110902
20760670
584645529
587151512
40562650
35541836
582845761
584645529
34673804
338530708
338879470
33307074
308383958
34673804
20502275
590689919
557165478
579993885
20502275
61484572
30280775
514882831
308383958
610943770
610800970
582982592
579993885
587151512
586203579
452588470
34673804
587151512
25058494
30280775
34673804
579993885
408479412
27959991
25058494
30280775
332425447
53544720
560582841
497506655
432646327
35541836
312998380
26575442
290739975
284171727
27959991
311823910
30933938
25959464
440194399
37226809
566702349
305217803
532908319
27959991
366429966
56213080
433469511
312964538
541442483
29311439
440194399
479088614
20502275
26854003
289711155
36577410
565633001
576600539
381761098
562956889
345267525
41493045
30280775
396216582
60258172
566702349
592060500
22588483
338530708
283031174
576228626
289711155
348818846
579993885
524126314
524126314
309235863
440194399
41784601
332425447
27417374
440194399
33307074
529075750
583978740
332425447
40562650
587151512
309235863
30933938
26854003
588742214
30734817
32200558
294783933
311651636
576070057
403522584
588742214
19567059
592195972
308383958
584645529
34673804
345232946
566702349
338879470
587151512
40562650
579964421
25058494
354234740
37226809
582845761
30061679
584645529
338879470
20502275
19721303
308383958
566702349
526519830
311823910
323215472
45136863
453307527
579993885
30280775
48110193
48110193
354234740
554479875
288918028
354234740
582982592
579993885
587151512
586203579
587151512
529075750
26854003
344417226
579993885
30280775
30734817
30691964
34673804
30280775
338879470
363508006
56213080
312998380
308383958
486640276
36583985
579993885
319237109
21368796
59618812
266859247
362950577
27959991
25058494
325051647
323919339
455134782
386991422
360579542
338530708
319293906
312964538
61033015
30280775
435944648
304377861
310026878
366974052
370014920
23070807
576600539
46838740
330235916
348344821
311886818
375348910
509267270
36577410
397019102
434640779
434640779
61484572
30280775
288918028
22588483
27959991
576228626
26785142
308383958
457269686
330235916
283068796
318544051
353340431
579993885
415841464
328575346
42085650
433469511
375074727
583978740
37406060
323919339
587151512
407494513
455145800
588742214
381906542
40562650
335277421
429629023
576070057
393325170
53831235
36577410
588742214
522422461
65775083
52221621
321247597
370014920
566702349
584645529
34673804
372107820
29311439
338879470
587151512
51885065
579964421
25058494
33411162
370014920
308383958
432646327
366429966
582845761
584645529
338879470
25959464
526519830
354234740
25058494
588163774
354234740
579993885
354234740
30280775
354234740
582982592
579993885
587151512
586203579
30280775
587151512
579993885
26854003
22588483
31983984
26854003
312998380
29311439
31600691
326329901
453649533
49780019
406072215
26575442
401877647
22740037
289711155
579993885
491426946
439855912
27959991
31052033
26785142
452588470
305217803
29318127
341544650
310807747
311640198
60225234
532411431
63484632
26575442
30061679
449191671
27376137
33411162
61484572
340290627
576600539
29110302
363287006
47234981
353729722
311651636
566702349
341223932
429934776
411901950
348818846
463144511
22452425
368562800
490377538
310026878
309235863
21656525
334282986
576228626
316653789
401792089
530913043
454731103
447505150
311651636
30219406
289176277
338530708
579993885
396216582
311651636
354184754
432545427
331216053
292701669
399251410
583978740
369051588
587151512
58458630
30734817
399221098
469930773
20772103
338530708
308383958
27959991
588742214
57993242
343728731
354234740
458501703
311651636
479064384
32030363
576070057
311651636
323215472
588742214
311651636
434640779
452588470
584645529
30280775
451439497
566702349
266859247
338879470
587151512
25058494
305217803
566702349
338530708
582845761
584645529
53581212
434126254
430180582
366429966
340290627
26854003
30280775
33307074
26854003
484737541
26854003
26854003
20502275
354234740
63564805
20502275
455134782
274960271
288876887
29110302
436591105
582982592
354110902
587151512
586203579
433745325
587151512
25058494
338879470
354234740
385885129
566702349
312998380
63550962
278989456
579993885
281497265
19890819
275934103
328575346
27959991
49780019
368189943
408454239
36577410
27959991
31145807
311474055
27959991
377269518
33411162
339430949
22805089
399985910
27959991
490603553
28448719
576600539
34673804
55567836
448087033
325251018
426635148
317843081
338879470
20502275
341983856
47955071
52824126
311651636
311823910
309235863
587454147
576228626
579993885
403730788
583978740
20502275
587151512
338847423
305359902
348818846
