433856925
366666295
528105534
577758937
24368769
355354395
24368769
582449050
392245909
589766811
487780672
325746560
389747073
475920828
588177793
589785282
366666295
447961372
591053915
377419088
578753721
589498062
580717500
588645378
587423488
588269497
589498062
587470104
553426184
589498062
589326314
587423681
589785282
590910086
355354395
433913411
587156019
591053913
582221992
591287050
588722576
288840549
553426184
588722576
588011412
590444336
591081589
590596532
590459102
589785282
589785104
366666295
589326314
592142053
591272213
588423586
293358221
589785282
389747073
589326314
585210397
590908176
366666295
366666295
590908176
581588668
