22646817
304311967
68542606
21898419
300403812
351075569
26575442
24297535
559716241
300403812
66187956
30833369
426861371
300403812
387912508
339359560
445677315
387912508
26575442
300403812
500206972
335725987
26575442
300403812
513188454
335725987
497513739
31052033
445677315
335725987
300403812
304311967
62923013
356438418
387912508
61713400
323735142
300403812
325995751
387912508
51875377
356438234
335725987
300403812
578022791
304311967
26575442
473750697
300403812
439778079
387912508
273887723
291422249
309636998
48387907
300403812
333385029
264878576
26575442
273577734
497928145
300403812
291422249
357898043
300403812
61713400
300403812
387912508
351502958
56017253
387912508
23073442
591536722
387912508
591099925
424035913
300403812
453954859
273887723
300403812
387912508
591813448
358864791
294783933
56017253
358864791
335725987
336142642
387912508
300403812
387912508
273887723
300403812
559716241
48387907
335725987
300403812
591536722
581794908
610789226
322157416
335725987
591956583
412404334
364457302
581794908
500206972
351075569
335725987
351075569
34341550
426861371
49455272
34341550
426861371
441776042
350981478
322157416
48249202
62923013
339359560
273887723
424035913
339359560
349550919
300403812
304311967
26575442
473750697
439778079
473750697
439778079
350981478
356438234
336142642
387912508
339359560
26575442
345709726
426861371
387912508
357898043
300403812
53681063
324914511
581794908
28887175
333385029
350640409
387912508
336142642
473750697
387912508
329797478
387912508
53681063
62923013
387912508
294783933
416210064
387912508
364457302
62923013
387912508
387912508
307466008
364457302
364457302
335725987
48387907
387912508
416046294
394676241
48387907
583311734
387912508
48387907
387912508
370164118
307789103
388276295
335725987
357898043
372579281
339359560
66187956
271134193
49455272
339359560
339359560
430811331
500206972
361772923
291422249
339359560
26575442
335725987
499127747
345774834
441776042
339359560
428030133
300403812
358864791
439778079
35474214
441776042
273887723
510608277
371304138
408449288
339359560
21898419
349550919
300403812
322157416
335725987
21898419
590089283
587848949
26575442
408449288
48249202
339359560
390387752
322157416
339359560
53681063
61713400
324835165
391682896
21898419
339359560
387912508
304311967
376271619
416046294
291669112
335725987
339105346
377226643
339359560
331695443
291422249
490589018
428442690
408449288
426861371
364457302
430811331
26575442
432628651
588330829
349550919
457317330
336142642
441776042
22866011
379570299
387912508
364457302
439778079
451777572
399781892
394013304
377226643
317206657
441776042
591536722
35474214
591536722
26575442
394013304
342942147
27017237
26509624
392280438
430811331
291669112
588330829
591521305
26081386
590560288
591521305
454377282
590560288
590598691
426861371
272284895
591813448
300403812
499149709
591813448
591813448
480792254
23073442
300403812
54972663
426861371
23811172
26575442
300403812
445677315
322157416
291422249
48387907
333385029
300403812
61713400
300403812
387912508
34341550
297783822
22866011
56017253
300403812
283035127
309636998
