589977095
590784480
589756629
518323993
591969053
589074619
590784480
589756629
323885450
418666404
590784480
589756629
459709727
355587045
590784480
418666404
455818485
385096810
590784480
540970062
590784480
448138840
67961879
586222625
590784480
575299855
374946935
540970229
468430679
372637873
509874886
317211542
590784480
518323993
509874886
52225604
590784480
591969053
567048646
590784480
590964127
540775787
590784480
580669024
579210751
591214956
561616235
55153181
584971568
67475590
540970062
571395593
591430058
267172931
591564809
591458585
590964127
589977095
590784480
551306495
574895683
66686611
458549960
591969053
590964127
398594722
590716605
580669024
55153181
590964127
377249452
578073731
580669024
317211542
590784480
591299295
540970062
600539367
589756629
590784480
590964127
483591149
590784480
318048116
590004788
591155672
589756629
590784480
564710800
483591149
495117699
591221424
590784480
483591149
592140543
372869335
305902919
323525817
540970229
456470096
590331289
526683337
590784480
561616235
591805610
590784480
591043251
483591149
589977095
420016446
590964127
55153181
591221424
590784480
372637873
591458585
372869335
590984682
267172931
590784480
323885450
589977095
450211822
551306495
591430058
591969053
534560654
483591149
504463939
587401810
591458585
571171295
55153181
590784480
591458585
581426279
267172931
590964127
571231839
590784480
514412782
591458585
590784480
571231839
55153181
590784480
591119733
538193106
590784480
54482028
591458585
448138840
590784480
517226184
589558202
610828873
590784480
591458585
324484979
590784480
427825179
590784480
448138840
549039167
567048646
481609072
567187376
314195072
518443176
418666404
581426279
323885450
518654650
448138840
268084987
581426279
298859209
418666404
572871384
587100909
518323993
323525817
572517744
589756629
567048646
51978321
578073731
547529779
524555803
460724472
378768468
557722554
501580559
281944505
591299295
571171295
590784480
575547046
590232780
385866553
572659102
465397848
588581609
481493005
451126706
589756629
542249853
372869335
525205682
588581609
566010902
314195072
557103200
529759534
590964127
319493481
448138840
577679951
282650189
581426279
588083486
50035961
572266760
582844331
571171295
591430058
562716296
284995800
549686355
588083486
535401677
572871384
67961879
504463939
588083486
572266760
323525817
561616235
572659102
589756629
468430679
435950492
581426279
589756629
267028735
529754434
557103200
540122532
568568242
374946935
267172931
590716605
588581609
267172931
590964127
588581609
50035961
435950492
587288838
572480529
429774535
586669040
55153181
64226085
542249853
586669040
572480529
267172931
532944817
588083486
504463939
540122532
525205682
461200596
418666404
540122532
338451193
543114331
590784480
531434326
567062356
543114331
586669135
573049833
591969053
568568242
572266760
588083486
591969053
372637873
430691280
578073731
588083486
342098199
525205682
571171295
534201784
323525817
588083486
591458585
591043251
589756629
531434326
328594414
468430679
581426279
572496582
263958830
591969053
591043251
531711161
374946935
553863040
440424467
524642079
461200596
481609072
377249452
324484979
567048646
377249452
448887887
540970229
506027667
514412782
540970229
323525817
586669040
468430679
547529779
372637873
588083486
437233287
525205682
588581609
348280775
349101862
541443333
466051197
590004788
547884977
55153181
586669040
559911250
520232301
578073731
389154204
319493481
279821426
529754434
377249452
443572621
448138840
530164713
561616235
279231305
50721560
317736038
542249853
548340312
465489855
564036964
372637873
458549960
52993538
538351789
475949513
318048116
405688175
518578697
375010980
481016810
483591149
588581609
349101862
572480529
588581609
534352742
557722554
448138840
318048116
429774535
572480271
279430434
572266760
488605427
55153181
588581609
372637873
451126706
561181372
64196476
518323993
473908836
533205665
448138840
557103200
492501529
588581609
535276525
459495153
570315235
349101862
540122532
529759534
461200596
349101862
285189215
586669040
363664811
394760947
483591149
401697976
319542679
440424467
483591149
586669040
583821378
418666404
483591149
451962566
422650020
525205682
543114331
470535816
55153181
448138840
430691280
284995800
323525817
267028735
531434326
586413103
501725363
579210751
324484979
422856614
487469530
588083486
588581609
52225604
588581609
396315673
448200613
529755267
337502018
462169085
448138840
461200596
324484979
372869335
377249452
527250850
398594722
518485760
506260234
381670736
284995800
436327070
448891496
419257036
422856614
512374091
511472591
547144293
437233287
473280919
267800673
514412782
509874886
535276525
355587045
586616985
462890451
481493005
435950492
372637873
437233287
452557495
375010980
501555942
496258309
525205682
586669040
512374091
418666404
436345502
465489855
440424467
318468270
318048116
406809229
325323296
341924346
318048116
377360816
588581609
318048116
481493005
371884060
518516971
501028570
461394382
512374091
589977095
540122532
512374091
337944896
63613395
429774535
396315673
588581609
55153181
588581609
568568242
583062790
363664811
481471407
55153181
387478810
564036964
363664811
314215012
55153181
469847690
512374091
540970062
448863617
279821426
319542679
483591149
461200596
318048116
372869335
354581962
422650020
529759534
323525817
458363911
465694430
537526955
342098199
581426279
568568242
581426279
589919851
470535816
589756629
420070754
521815667
586669040
319493481
267028735
588083486
325298078
396315673
430691280
589977095
588083486
540970229
387478810
285625276
483591149
591969053
519537181
448200613
377249452
448138840
50141061
430691280
448200613
508060231
385813308
461394382
377249452
377360816
360837815
514412782
323885450
324484979
448138840
509874886
430691280
600545141
377249452
374244373
372637873
387501340
559439514
348125055
55798260
419257036
379850020
363664811
448200613
327656909
455818485
553863040
462169085
487469530
506027667
434174009
600539367
447168148
372637873
336304208
355587045
529906576
494743502
