459668288
489424433
504018816
545036477
504018816
428483636
459668288
545036477
504018816
489424433
504018816
459668288
475455875
504018816
504018816
505234306
459668288
610035345
459668288
579766999
504018816
459668288
459668288
579766999
459668288
515869400
505234306
459668288
504018816
489424433
459668288
610035345
489424433
459668288
515869400
459668288
489424433
515869400
428483636
475455875
489424433
459668288
545036477
459668288
505234306
446743702
459668288
459668288
504018816
459668288
459668288
475455875
459668288
610035345
459668288
459668288
515869400
459668288
514256422
