535443584
275956001
372504366
541572509
445242382
493311623
479201950
31923080
469287346
493311623
463858195
441097485
445242382
493311623
442303126
458645189
436568171
493311623
402155491
458645189
438442797
436568171
399595198
447526033
442303126
432954517
399595198
423166091
430608458
275956001
379208693
423166091
430608458
429571423
304148557
372504366
430608458
418749270
304148557
407420072
430608458
275956001
304148557
402155491
399595198
314691519
304148557
378609641
399595198
370292178
314691519
304148557
341517819
399595198
381350740
373158365
304148557
341517819
399595198
371963112
304148557
373218016
275956001
304148557
373218016
368979827
304148557
328280742
287719008
275956001
314691519
304148557
340951292
304148557
557197381
423166091
402971502
557197381
438442797
275956001
287719008
382368579
343550745
475585779
410226413
389615014
365464249
557197381
341517819
49218600
31923080
383650511
314691519
328714398
373218016
50004271
314691519
370292178
381621538
429538073
439094187
357373890
449851364
336823821
304148557
376903188
557197381
447777600
275956001
372504366
335313380
438442797
55779532
372504366
382368579
381443166
557197381
275956001
389165050
453981569
447729811
447525572
342482267
369729008
399595198
585059392
381621538
31923080
335786953
275956001
399595012
370292178
444173089
336823821
275956001
423166091
434098253
334697443
432954517
399595198
387580599
331579411
289104871
445242382
447777600
379208693
441097485
399595198
357373890
479201950
64030163
336823821
450264831
287719008
268503282
397933294
274859983
381647146
448271669
557197381
399595198
402155491
383650511
491578437
365930817
397042209
463858195
399595198
335313380
343550745
397933294
364384430
304148557
328714398
341517819
439083765
479201950
443274056
371963112
419125352
442661281
340256682
331579411
369729008
399595198
370292178
458645189
438442797
399595320
340256682
364384430
458645189
364384430
557197381
399595198
402155491
304148557
265237151
314691519
479201950
64030163
448383220
445961687
304148557
67655102
442661040
341517819
304148557
364384430
368979827
493311623
304148557
430608458
304148557
493311623
383706001
458645189
493433101
304148557
55779532
458645189
375900808
304148557
491578437
387881640
585477175
304148557
418749270
399595198
493311623
479201950
304148557
370292178
479201950
304148557
443274056
340256682
304148557
304148557
443274056
304148557
557197381
423166091
407703344
418749270
557197381
311382068
433517412
423166091
54942186
410226413
311382068
369729008
341517819
418648882
311382068
387815295
342425228
274836088
328714398
341517819
49218600
382694178
434105015
413277136
441097485
372504366
304148557
311382068
285515609
342482267
557197381
381412449
458645913
341517819
402971502
396155780
280320180
335313380
447777600
385702647
378609641
340951292
369729008
376903188
381621538
423166091
67655102
342482267
373218016
407703344
378001511
353943169
399595198
423166091
430608458
314691519
328714398
304148557
341517819
381443166
439094187
399595198
394659396
395622752
381443166
341517819
314691519
406137330
343550745
402734078
372504366
287719008
413438342
364384430
341517819
381412449
340074736
364384430
335313380
328714398
479201950
370292178
443459356
411575385
342482267
304148557
397933294
461085555
364384430
369291596
458645189
412718947
314691519
292558459
364502678
399595198
429571423
479201950
402155491
357373890
381412449
391680290
399595198
318613593
369729008
370292178
458645913
441097485
479201950
410226413
418749270
430443190
319655474
438442797
340256682
418141074
402155491
328714398
275956001
372504366
381621538
332740198
387289889
364384430
493311623
362776181
304148557
265237151
335313380
364384430
275956001
304148557
385014249
304148557
437472078
458645189
418749270
304148557
430608458
314691519
364384430
304148557
396569473
399595198
304148557
410226413
430608458
449851014
363478313
304148557
360271833
430608458
437472078
399595198
61124744
443274056
430608458
387219498
304148557
335313380
333457355
381266542
458645189
304148557
437472078
340256682
304148557
437472078
491578437
443274056
304148557
418749270
341517819
55779532
304148557
418749270
458645189
334697443
426569677
357373890
402971502
323843986
343550745
416148382
42101788
341352258
380662246
268052286
418749270
376903188
323843986
267503580
280320180
381443166
432954517
368876830
314691519
364384430
329641063
385551691
396612460
439083765
364503762
371032144
397668000
319316413
280320180
372165939
289104871
311382068
323843986
343550745
275956001
381415850
385551691
381443166
399595198
364384430
381443166
54942186
381266542
384873890
383650511
381443166
369729008
368979827
438442797
387289889
381443166
329641063
399595012
378609641
534080326
381266542
590270473
377598263
419125352
341517819
67655102
337168697
382112519
357373890
397042209
440568438
479201950
443274056
381266542
381621538
268877898
416722534
403473048
381443166
397933294
397042209
557197381
419125352
335786953
340256682
437345932
557197381
340256682
329641063
383650511
388567076
378609641
31923080
406137330
365930817
364384430
371559341
399914248
493311623
49218600
329641063
396371597
407703344
396156810
381443166
418749270
335786953
285614321
319655474
368979827
418749270
314691519
340256682
373158365
441097485
311382068
314691519
430608458
61124744
381415850
340256682
399595198
426569677
341517819
491578437
312595990
464153122
426569677
457668309
323843986
365930817
381412449
370292178
385551691
336823821
372504366
458645189
557197381
328714398
49218600
389374572
458645189
323843986
381412449
426569677
340256682
589231002
399595198
383906271
418749270
438442797
458645189
340256682
318025490
587633594
335313380
399595198
458645189
443274056
363478313
311382068
340256682
339552094
458199711
443274056
458645189
443274056
340256682
399595198
328714398
340256682
340256682
437472078
304148557
557197381
345389262
382368579
318025490
557197381
341517819
49218600
274836088
381443166
376903188
329641063
381621538
463858195
314691519
583025613
335313380
418749270
369693128
334400371
369291596
378609641
57547679
585174368
311382068
369906303
373218016
378609641
337168697
341517819
304148557
448271669
385014249
335313380
463858195
340951292
376903188
382368579
473042132
419125352
340256682
419347283
402155491
410854480
445961687
364384430
368979827
340256682
382112519
438442797
267092825
