486676006
486404646
486398204
449931292
473220266
486404646
533619087
590916234
449931292
489382029
458708120
486722414
486404646
533619087
449931292
477407137
486676006
449931292
486722414
458708120
486676006
449931292
486722414
353371069
477551600
486398204
486722414
533619087
486398204
486722414
487975241
589893337
486722414
533619087
485969961
487975241
486722414
486726052
486722414
480162577
449931292
473220266
486398204
486722414
473220266
486398204
486722414
487975241
486398204
486722414
449931292
480162577
486722414
449931292
486722414
485969961
353371069
449931292
473220266
486722414
604916015
449931292
473220266
486722414
480162577
449931292
477551600
486722414
486726052
486722414
489382029
449931292
486722414
485969961
449931292
486722414
449931292
486722414
489382029
533619087
449931292
481295270
486722414
489382029
449931292
604916015
486722414
489382029
449931292
485969961
449931292
486722414
477407137
449931292
486722414
449931292
486722414
487975241
449931292
486722414
486398204
449931292
489382029
486722414
486676006
487975241
449931292
458708120
486722414
489382029
487975241
449931292
480162577
486722414
486398893
486676006
449931292
477551600
486722414
480162577
449931292
486722414
473220266
480162577
449931292
486722414
604916015
486398204
449931292
486722414
604916015
486398204
449931292
486722414
485969961
449931292
486398204
486722414
485969961
449931292
486722414
449931292
486722414
487975241
449931292
486722414
489382029
604916015
449931292
486676006
486722414
477407137
449931292
489382029
486722414
458708120
449931292
489382029
449931292
477407137
473220266
489382029
486398453
486404646
486722414
473220266
486404646
486722414
487975241
486722414
473220266
477407137
487975241
473220266
477407137
480162577
449931292
477407137
486398893
486722414
486398204
480162577
485969961
486722414
489382029
477551600
486404646
473220266
604916015
449931292
485969961
487975241
449931292
486398616
486722414
486398204
486722414
449931292
486398204
589258223
449931292
532469211
489382029
489382029
449931292
489382029
449931292
604916015
485969961
477407137
449931292
604916015
449931292
473220266
489382029
604916015
485969961
489382029
477551600
486398204
473220266
449931292
489382029
477407137
486404646
489382029
604916015
477551600
473220266
477407137
449931292
486722414
487975241
