588075149
582960175
588070525
591514717
588740552
583284220
590981430
591911901
592105806
588086136
588239544
583136732
586879515
588083486
588086136
583284220
583136732
592096323
581699095
588083648
589255287
592027488
554499797
553460541
588075149
588070525
576931816
588083648
577382405
582873931
582648310
586882607
585476456
577092259
582616568
581927233
582648310
576883917
553460541
586879515
582873931
577540878
576775790
588070525
576883917
586526247
577159980
591911901
535125082
576883917
588084657
582580020
581699095
582952254
588084657
582844331
423492112
581699095
588682115
580657713
532998765
581699095
587102249
582628645
589255287
588083486
576883917
584634764
577092259
582748838
576886277
588083486
589255287
583284220
581699095
592096323
582580020
575711854
577092259
577540878
576681427
511403227
589255287
577540878
588084657
581699095
583129275
423492112
576718002
588070525
576775790
532998765
581699095
577092259
588083486
576627326
532998765
492838098
553460541
586526247
588084657
567269625
577092259
588083486
423492112
589255287
546273464
423492112
563514442
589255287
546273464
577690988
581699095
588239544
546273464
547671802
427825179
532998765
546273464
535125082
532998765
545524974
546273464
529407714
533287467
545524974
529765501
532998765
534560654
487380620
545524974
529407714
512556003
494326839
511403227
512583385
509994101
520985400
439517515
534337482
492218699
374946935
534337482
267673973
459890435
423492112
267673973
467788680
452352794
454802295
389096761
374946935
451529336
455369447
450211822
449950731
389096761
588075149
586667463
586879515
586526247
586729131
588083486
576775790
586545171
584726578
582965522
586526247
586882607
588075149
586879515
586526247
588083486
586879515
583133537
586667463
586879515
588075149
588084657
586879515
588083486
581699095
586879515
553460541
531206790
576931816
588084657
582628645
553460541
576775790
579938961
582628645
582633831
577006481
585137199
586879515
576775790
577299690
577092259
585137199
586879515
577540878
588497652
531206790
429098711
572659102
576892470
576627326
583963126
584634764
603605158
588083486
585137199
576627326
576931816
588083486
584726578
576886277
588497652
589255287
588083486
572659102
577540878
588497652
589255287
583883798
577864649
576681427
588083486
531206790
588497652
585137199
577690988
562072313
588083486
588086136
576883917
589255287
532998765
576892377
583136732
588235881
589255287
582648310
588497652
546273464
570184171
423492112
546273464
545642476
577540878
589255287
575711854
588083486
582628645
532998765
529765501
547722357
588083486
553460541
532998765
577092259
511556583
532998765
545524974
536366079
524555803
534337482
532998765
529407714
511556583
545524974
423492112
439517515
511403227
439517515
451126706
511403227
475949513
374946935
466702372
452213936
329380406
447505603
451126706
450415650
429098711
389096761
423435426
389155848
389096761
402645168
425311014
586667463
586526247
577641953
576775790
582580020
582816227
583771511
585137199
586879515
576775790
577540878
586879515
576739189
586526247
581699095
591911901
576883917
582965522
559439514
577690988
581699095
577092259
530739403
553460541
588083486
581699095
584726578
588067083
588039307
588083486
545524974
589255287
588083486
577092259
581288871
588083486
561180959
532998765
589255287
548805366
576694146
588083486
587628533
530739403
547716046
529765501
588083486
527250850
537224502
531164267
545154407
494326839
511846948
333758348
512670771
489083109
25344150
423492112
447505603
439987135
450415650
389096761
429098711
425795010
425805247
425311014
425795150
389096761
425696170
389096761
450415650
389155848
402645168
389096761
425311014
388068971
395055923
391417150
385497008
388326640
394205463
402645168
388328224
395055923
388068971
366227157
25344150
395055923
364786781
388068971
324649416
329156325
338454820
325537092
324419036
364786781
324655196
324419036
314654162
332093043
314654162
582807658
576739189
576627326
583133537
576775790
511996641
577540878
576627326
547851104
577690988
553460541
546273464
577690988
553460541
556139002
562945481
583391445
553460541
532998765
547851104
577690988
553460541
423492112
530739403
528903685
439517515
518604158
531808849
439517515
531808849
511403227
329380406
511403227
492218699
511403227
473851313
465399919
450558973
451287856
452213936
452352794
465399919
452352794
454802295
454807168
450558973
452040549
426468456
453013347
450538947
449950731
448198620
450558973
450415650
429098711
439517515
451013418
428005739
425769386
425795010
451013418
376132010
448384991
389096761
389096761
388328224
389096761
402645168
388607113
425696170
389096761
402645168
388328224
412658612
423113127
394205463
395055923
395712639
402645168
385497008
391417150
388068971
395055923
395701179
402645168
395055923
395701179
389002329
371757965
395055923
388849329
324637672
366318555
394205463
375220805
364786781
347963239
375220805
350858896
350614145
346007023
364786781
338454820
324637672
329156325
364786781
324419036
325188022
304158955
332174916
324674358
324419036
323165450
325065583
324637672
324582539
325065583
325024765
324419036
324360692
578285986
577690988
576886277
577702636
582306057
577116401
545153263
577690988
577299690
581699095
583883798
577690988
576627326
577116401
553460541
577116401
581699095
547851104
532998765
547714809
548834370
534336245
545524974
423492112
546273464
511556583
533287467
545524974
522626422
461939946
511017221
511026674
511403227
511028631
529407714
439517515
511026674
494694676
509993272
490842262
491190610
492218699
492218699
487266554
467788680
465399919
487266554
447505603
465399919
450558973
459890435
454768188
454802295
