266453002
358083233
583353273
28987052
496244839
347264180
407474441
38961987
280643347
53512745
406491354
521577873
355822061
65424597
280643347
591288304
359059833
335090513
280643347
334968358
38974349
355894234
568821466
539937152
60289147
305792030
28987052
276010879
589263766
403250355
496468223
49396543
347264180
28692518
30849269
296449443
539937152
28987052
308760096
63596372
269104640
333443411
347061445
355822061
324995122
35854666
49396543
347061445
49396543
347061445
60289147
264868038
317846692
306275416
460589201
590970456
341554416
591288304
341919197
280643347
587280428
23085686
589262924
582032861
58903331
586169036
583353273
280643347
583353273
280643347
459262911
569738517
306275416
589262924
334132170
589262924
334132170
355822061
301793024
264170206
28987052
266453002
589263766
33953986
26452022
280643347
589263766
33953986
558695000
280643347
280643347
590970456
590970456
268667102
68380086
521577873
316746855
309154799
574799635
574799635
333443411
410028880
336334194
586169036
609932607
324995122
287074120
452873548
280643347
58514398
609926915
390115434
608434540
304844787
590970456
311389156
265939871
281437650
610980102
406491354
280643347
316746855
587280428
587280428
610370583
68380086
324995122
589263766
316746855
434879153
333443411
567661514
610664689
406491354
610370583
26452022
285770234
33953986
610370583
19833445
609932607
28987052
333239737
358083233
23337196
297044245
49396543
301793024
318828473
394419240
269497875
20722480
37873278
554812047
587095043
586785166
334421400
318828473
539937152
367786613
531003883
571479608
586169036
305792030
266016160
416025612
534472269
424799070
443448083
23636991
496468223
329494594
22891143
54427012
554818708
590970456
347061445
586816456
33953986
539937152
323412848
589262924
444520765
21552453
347061445
280643347
38101584
351402740
284588870
558479983
280643347
355822061
453910744
308760096
280643347
276010879
287074120
280643347
591288304
367786613
49396543
280643347
62925135
297044245
280643347
317846692
343399370
50940224
513274115
280643347
583353273
341554416
280643347
583353273
545893299
318947368
539937152
280643347
324010212
578862496
58470970
280643347
582721209
582721209
280643347
441926151
587095043
583353273
280643347
293226791
317846692
276010879
584192549
280643347
61930993
280643347
280643347
539937152
558479983
280643347
26452022
31389547
558479983
280643347
58470970
539937152
278969644
334132170
280643347
52561668
52561668
40645474
487335473
280643347
351402740
558479983
580197672
280643347
293226791
351402740
355822061
346709712
280643347
68380086
355822061
276010879
280643347
280643347
449157690
416025612
569214157
280643347
68380086
304844787
583353273
281437650
280643347
22771794
574799635
280643347
545893299
558479983
308760096
280643347
355822061
317846692
316746855
280643347
281437650
33953986
280643347
64843570
300473282
280643347
487335473
410028880
48207349
68380086
280643347
266963761
334222771
280643347
423522097
316746855
280643347
31062548
31389547
280643347
40645474
333443411
280643347
406491354
33953986
