542978092
519401615
504092076
598422119
527880372
519151206
33247505
517657040
598422119
509362662
538516851
604829323
532471319
588556821
544962495
567852806
519151206
546014682
527269721
505171127
519956015
20869752
587267669
577687791
21661927
532471319
496767606
588499215
525401119
504092076
496767606
532471319
582289501
20869752
519401615
517134064
512076987
570253304
567852806
536047431
501147413
610847275
599566618
536887898
532471319
528067161
536047431
598422119
554821135
525793390
513982896
504092076
535560499
378478609
598422119
495167496
579031924
587267669
527269721
579031924
575191215
499416693
378478609
598422119
579031924
554821135
21661927
598422119
504092076
20869752
20859926
579031924
519151206
