345927706
268001670
394283930
267505116
264845137
541598189
394283930
265572483
394283930
268001670
267505116
380924900
394283930
264845137
268001670
394283930
265428718
394283930
394283930
264845137
274639030
394283930
562227833
264845137
268001670
394283930
264845137
394283930
264845137
265103448
394283930
264845137
267505116
264845137
264843455
268001670
264845137
394283930
554531753
268001670
394283930
394283930
431058404
264845137
478754932
264845137
394283930
264845137
394283930
394283930
268001670
394283930
268104040
394283930
394283930
371813403
394283930
442197034
282243090
264845137
394283930
394283930
394283930
394283930
264845137
