318662935
50739636
268026106
330465780
20644703
21646448
31645740
20644703
317552985
27322746
62954013
345228028
268026106
324788116
27322746
22580919
268026106
22448941
308471027
33591087
465273643
268026106
27322746
28722041
268026106
438268888
268026106
495206523
27322746
319605351
345228028
21646448
368985810
20644703
292442276
345228028
27322746
28455443
338171278
24553786
27322746
495206523
20644703
465273643
282531695
582577875
268026106
20676774
581190269
48116056
542188933
48116056
21798842
268026106
582577875
380970682
62954013
20644703
28359102
28722041
334235650
317524373
428901822
323731670
292442276
582554301
265965228
31645740
610960835
450307669
438268888
334658238
27322746
268367130
582577875
268026106
23841213
587850461
268026106
408854579
315139563
268026106
27322746
303573076
590147248
23361185
22750961
275608843
345228028
23841213
27322746
330465780
21646448
279312471
51366289
62954013
23233308
21646448
345228028
330656146
460053383
22867192
314324330
268026106
62954013
28455443
35357202
22448941
512246448
33591087
318462204
370352040
320202721
268026106
322259147
268026106
38915500
28455443
53864457
295639118
21754896
276287559
315489115
28455443
292442276
28455443
372847065
368985810
330630003
550487304
590167622
316400905
23233308
23841213
331760365
330273531
48116056
402856582
22867192
22448941
29125365
419135242
426993701
28455443
49907114
23421775
28722041
420381814
20644703
313314595
323731670
31645740
20644703
335297939
292351830
292442276
268026106
326262255
358019789
338146267
326262255
264338815
20676774
438268888
27322746
321490779
311362084
263307477
49907114
386820282
334235650
23841213
23841213
400853704
315139563
28455443
403117918
380970682
461773204
48116056
318662935
55066554
278869311
309301665
34517051
31645740
49907114
27322746
28455443
591595990
28455443
27322746
28455443
276287559
23233308
28455443
20644703
21646448
28514290
