299581261
459269884
304274094
341594530
299581261
299581261
304274094
299581261
299581261
299581261
299581261
459269884
299581261
299581261
299581261
299581261
299581261
312223051
299581261
299581261
299581261
299581261
299581261
299581261
299581261
299581261
299581261
299581261
299581261
299581261
299581261
299581261
299581261
299581261
299581261
299581261
299581261
299581261
299581261
299581261
299581261
299581261
299581261
299581261
299581261
299581261
299581261
299581261
299581261
299581261
299581261
299581261
299581261
299581261
299581261
299581261
299581261
299581261
299581261
299581261
299581261
299581261
299581261
