444737003
501300795
444737003
375540331
387912508
29807304
444737003
56950114
387912508
444737003
375540331
384109087
33511427
444737003
56950114
33511427
444737003
29807304
450874276
375540331
444737003
387912508
428442799
432765804
444737003
449227366
458326879
444737003
387912508
384109087
444737003
388727763
444737003
387912508
444737003
375540331
482115031
387912508
444737003
498611365
384405533
383124108
29807304
444737003
413270913
385509792
387912508
444737003
413270913
407519860
384405533
368586620
444737003
413270913
436579304
384109087
444737003
458974529
379239631
411072010
441933906
444737003
375540331
382382420
498829427
444737003
400110758
331799284
387912508
444737003
61682329
456181148
444737003
536191618
383124108
444737003
387912508
384109087
375540331
444737003
387912508
384109087
375540331
444737003
387912508
375540331
444737003
387912508
384109087
384405533
444737003
387912508
392637692
444737003
387912508
413270913
33511427
387912508
29807304
444737003
387912508
385390906
444737003
387912508
444737003
387912508
413270913
430065576
387912508
371632248
343030081
387912508
343030081
399781892
444737003
387912508
391926446
347908288
56950114
536191618
444737003
470026080
387912508
470515910
453718624
444737003
536191618
444737003
347908288
444737003
387912508
56950114
387912508
388276295
424306984
56950114
432765804
444737003
56950114
413270913
387912508
428442799
444737003
56950114
482115031
444737003
375540331
413270913
393573645
444737003
411072010
36905954
497911010
368586620
444737003
384109087
444737003
358080962
33511427
387707838
585594723
383124108
387912508
585594723
413270913
444737003
391926446
413270913
444737003
56950114
385509792
428442690
444737003
587248699
464586500
430065576
498611365
458326879
438967421
444737003
384109087
444737003
395365868
371632248
482115031
343030081
480822658
444737003
33511427
450967959
387635780
413270913
602568964
407519860
528419641
395365868
587248699
444737003
470026080
413270913
27017237
391926446
587248699
431314795
587248699
585703599
587248699
587248699
444737003
585703599
375540331
56950114
585594723
583709949
501300795
431314795
496028723
465117014
