54944751
20458799
507319269
21360833
454588643
20458799
496523142
507319269
20458799
456676614
454588643
53622349
20458799
53622349
20458799
53622349
522979453
21360833
20458799
579219560
20458799
50430202
53622349
20458799
456676614
454588643
20458799
278182411
20458799
456676614
524700272
496713152
524700272
506354650
20458799
28605264
54944751
519354142
507319269
454588643
506354650
507319269
456676614
489377546
456676614
495212055
456676614
499310552
524700272
456676614
506892234
456676614
27262329
456676614
528190660
20458799
456676614
488448521
456676614
496713152
456676614
496713152
40174775
456676614
21360833
456676614
456676614
456676614
