570317838
548362923
31626329
61440525
448555188
49245153
403423411
24189127
402768190
548289364
24189127
583629417
29809406
570317838
54492369
570317838
54492369
583629417
511867544
572463042
583629417
320880728
23864002
572463042
358635208
548362923
402768190
340894329
436156819
352739080
483398481
465779577
583629417
572463042
23864002
62267976
583629417
590934599
62267976
419420100
340894329
402768190
592035052
511867544
402768190
28821463
374731160
358635208
570317838
374731160
68770975
25421946
572463042
402768190
572463042
62267976
590110283
583629417
402768190
409026903
422476927
54492369
54969823
572463042
560956216
572463042
448555188
67818689
28793661
353038393
589977064
572463042
24362974
572463042
54492369
591176622
590110283
61440525
610130794
583629417
570317838
61440525
24189127
28793661
29809406
583629417
54492369
54492369
572463042
32216465
24362974
572463042
483398481
24362974
336033981
583629417
402768190
352140213
28354771
266129273
374731160
268500535
336033981
402768190
583629417
272241617
402768190
409026903
480621006
446008454
62267976
583629417
483398481
398653488
67818689
358635208
37391797
572463042
402768190
54492369
583629417
432631681
41801490
58977373
398653488
24189127
371831709
358635208
333717118
323615606
67531645
572463042
419420100
24362974
402458608
511867544
374731160
435427634
294190410
419420100
40324636
465779577
402768190
388080561
29809406
374731160
583629417
402768190
336033981
482869611
402768190
374731160
352140213
61090251
480621006
394455538
448555188
54492369
398653488
448555188
402768190
23864002
358635208
402768190
488412935
285745850
457124517
429695931
419420100
340894329
47995042
304605008
336391678
31626329
37975537
24362974
285745850
61440525
548362923
24189127
285745850
548289364
374731160
21149687
370425352
572463042
49245153
465779577
28354771
419420100
405319926
24362974
436156819
40353436
583629417
403423411
360696836
67531645
342549924
448555188
24189127
482869611
402458608
66789796
411284343
63091953
31626329
417835595
28793661
340894329
419155407
403423411
353159402
294190410
398653488
428031763
401207269
25421946
572463042
65063254
62062035
572463042
336869187
465779577
318317973
320107574
402768190
294190410
336033981
65271768
60462906
465779577
318317973
422476927
400854861
483398481
402768190
58977373
422476927
391381629
274572509
448555188
374731160
39142727
572463042
402768190
448555188
398653488
357468595
402768190
419420100
358635208
377952588
402768190
591606358
402768190
347410162
591528739
389393991
591718081
386192176
402768190
387178791
292964824
382697855
65271768
409026903
427902864
383205292
346100589
453163348
28402177
67602018
459348983
402768190
418415261
23864002
591176622
387179832
36380988
591606358
402768190
591005945
591113288
419387344
592035052
389476320
402768190
592035052
590934599
583629417
61440525
570317838
58977373
340894329
465779577
340894329
28793661
374731160
340894329
27807524
570317838
268500535
324434778
374731160
36162765
54492369
374731160
57907003
409026903
583629417
429695931
359513307
36162765
287710265
460073264
453551076
