571445699
281437650
370557054
36282065
281437650
571072611
21082351
571445699
281437650
566102373
587304149
334421400
55710472
367082679
571445699
566102373
281437650
571445699
281437650
571445699
569092263
281437650
303368107
308236649
281437650
324995122
571445699
303368107
55710472
281437650
571445699
587304149
569445329
571445699
587304149
367082679
326646614
502986189
611095809
281437650
55710472
303368107
367082679
587304149
281437650
60155649
569092263
281437650
576362260
324995122
584192549
570858827
564511284
281437650
334421400
281437650
281437650
569445329
567893061
567893061
281437650
610692018
569445329
574187932
281437650
570858827
324995122
281437650
36282065
324995122
324995122
575605429
570858827
574187932
367082679
571072611
324995122
569445329
303130196
281437650
367082679
281437650
575605429
571382263
281437650
571313796
281437650
576362260
281437650
576362260
281437650
587304149
324995122
281437650
569445329
281437650
281437650
566102373
281437650
281437650
324995122
281437650
334421400
587304149
27530434
281437650
571072611
324995122
281437650
564511284
576362260
571445699
281437650
281437650
36282065
281437650
324995122
64774666
569092263
574187932
576362260
64774666
571445699
48547721
370557054
265706738
367082679
282546408
571072611
324995122
276179129
566102373
34861188
299923088
515846998
571445699
472041349
566102373
515846998
358005782
30940582
56156498
552351312
324995122
64774666
48547721
571445699
529848490
587304149
442336019
308795340
569445329
303368107
326646614
352541463
587304149
303368107
571445699
587304149
62795154
569092263
587304149
576362260
307919742
324995122
552351312
552351312
529848490
367082679
587304149
36282065
570858827
564511284
60611693
571445699
367082679
571445699
569445329
567893061
567893061
571445699
496404513
569445329
571445699
324995122
439278190
585378355
574187932
570858827
484118319
575605429
484118319
570858827
574187932
571072611
281437650
569445329
571445699
27530434
367082679
509988783
281437650
303368107
575605429
571382263
574604132
571313796
334421400
324995122
576362260
571445699
569445329
569445329
281437650
571445699
27530434
566102373
60155649
281437650
571072611
367082679
446435012
280151111
564511284
576362260
20106496
324995122
268666552
281437650
324995122
21082351
27288959
460483426
571072611
324995122
32094495
566102373
347024216
357745479
566102373
445893340
55710472
21116603
303130196
324995122
460483426
22888355
569092263
484118319
308236649
272539706
574604132
298701875
316165364
347024216
21116603
569445329
55710472
465601301
308795340
55710472
64902637
303368107
569092263
461238708
502986189
509925535
576362260
303130196
327676822
283543730
352541463
570858827
564511284
569445329
352541463
567893061
352541463
548862149
567893061
324995122
352541463
574187932
315612757
326433491
575605429
574187932
571072611
587132189
370557054
569445329
36282065
31775746
575605429
587304149
571382263
571313796
587304149
576362260
324995122
352541463
576362260
352541463
19679599
324995122
569445329
496404513
324995122
281437650
566102373
353213190
353213190
308795340
571072611
334421400
367082679
303130196
324995122
576824956
564511284
576362260
565020611
437708873
36282065
57944235
307919742
571072611
48547721
566102373
306968251
435957617
347024216
280151111
566102373
324995122
357745479
324995122
36282065
453875656
352541463
569092263
353213190
352541463
281437650
485669188
36159810
460483426
557584084
303368107
280973187
429953197
569445329
308236649
298701875
60155649
367082679
338303919
524130515
48325850
352541463
281437650
30543580
576362260
576362260
478838750
281437650
570858827
334421400
564511284
56803876
282546408
512331964
333635161
569445329
567893061
367082679
567893061
498481160
569445329
352541463
574187932
570858827
280151111
317857085
575605429
570858827
574187932
569445329
279843975
273638849
32763021
281437650
36282065
31775746
575605429
571382263
571313796
281437650
576362260
55710472
576362260
27530434
367082679
62795154
566102373
280151111
280151111
305374817
498429197
319212699
571072611
367082679
324995122
279324891
576824956
564511284
576362260
571445699
268666552
571072611
19704973
21082351
566102373
334421400
340126922
566102373
471665873
358005782
317857085
327676822
27033840
359069596
350863820
281437650
569092263
281437650
303368107
44242309
453875656
32094495
465601301
431138007
432703809
22374268
587304149
569445329
23565046
281437650
355117122
38761399
502986189
324995122
59790367
308795340
570858827
26548989
494243514
569092263
340126922
576362260
367082679
268322172
21581768
303368107
334421400
429711031
352541463
36282065
