548076237
548076237
535319834
535745715
533844139
548076237
518726945
448891496
518629359
516581885
510488125
524765726
513436808
510488125
518726945
508348404
451962566
448891496
481493005
493558778
481493005
490896481
451962566
481493005
490896481
486074593
451962566
481493005
469585097
477602476
486074593
451962566
481493005
469585097
486074593
451962566
481493005
469585097
448863617
448891496
481493005
469585097
451962566
468019058
481493005
448891496
473439215
481493005
459711829
461781461
448891496
481493005
461781461
451962566
448819828
461781461
448891496
448822960
481493005
461781461
448891496
449748591
481493005
461145234
461781461
448891496
481493005
451969097
461781461
461145234
481493005
448862921
448822552
450417485
448822960
481493005
448862921
448822552
452389816
449748591
481493005
449123676
449733670
459711829
449748591
481493005
448891496
449748591
481493005
448891496
461145234
449748591
481493005
451969097
448863617
448819828
481493005
448891496
448824396
449748591
448863617
481493005
448891496
451962566
448822960
481493005
448891496
448863617
448546047
481493005
448891496
449123676
481493005
449748591
448824396
448815045
448819828
448863256
449748591
448891496
448863617
448824396
448819828
448891496
448863617
449123676
448891496
448863617
448822552
448822960
448819828
448819828
450417485
452389816
447534190
453201890
449748591
447534190
453201890
448819828
449748591
448863256
451969097
448824396
449748591
448822552
448824396
448819828
449748591
449123676
448822960
448819828
448891496
448824396
448819828
448822552
548076237
448824396
548076229
524765726
548076237
448824396
548076229
481493005
535745715
452389816
453853413
548076229
530901924
535745715
524660777
533844139
548076229
461145234
530901924
548076237
448824396
481493005
548076237
469585097
461145234
548076237
448891496
523533501
548076237
448822552
530901924
524660777
502808355
490896481
448891496
481493005
481493005
486074593
481493005
478489474
481493005
448863617
461145234
481493005
476881087
448891496
481493005
470081760
481493005
461145234
481493005
449748591
468019058
481493005
449748591
448863617
481493005
448822552
451969097
452389816
461781461
448819828
448822960
448891496
448863617
447534190
453201890
447534190
448819828
450417485
451969097
448819828
448822960
448824396
447534190
448824396
448822552
448819828
448822960
448824396
448824396
448824396
448824396
448824396
