370067022
316976912
60284818
451180360
357004370
34873106
333381337
63015049
56240055
412419835
266087532
351889907
41836438
297505334
528482549
507424800
480461000
357004370
58702298
34873106
351889907
487519045
41836438
397180939
539089644
348466271
451180360
38896796
432808572
34873106
53122121
60284818
57187119
308658216
34873106
533144424
503019810
266087532
370067022
68114182
532234100
482051148
316976912
357004370
376665959
532234100
532234100
56240055
316976912
279473889
431452054
380275830
38896796
532234100
280613555
351889907
391332600
450929400
41836438
532234100
