63908902
365605232
49652875
462423716
390274179
456542742
305368884
531603381
380579388
456542742
372817046
24947922
456542742
51727461
285035947
63908902
338168933
442303126
456542742
63908902
372991742
531603381
456542742
63908902
456542742
338168933
338168933
402874150
335932336
406112693
445031864
477422286
63908902
456542742
429571423
531603381
442303126
477422286
456542742
63908902
477422286
477422286
63908902
438442797
335145598
338168933
50382598
591400638
338168933
305368884
63908902
63908902
477422286
63908902
269426129
338168933
402621079
338168933
477422286
563447902
477422286
338168933
477422286
477422286
407703344
549599836
438442797
63908902
456542742
366535920
433517412
418648882
383530046
456542742
477422286
456542742
421482884
51727461
388427547
24947922
413277136
310885847
531603381
28006221
395162705
438442797
63908902
531603381
364384430
456542742
338168933
350640408
456542742
335786953
407703344
538604671
477422286
374262455
362833929
24947922
335932336
384740946
390274179
456542742
335932336
63908902
265702836
370376784
50382598
413438342
364384430
456542742
373179346
364384430
388567076
456542742
364384430
371386752
477422286
461085555
364384430
395260055
407703344
477422286
335932336
362833929
338168933
364384430
335786953
51727461
338168933
429571423
389701512
63908902
368948628
438442797
389701512
362833929
364384430
19616129
375450528
24947922
371386752
364384430
472192654
364384430
305368884
31541626
364384430
477422286
310885847
364384430
563447902
364384430
63908902
477422286
63908902
477422286
305368884
362833929
440375960
477422286
394112248
342043841
335145598
338168933
274711921
48362175
477422286
335145598
366535920
477422286
477422286
357176115
51727461
477422286
362751158
338168933
395855633
477422286
342288770
362751158
477422286
378214739
456542742
477422286
342043841
366535920
63908902
341352258
383530046
428850826
297081474
364384430
578889993
442303126
280300259
438442797
335786953
389701512
591291374
286963011
585979950
335932336
50382598
416722534
63908902
536361109
335786953
286963011
63908902
477422286
456542742
388288085
63908902
63908902
368948628
342562614
50382598
591400638
531305225
305368884
432682750
338168933
477422286
438442797
342043841
438442797
338168933
335145598
591291374
63908902
335145598
477422286
50576568
477422286
588001815
477422286
477422286
591400638
391603622
438442797
477422286
378214739
477422286
317623234
477422286
372681005
424666144
317782484
382013464
278443185
477422286
378214739
358762605
389815691
471968855
384496405
418648882
456542742
350640408
456542742
538604671
374262455
24947922
390274179
456542742
364384430
445031864
477422286
364384430
362833929
364384430
362833929
364384430
364384430
51727461
269426129
456542742
477422286
