24479295
497423805
24479295
497423805
322643925
443829114
587438450
497423805
587438450
497423805
364483105
393994417
497423805
24479295
351407863
327942429
587438450
497423805
334381246
515008790
364483105
497423805
393994417
367241439
497423805
402733227
497423805
24479295
351407863
497423805
286909572
497423805
24479295
286909572
497423805
550800252
24479295
497423805
269902079
433831317
497423805
335453640
497423805
321023534
583727289
288934888
497423805
470430988
497423805
581382346
497423805
455282550
581382346
497423805
587438450
314904638
328008517
450022214
497423805
328008517
450022214
302215874
24479295
497423805
587438450
286909572
497423805
302215874
586515283
386485124
486747162
497423805
470430988
286909572
488275535
477292709
497423805
335453640
587438450
277470071
588041888
497423805
375586986
403653734
497423805
488482944
314904638
587438450
486871678
581382346
487013319
314904638
486747162
314904638
486992242
488068288
497423805
314904638
486747162
486871678
334381246
497423805
278722878
487434002
302215874
587438450
497423805
486152373
269902079
470430988
266250163
497423805
334381246
470430988
450022214
497423805
501589540
374192537
497423805
501589540
360149602
487213394
470430988
314904638
497423805
501589540
497423805
402148927
314904638
587438450
497423805
588041888
24479295
497423805
432780516
470430988
501589540
497423805
486871678
487550970
470430988
497423805
486871678
314904638
486874363
497423805
501589540
24479295
581382346
497423805
497423805
374192537
406644742
322643925
497423805
515008790
587438450
351407863
500173072
497423805
369674618
455282550
286909572
497423805
368897152
286909572
497423805
588041888
497423805
360149602
269902079
497423805
360149602
321023534
286909572
455282550
485798972
581382346
24479295
402148927
485805418
314904638
24479295
486750351
487225400
266577402
24479295
486152373
497423805
470430988
360149602
497423805
488068288
322643925
382717967
487225400
584292734
24479295
584305332
314904638
450022214
584292809
314904638
470430988
497423805
486750351
328008517
470430988
24479295
497423805
501589540
470430988
501589540
486033031
470430988
587438450
501589540
470430988
302215874
360149602
334381246
450022214
314904638
470430988
501589540
470430988
501589540
486033031
501589540
501589540
587438450
558244829
398871723
486747162
588622787
497423805
470430988
486874363
406644742
470430988
588622787
586515283
497423805
555205139
314904638
513191036
546680777
