571394480
591188421
36484378
571394480
459823520
425049761
400040240
36484378
571394480
263492866
382390454
425049761
591188421
439336421
559849652
385207599
571394480
383293219
332944225
423751906
412979208
389271835
459823520
454234939
36484378
390973020
602169040
36484378
340629149
366841675
383293219
332673542
36484378
378688549
571394480
439336421
332673542
483166796
36484378
410832251
393599076
36484378
393509342
591188421
585195663
591188421
400377943
425049761
366329302
404180146
58662017
400377943
435667378
325258887
591188421
366329302
381963816
278442109
399490473
263492866
419532094
483611502
277423016
386667689
571394480
449924099
58662017
591188421
36484378
286132319
400163705
483166796
36484378
591209444
478775142
286132319
382758278
366841675
591188421
446547333
401468982
36484378
386317705
585195663
569772326
591188421
413548285
571394480
571394480
389271835
571394480
571394480
