362362991
43309577
424778002
52157612
21013645
337939612
52157612
30075733
424778002
29557377
424778002
430270663
479931043
21664179
26220545
21664179
591391779
424778002
520143193
52157612
387194463
591294164
482124635
43309577
486345008
568830206
21664179
590060197
520143193
433673250
55049475
21664179
22089260
52157612
479931043
29557377
386078364
52157612
31839935
337939612
20854046
52157612
21664179
337939612
387641739
43309577
21664179
68764654
21664179
68764654
52157612
527965976
337939612
52157612
337939612
519696909
327207283
52157612
590725755
337939612
43309577
62297944
337939612
52157612
43309577
21013645
527965976
25338567
337939612
62297944
461028994
337939612
527965976
591958108
337939612
29557377
27219214
52157612
337939612
68764654
337939612
380909055
52157612
337939612
590725755
43309577
583203767
489546975
21664179
62297944
337939612
52157612
337939612
52157612
337939612
52157612
500163880
52157612
337939612
29557377
21664179
52157612
564072413
364910519
337939612
52157612
21664179
337939612
568653656
21664179
52157612
43309577
337939612
52157612
564072413
564687363
29557377
542414031
574947540
52157612
479931043
564687363
337939612
52157612
568653656
52157612
571759154
52157612
21664179
52157612
524596228
21664179
52157612
433673250
29557377
52157612
312223267
337939612
26641125
43309577
389823415
21664179
52157612
20854046
325201230
26220545
28063610
21664179
30521304
359940741
21664179
340588302
52157612
395889963
52157612
301844739
337939612
337939612
55049475
21664179
407047121
337939612
308690780
337939612
337939612
337939612
322198454
43309577
52157612
378887243
340588302
430270663
337939612
43309577
374506083
337939612
379353274
337939612
21664179
433998841
337939612
21664179
337939612
30521304
337939612
27936127
397223845
337939612
52157612
337939612
390942425
20825938
29557377
52157612
337939612
424778002
325201230
337939612
52157612
395875483
564072413
407047121
52157612
337939612
337939612
568653656
21664179
337939612
386078364
564072413
564687363
21664179
29557377
52157612
574947540
52157612
52157612
325597393
21664179
337939612
24161055
322198454
395459673
279764386
21664179
21664179
52157612
401097681
28145454
55049475
21664179
400924621
479931043
34620155
337939612
395889963
337939612
433673250
21664179
337939612
337939612
360304380
485533554
21664179
337939612
337939612
52157612
21664179
337939612
337939612
337939612
29557377
337939612
52157612
29557377
337939612
337939612
399466591
319816284
337939612
419228124
337939612
43309577
41592299
62297944
52157612
337939612
52157612
52157612
479931043
337939612
21664179
29557377
52157612
564072413
29557377
62297944
337939612
410395822
52157612
337939612
21664179
52157612
568653656
29557377
337939612
379770094
43309577
29557377
27936127
337939612
424778002
24161055
399466591
62310163
21664179
479931043
20144380
308690780
21013645
350315244
422479459
52157612
28145454
366574302
325597393
62310163
296376892
340588302
347359122
488659599
324373316
374509735
383605815
386021297
462751482
31086133
29557377
337939612
387507615
525218684
270013911
337939612
530368770
325201230
396495612
519696909
382549671
368244209
410395822
337939612
437752903
337939612
269167507
62310163
337939612
374127910
52157612
20628119
23963608
46310328
374127910
43309577
337939612
383605815
20854046
337939612
337939612
445559611
410394614
337939612
337939612
384285663
337939612
52157612
320859858
337939612
52157612
21664179
52157612
52157612
388107860
52157612
314129314
337939612
392042575
52157612
62297944
52157612
418931719
401986444
564072413
29557377
20825938
337939612
337939612
568653656
479931043
337939612
564072413
457885842
52157612
423506246
29557377
367698477
360974104
271894995
336547371
374506083
34620155
29741107
329148128
29557377
347359122
393163029
387194463
29557377
356830563
362867149
398112856
43309577
597481574
394395136
24715406
21664179
375203860
24285227
401949776
482124635
37093224
24715406
401592084
360304380
29557377
52157612
386078364
337939612
379770094
324614631
312223267
21664179
33025960
401424077
64749481
374509735
591387474
29557377
339234811
338284418
62297944
337939612
372662953
33511647
337939612
264688378
361113994
313935547
43309577
391660383
368174588
55049475
