422778822
68207177
532321108
527371261
422778822
68207177
386791281
422778822
68207177
567464144
527371261
422778822
68207177
527371261
422778822
591053340
527371261
567615371
567481114
527371261
68207177
567615371
549744105
564825817
527371261
422778822
567464144
527371261
422778822
567615371
527371261
532665004
564825817
567615371
452812815
527371261
422778822
549744105
591053340
567615371
527371261
564825817
549744105
567481114
567615371
527371261
68207177
527371261
527371261
567615371
546286201
527371261
422778822
527371261
527371261
497018913
567464144
68207177
527371261
386791281
564825817
527371261
68207177
564825817
527371261
68207177
68207177
527371261
564825817
527371261
564825817
591053340
527371261
591053340
422778822
591053340
422778822
