496190232
490486228
547891994
490486228
579928470
527445379
490486228
590727760
528837396
579928470
490486228
548335645
528837396
579928470
490486228
590450612
490486228
542201697
590727760
392805335
490486228
515833042
528837396
590727760
579928470
490486228
534328554
528837396
545040172
579928470
490486228
544776756
579928470
490486228
534328554
490486228
528837396
545040172
579928470
580036561
534328554
579928470
421046765
299415727
579928470
490486228
505595913
534328554
590448396
490486228
547891994
534328554
590448396
579928470
490486228
580036561
527445379
496190232
579928470
542201697
541271203
579928470
534328554
544776756
490486228
590727760
534328554
490486228
531309390
590727760
579928470
490486228
299415727
579928470
490486228
590727760
527445379
534328554
579928470
590727760
579928470
490486228
590727760
392805335
534328554
579928470
462040000
590727760
534328554
579928470
527445379
590727760
534328554
579928470
515833042
527445379
534328554
579928470
392805335
534328554
579928470
590727760
534328554
579928470
533868293
490486228
579928470
590727760
534328554
579928470
579928470
590727760
527445379
579928470
534328554
533868293
534328554
590727760
579928470
534328554
542201697
579928470
534328554
579928470
534328554
590727760
579928470
534328554
590727760
579928470
534328554
579928470
534328554
579928470
534328554
534328554
579928470
534328554
579928470
534328554
579928470
534328554
579928470
534328554
490486228
541271203
526265701
543443108
528837396
531309390
533868293
579928470
543443108
490486228
534328554
547144336
490486228
534328554
542201697
528837396
490486228
477112477
526136366
579928470
528837396
494205143
534328554
527445379
490486228
455219117
579928470
590452861
527445379
455219117
579928470
490486228
494205143
526265701
527445379
579928470
515833042
534328554
455870226
533868293
579928470
496190232
494205143
543443108
533868293
579928470
526265701
545040172
494205143
579928470
590727760
515833042
534328554
494205143
579928470
527445379
523815967
534328554
579928470
392878560
527445379
579928470
477112477
542201697
534328554
494205143
579928470
533868293
527445379
579928470
533868293
494205143
534328554
534328554
579928470
527445379
534328554
477112477
534328554
534328554
534328554
