289915032
356612300
296105593
356928936
303892733
309364359
372956260
440257091
460305091
339711998
384224427
303892733
481647973
332573541
265939871
476016278
445136793
415539928
339711998
445136793
460305091
325832927
339711998
416163528
464393755
265939871
571779994
339711998
418407311
476016278
335217840
516171634
55110887
328524311
445136793
571020599
431104628
404102469
316436260
558334362
288121549
316758842
265939871
395212562
425798212
431104628
440257091
404772058
311460324
304840184
334338138
445136793
516171634
339711998
458465519
445136793
406377641
530256664
571020599
453912532
288121549
395212562
287271393
580785022
544914135
453912532
303892733
325832927
440257091
476016278
588233122
418152857
445136793
580369290
31061678
356928936
339711998
562254991
430871170
589389448
558334362
445136793
335509323
589389448
529220158
446531173
453912532
309272368
325832927
587432701
404102469
526501960
577730787
476016278
557915148
309272368
589389448
397693260
514492398
445136793
609360447
382839075
316758842
440257091
328524311
440101065
574382436
374134775
430168882
453912532
476016278
395212562
494673867
453912532
485185439
408469662
292103807
395212562
569018020
351557671
309272368
313927721
328524311
409258117
374134775
571020599
558334362
445136793
395212562
558334362
47729398
524300637
309272368
351557671
289915032
567267320
445136793
339711998
558334362
476016278
328524311
470307237
445136793
553769469
435645082
325832927
530501467
311460324
571565491
458465519
339711998
536904831
395201811
328524311
562254991
418407311
485185439
601513575
328524311
558334362
404772058
425798212
588233122
468659467
425798212
386845621
558334362
404583349
437770368
445136793
526501960
343078994
468659467
328524311
583608533
406329669
265939871
328524311
351557671
309272368
530501467
272134233
531487821
341804820
303892733
288121549
296105593
316909563
272134233
565676720
356928936
51156089
571020599
288121549
582790808
29550481
309272368
332573541
335217840
311460324
584915929
424759788
318675297
384224427
476016278
366909628
565946961
382839075
481647973
272134233
440257091
68507291
373016590
384418385
453912532
339711998
486707320
395212562
384224427
584516009
404102469
476016278
272134233
471969201
541502861
292103807
311460324
395328733
516171634
584144163
431104628
450365314
288121549
397693260
409258117
530577351
471808798
311460324
372956260
306027630
448105808
288121549
289915032
558443360
374134775
571020599
38738855
476016278
471808798
541308829
558334362
437770368
453912532
591183939
541502861
403424484
408114764
397693260
440257091
335217840
304840184
325832927
585267100
485185439
406329669
536904831
562254991
412848357
446627898
395212562
448105808
580369290
296105593
335509323
442010237
309272368
351557671
529152217
429943640
471808798
567039297
339711998
476016278
316909563
356928936
588279088
311355106
558334362
445136793
408469662
506077654
587851633
574382436
303892733
559614125
476016278
409258117
544914135
492745303
497351028
309272368
404102469
335217840
476016278
309272368
577730787
445136793
453912532
459626141
335217840
530501467
524300637
328524311
536904831
530501467
356928936
343078994
404102469
30876816
479159524
476016278
445136793
344158489
562254991
311355106
328524311
387921807
476016278
536904831
407352398
532100050
424759788
476016278
328524311
356928936
395212562
445136793
288121549
427658066
528051889
516171634
453912532
400019005
489723482
328524311
580225811
536904831
328524311
382262847
309272368
468659467
475623710
385979477
343078994
592056140
374134775
495819330
372956260
530501467
417552031
356612300
344158489
328524311
474601068
373016590
51156089
415877264
394186510
335217840
287831773
344158489
31538607
309272368
390788267
415950011
296105593
272134233
543725127
514492398
566248151
468659467
300610718
272134233
408114764
358508172
506077654
466049768
544914135
316758842
471808798
31061678
328524311
409258117
549088813
474601068
443543694
544817711
328524311
409258117
532100050
61207939
311460324
433444405
396675352
431807611
453912532
476714921
289915032
372956260
415877264
401876014
356928936
558334362
387921807
431807611
356612300
489723482
397693260
435451507
265939871
421918559
67765121
461639870
31538607
384224427
47729398
433249386
562254991
270301191
404772058
558334362
481647973
351838947
530596277
476016278
339711998
309272368
305610052
440257091
299584887
462938981
407352398
530256664
494142193
546746363
311788745
415636035
311460324
395212562
561354815
353190904
397693260
321927944
31538607
390788267
356928936
404102469
481647973
454086545
272134233
309272368
47729398
419951992
397693260
268724429
308388700
339711998
559614125
476016278
505655483
536904831
530501467
536904831
264952029
357599933
514492398
536904831
449969235
272134233
40359268
562254991
558334362
476714921
311460324
431104628
332573541
325832927
335217840
536904831
31538607
27509404
335217840
468659467
453912532
375287116
344452914
485185439
316758842
309272368
335217840
518759690
437770368
343078994
476016278
328524311
468659467
416134021
309272368
587233766
497351028
328524311
404583349
419951992
404102469
265939871
472540994
530501467
328524311
530501467
51156089
313038698
448590096
437770368
47729398
286206700
288121549
468659467
339711998
439256178
511249714
481647973
447294719
460305091
444255916
415950011
536904831
305610052
311460324
416163528
478237329
489723482
485185439
31061678
51156089
35147891
294380121
51156089
558334362
433835717
306027630
581465974
449425659
311812398
265939871
510659977
469668274
442010237
404102469
265939871
404772058
339711998
264952029
304840184
541502861
47113767
293980382
549088813
562254991
497351028
361186133
339711998
429943640
559614125
311460324
446913951
476016278
385147538
476016278
316909563
544589532
408469662
328524311
374134775
359114664
458465519
288121549
452558701
521095602
476016278
31538607
309364359
418152857
343078994
489723482
335217840
558334362
585747038
339711998
391438179
447146207
431104628
529220158
427658066
453912532
309131942
419037776
514492398
395212562
447103468
453912532
395212562
464856705
30989326
373628323
397693260
562254991
311460324
382262847
289943493
376836633
419951992
435842847
536904831
288121549
335509323
344158489
592082247
425265916
453912532
309272368
413659424
340518165
401876014
520416594
420854846
468659467
361410475
460359209
411724962
444255916
328524311
530501467
311812398
445326907
377354541
429943640
463836597
397693260
309131942
335509323
468659467
536904831
292103807
54899230
380695198
328524311
457880039
592019100
512807662
316909563
445817526
272134233
358706938
55110887
283583884
288121549
375287116
440257091
311460324
384224427
51739841
265939871
309272368
390788267
318920064
395212562
337920833
311279211
316909563
332573541
425798212
440257091
408114764
445318374
557543122
311279211
481166048
272134233
520597864
450251469
314459873
397693260
439585766
311460324
592019100
476016278
445136793
520597864
309364359
358660983
397693260
453912532
365364932
339711998
358249627
485970677
31538607
517338605
479857646
404102469
425798212
31061678
356928936
559614125
541502861
311788745
314150499
335509323
468708076
325832927
445136793
307858122
288121549
476472132
408114764
