19657830
276362631
30392168
19657830
30392168
46338515
19657830
30392168
19657830
367808790
518476484
19657830
484720138
410276964
276362631
19657830
308312843
389092308
501204741
513191000
19657830
368676302
385784523
19657830
390029739
308312843
383854753
19657830
368676302
308312843
19657830
563875128
383405426
19657830
30392168
522872489
19657830
398389037
520207203
19657830
484720138
19657830
398389037
363867089
308312843
398389037
398389037
19657830
46338515
19657830
398389037
453666796
368676302
19657830
29398368
398389037
513191000
54949027
398389037
48313723
398389037
398389037
398389037
19657830
398389037
398389037
398389037
398389037
19657830
398389037
397616499
19657830
398389037
