321632002
341020660
427360891
321632002
326162324
426173374
306560604
61287643
306560604
321632002
427360891
397864217
479937160
321632002
356089442
310494952
319631236
321632002
460053383
397864217
479937160
379061836
321632002
310327867
324320120
356837422
379061836
321632002
378888736
363350268
356089442
428763374
321632002
427360891
400392304
428763374
321632002
344828868
390234767
321632002
368694165
426173374
357204383
354960829
321632002
356837422
379897939
420510685
338459737
476480192
356837422
341020660
378888736
390234767
428763374
341020660
379061836
321632002
428763374
360760806
310494952
354960829
321632002
427360891
590324202
322840968
376983239
390234767
267814615
306560604
321632002
378888736
336099374
427360891
321632002
319631236
378888736
587954857
479937160
321632002
428763374
341020660
343998581
479937160
378888736
390234767
327278313
321632002
420510685
424741339
363350268
326162324
428763374
357010688
379061836
476480192
416593933
465808547
341020660
390234767
379601690
306560604
326162324
390234767
430174994
436205902
320786703
321632002
390234767
379061836
310494952
360760806
341020660
326162324
432522487
321632002
591067321
368694165
427360891
321632002
326162324
430891716
360760806
373237707
428763374
313574499
326162324
426173374
61287643
58390811
356089442
321632002
324320120
397864217
426173374
428763374
397864217
65207032
341245383
486203071
310327867
379897939
549371932
451371071
366386658
428763374
321632002
347498662
357204383
427360891
428763374
321632002
379061836
428763374
420510685
357204383
428763374
378888736
436205902
430174994
324320120
356089442
357204383
379061836
470687193
426173374
476480192
427360891
420510685
306560604
321632002
390234767
321632002
428763374
360760806
321632002
427360891
324320120
321632002
481366737
310327867
379061836
321632002
402603767
303089726
347243612
306560604
378888736
479937160
426173374
421582197
322840968
321632002
378888736
428763374
306560604
321632002
378888736
354960829
465808547
420722930
308861451
418415165
306560604
363350268
428763374
363350268
368800770
318746966
363350268
476480192
310494952
379061836
378888736
65207032
399968116
475278141
363350268
419051010
379061836
320231698
368694165
426173374
321632002
476480192
420510685
382918351
423784247
306560604
319631236
405988114
56810521
326162324
476480192
476480192
326162324
368694165
48176743
328728856
427360891
321632002
322840968
356089442
427360891
347498662
347243612
428763374
327278313
321632002
321632002
379061836
390234767
420722930
379897939
58390811
427360891
322840968
325645918
303089726
390234767
347594080
418055832
321632002
414413534
341020660
427360891
321632002
347243612
306560604
344806406
321632002
356863810
347596463
321632002
321632002
381973012
427360891
430174994
472665359
375462187
319631236
390234767
363350268
378888736
479937160
347498662
344263794
426173374
338459737
343998581
306560604
323459181
426173374
420722930
359560832
487948115
368694165
363350268
590324202
267814615
418623006
440024138
379061836
394538484
375462187
322840968
452846337
470687193
398357501
368694165
363350268
476480192
338484659
368694165
321632002
428763374
267784301
420722930
321632002
427360891
347596463
347243612
363350268
379061836
306560604
326162324
321632002
587954857
368694165
476480192
363350268
473660589
321632002
294804116
320786703
351264167
61287643
312015358
460155932
321632002
360760806
310494952
332849067
587954857
427360891
368694165
360760806
321632002
356863810
476480192
319471720
476480192
368694165
591357031
476480192
310503198
400331446
476480192
322840968
368694165
326162324
588793343
442684657
472475508
267814615
58333282
591357031
428074699
587954857
479937160
428763374
321632002
347498662
400392304
436205902
332120205
428763374
48176743
321632002
306560604
321632002
379061836
378888736
378888736
390234767
420722930
306560604
357010688
426173374
321632002
382918351
321632002
341020660
328728856
321632002
267814615
341020660
