29785020
20721233
29360623
20675500
20721233
26974664
20721233
41243987
26451412
20721233
385068213
31477547
20675500
360835361
342907995
391197718
494540534
363440397
532003098
31061801
26451412
496953794
294021681
268330586
438116393
504918364
307526699
50807041
31646221
521008195
26451412
484428153
41183752
438116393
494540534
29360623
20675500
475503556
48302696
297730159
391197718
400688849
21283424
21283424
363440397
391197718
494540534
365746862
401581337
31477547
64615398
28532717
438116393
448454948
475503556
429611098
411542407
377698953
313863137
49691793
402493462
392932263
49691793
31477547
391197718
579197574
405463148
26451412
21283424
37468629
62920982
471091443
524996490
504503920
334544332
48362175
483658105
28954742
334544332
392932263
400105247
573876223
348643098
490960758
29334819
535103653
573876223
392932263
32226425
487647679
392932263
422342207
32296599
392932263
32296599
578071573
579197574
392932263
45506120
313235174
21720609
391197718
28714989
26470816
20721233
31061801
576348633
26451412
494540534
29785020
47764447
32296599
371865259
62920982
20675500
411542407
28954742
29787968
62920982
579197574
454497406
264403508
32296599
21283424
37468629
26451412
36955568
579197574
573876223
375556310
578071573
579197574
478936104
