20003535
19665496
21775016
21368161
33705731
19665496
572708836
26799275
21775016
578470260
28541076
21775016
579828454
579552720
21775016
464791180
576157644
380401658
585057172
553652154
583161778
583716540
576157644
571057553
33628154
586893632
464791180
386429624
19665496
590501596
33705731
576157644
51168543
19665496
280388444
55818833
38437397
576157644
33705731
576157644
571057553
383708994
590501596
576157644
46817173
571057553
21775016
308313232
55895850
553652154
576157644
484212618
507838923
41866455
19704901
65645035
21775016
52315354
585057172
55818833
569638396
419224800
55818833
577454502
36152223
19665496
20396796
391877519
308313232
407572935
26799275
599324559
397032276
419224800
599324559
571057553
386429624
358870044
599324559
33705731
609873629
599324559
383708994
291792158
571057553
571057553
309608303
577454502
386429624
