405380954
325551838
414184990
372738491
312871504
322476717
372738491
372088735
382614890
313366324
345493261
377603859
52358514
387383480
453022542
313366324
381612837
397891143
454768316
313366324
382614890
413851150
554891245
354249120
327295942
325551838
445061785
382614890
396970237
386621240
356502974
457798063
462752519
52358514
387383480
440441439
318190503
344257660
285340130
350085870
591614526
377603859
381050077
387383480
313366324
377603859
350551514
386310536
372265316
345126269
310641033
332211608
359250907
381050077
474652481
381050077
398656423
397288988
475470703
367678763
369960293
467333663
349492092
391946776
440675589
474652481
382614890
370262906
439920831
430370035
414184990
384181117
325551838
372738491
427282893
369780904
369719642
372088735
313083152
453022542
313366324
292615621
382614890
362306215
434068582
465955679
327295942
318190503
386310536
350371846
356502974
424181507
313366324
344257660
465617123
285340130
312871504
387383480
332870656
463806644
440825375
381050077
382614890
377178476
378232619
395437217
349482296
353176552
381050077
