345023296
29442770
23903166
46764665
345023296
23903166
364725499
345023296
43536432
23903166
375069893
371448435
345023296
23903166
385384803
264673707
345023296
338253725
23903166
385384803
51374029
345023296
25908370
23903166
385384803
345023296
25908370
385384803
23903166
345023296
27067809
23329893
385384803
389121666
345023296
381152706
385384803
345023296
385384803
345023296
389121666
385384803
345023296
333773736
385384803
27067809
345023296
23903166
385384803
392706468
345023296
397662408
385384803
345023296
392706468
345023296
371968581
371448435
385384803
345023296
392706468
385384803
345023296
392706468
578122105
23903166
385384803
345023296
23194748
34526472
385384803
345023296
37504483
385384803
345023296
371968581
385384803
345023296
392706468
385384803
345023296
25270968
385384803
345023296
392706468
385384803
345023296
375467104
385384803
575857012
25270968
345023296
431517358
385384803
345023296
345023296
520365071
345023296
364725499
345023296
27067809
20349181
345023296
391291410
392706468
345023296
345023296
345023296
345023296
345023296
385384803
345023296
441071033
397662408
345023296
441071033
385384803
345023296
520365071
25270968
345023296
363585084
385384803
500293910
25270968
385384803
27067809
43719169
397662408
345023296
381152706
397662408
41465840
20747972
49329882
375069893
31739402
345023296
23903166
29206502
27067809
385384803
345023296
22163568
20747972
385384803
345023296
345023296
392706468
385384803
385384803
392706468
385384803
22163568
385384803
345023296
27067809
37504483
43536432
20349181
27067809
