578253153
376221863
450827348
338246371
270859962
376221863
450827348
376221863
578253153
270859962
376221863
270859962
450827348
376221863
491900106
585775495
376221863
270859962
541430851
376221863
450827348
364608990
578253153
376221863
376316449
378926265
376221863
454486090
450827348
376640572
376221863
492238956
450827348
376221863
337736001
379950538
376221863
274311737
578253153
338246371
376221863
280581906
578253153
376640572
316117270
578253153
376591722
376221863
578253153
376499766
376221863
371770514
578253153
270859962
376221863
376601605
450827348
578253153
376221863
582309782
578253153
376591722
376221863
450827348
451009042
376221863
316117270
450827348
405800306
376221863
450827348
299710722
404570827
376221863
376526631
462349630
410521066
578253153
386281671
578253153
270859962
378926265
454486090
578253153
376221863
274311737
376526631
337736001
451231876
376221863
338057746
376221863
376499766
379950538
578253153
378926265
376221863
578253153
376591722
337736001
409375365
338246371
376221863
578253153
337736001
376221863
337736001
280445654
338246371
577428000
316407162
376221863
338246371
450827348
316117270
376221863
450827348
452842810
376221863
450827348
578253153
376499766
376221863
453080170
450827348
337736001
316117270
376221863
376221863
337736001
376221863
578253153
450827348
316117270
376221863
270859962
338246371
577428000
376221863
378926265
376221863
524793828
524949685
376499766
578253153
337736001
270859962
376221863
450827348
524949685
578253153
492238956
410521066
450827348
337736001
492238956
410521066
450827348
299710722
393359332
410521066
376221863
430803470
270859962
463192382
376516427
451081915
578253153
376591722
376526631
316407162
451081672
430803470
450898642
376499766
410521066
450827348
337736001
451009042
492195936
458656038
376640572
451009042
453930019
280445654
451080893
578253153
379023672
316117270
409375365
376601605
454486090
510800271
451231876
411208080
376221863
578253153
458870339
344544734
439838695
319290483
371770514
453080170
451231876
337736001
376601652
452842810
378641888
365973124
451080893
456921359
376640572
376601605
338246371
451081672
453626016
450877570
376221863
338246371
376535474
454486090
450898642
393359332
450827348
376591722
510800271
377348810
410521066
376499766
453080170
450827348
280445654
378641888
376591722
281825064
371770514
376601605
524949685
322293785
414289535
450854038
316117270
578253153
405800306
316117270
376535474
378926265
386281671
337736001
378926265
379030279
378641888
376221863
376516427
376221863
337736001
316468064
453626016
393359332
578253153
457333364
377863626
337736001
578253153
459124332
337736001
587528624
376499766
376516427
378926265
376316449
463681982
479826107
376316449
337736001
450827348
378926265
405474762
578253153
456921359
578253153
376221863
376526631
578253153
454230069
338246371
379023672
450827348
578253153
382317869
405800306
577428000
338246371
578253153
374951454
357851221
376499766
379023672
376591722
316117270
338057746
578253153
338246371
578253153
376570970
578253153
270859962
370386110
376221863
316407162
450827348
376221863
378926265
270859962
410521066
450827348
371770514
578253153
301695300
316468064
316117270
581557511
376221863
299710722
578253153
578253153
316407162
577428000
586814925
463681982
450827348
316117270
376221863
316117270
578253153
376221863
376499766
582181625
280445654
270859962
587528673
578253153
338246371
577428000
578253153
450827348
568481013
578253153
299156798
