517076393
528005512
40956408
546883870
40956408
528005512
40956408
364275654
316045987
313490336
40956408
546883870
316045987
437817035
40956408
522809475
525512004
280614932
528005512
552875300
62945207
316045987
437817035
528005512
280614932
62945207
40956408
369723725
528005512
62945207
586113224
40956408
437817035
546883870
438186715
534396107
62945207
528005512
40956408
316045987
528005512
417561077
528005512
270967663
280614932
62945207
517076393
438186715
528005512
40956408
316045987
62945207
369723725
567925212
40956408
538576012
364275654
522809475
40956408
586113224
499301336
40956408
364275654
40956408
313490344
364275654
528005512
528005512
524928884
364275654
528005512
40956408
528005512
528005512
586113224
40956408
533376555
40956408
266084846
313490336
528005512
590952469
362460528
350801988
419839101
534396107
586113224
546716839
