345131426
447814373
525066809
64652559
447814373
54732267
275643002
417852043
311462229
34778170
452296682
566392909
334796974
34778170
366063412
419067782
366063412
560537728
494808660
538421588
512833275
60380907
505723777
334796974
345361967
329363621
581993684
334796974
334796974
345361967
560537728
566392909
419067782
41683247
278995034
334796974
497915712
431029532
417852043
60380907
427939526
452296682
445056951
54732267
339537302
555924224
40177337
581993684
452296682
417852043
452296682
417852043
555924224
512833275
66080637
589969056
64688354
431029532
494808660
431029532
431029532
566392909
431029532
33191909
431029532
366063412
278995034
565631289
366063412
590333359
591731933
530629715
447814373
525066809
417852043
326511036
525066809
23776280
40177337
324169135
530629715
502095438
41683247
415427259
531641603
501053912
417852043
21703532
345361967
329363621
417852043
366063412
447814373
371303970
452296682
419067782
324611918
343775662
531641603
417852043
329017443
334796974
512833275
278995034
555924224
427939526
417419878
555924224
516068723
452296682
46201747
417852043
591731933
572975351
604834402
268962778
354757017
587535891
339537302
366063412
345361967
354757017
495236429
566392909
366063412
555924224
576407621
588202251
366063412
581993684
431029532
345361967
54732267
326511036
566392909
477777706
495236429
585695822
334796974
516796742
452296682
366063412
326511036
417852043
452296682
366063412
447814373
535354832
402036049
366063412
581993684
533050191
417852043
447814373
578467915
54732267
548409425
452296682
501053912
417852043
589034028
300706448
583702668
60380907
544422237
334796974
503341454
517728453
366063412
499430283
54413309
452296682
573752338
563239983
581993684
531641603
27165623
572975351
277792245
533050191
516608035
417852043
431029532
451873735
545514483
542618533
