501292908
361792110
370870437
318885195
28757331
404375377
439791542
318885195
407175070
318885195
407175070
438120993
318885195
34776046
369861554
311762876
37545673
318885195
297328983
407175070
354928771
547879707
34776046
407175070
369861554
445228031
384294290
34776046
297328983
321744295
318885195
34776046
370870437
464450515
421871955
404375377
34776046
321744295
297328983
359240682
464450515
409456011
441951463
547879707
463105799
391817619
449836642
365017774
501083714
321744295
391470526
391255992
321744295
564784140
297328983
34776046
318885195
471852483
34776046
321744295
419559814
330382407
391470526
536653530
404555608
323806851
589648484
318885195
330382407
297328983
513191727
321744295
365886017
536653530
547879707
533441414
397334650
318885195
297328983
464450515
393628996
536653530
34776046
297328983
320827676
388690146
34776046
397804853
419559814
391470526
421871955
34776046
413271585
391470526
407175070
391470526
318885195
449836642
297328983
536653530
397804853
321744295
545740291
397804853
391470526
421871955
438120993
318885195
34776046
421871955
391470526
359547658
321744295
318885195
439791542
28757331
391470526
393628996
441308332
391470526
318885195
297328983
464450515
391470526
34776046
318885195
391470526
321744295
421871955
318885195
391470526
34776046
449836642
391470526
391470526
318885195
391470526
449836642
391470526
482123512
391470526
391470526
297328983
463581114
391470526
397334650
457756854
20935943
564784140
449836642
375694920
388690146
449836642
536653530
404375377
404766608
321744295
365886017
397334650
497919249
321744295
375694920
421871955
340251768
320827676
352326297
365886017
387266668
27887663
397804853
34827633
310623803
359767425
321744295
391470526
321744295
370870437
398777777
310954598
391629025
321744295
354928771
449836642
564784140
359547658
391470526
297328983
354928771
359767425
27344505
297328983
421026761
388690146
387266668
297328983
391470526
535613923
297328983
323806851
34776046
419559814
564784140
391843419
388690146
564784140
323946261
34776046
361251184
359767425
397804853
34776046
312532589
366027957
34776046
400868927
564784140
421871955
404375377
445228031
321744295
34776046
321744295
318885195
372196455
321744295
28035124
464450515
397804853
404766608
318885195
297328983
404555608
391470526
421871955
501292908
391470526
388690146
404555608
397334650
421247114
34776046
464450515
391470526
318885195
464450515
391470526
34776046
397804853
321744295
391470526
361251184
421871955
34776046
464450515
28035124
391470526
297328983
28035124
421871955
391470526
464450515
391470526
464418915
501292908
361792110
28757331
375694920
501292908
404375377
48991180
536653530
359240682
397804853
352326297
456269863
407175070
407760730
343059453
554352883
370278450
388690146
501292908
388690146
359767425
413271585
501292908
34776046
536653530
413271585
388690146
374594187
34776046
391629025
397334650
34776046
464450515
397334650
34776046
453723114
321744295
395399801
391103357
39110306
322403011
326076672
355603747
323946261
34776046
352326297
464450515
397804853
394209249
361792110
330219273
370278450
461488782
361251184
404375377
361251184
397334650
384295638
365886017
384294290
441513088
382131298
354928771
497919249
53755635
354928771
370870437
375694920
501292908
379048031
28035124
421247114
321744295
471687642
397334650
404375377
326076672
352326297
297328983
501292908
388690146
359767425
388712545
297328983
352326297
404766608
417405704
421871955
423751272
361761258
497919249
321744295
471577946
402575601
419559814
318885195
297328983
441325892
352326297
388690146
419559814
352326297
323806851
404766608
421871955
486830918
590170061
321744295
404375377
417820739
318885195
404375377
449836642
404555608
297328983
397334650
404555608
471577946
441308332
318885195
397334650
419559814
352326297
501292908
321744295
421871955
361251184
406124214
361251184
397334650
321744295
421247114
501292908
421871955
397804853
354928771
361251184
421871955
318885195
321744295
379048031
359547658
501292908
464450515
407175070
404375377
441325892
397804853
464450515
404555608
564784140
321744295
34961452
373841130
471852483
352901613
412602174
365886017
404375377
46999089
330219273
387266668
364095892
397804853
439791542
387266668
417820739
30058526
407175070
440304561
321744295
322403011
412602174
318028455
387266668
37564630
368402411
406124214
323806851
34776046
464450515
365886017
388690146
536653530
381722258
27887663
413271585
464450515
397804853
337020778
323946261
463105799
367373478
384561743
382131298
464450515
370870437
31479415
359767425
354928771
376152530
455110084
404766608
381663637
414132281
320827676
403485236
413271585
323946261
323946261
352326297
501292908
297328983
352326297
320480858
397334650
366643045
317527232
318885195
388690146
359767425
536653530
464450515
391470526
318885195
404421334
459383231
27887663
367305774
418786891
404614862
34776046
374325521
352326297
297328983
371554182
34776046
330382407
397804853
318885195
34776046
401773605
397804853
318885195
375024665
388690146
397804853
419559814
501292908
421871955
536653530
364436823
391470526
464418915
404375377
421871955
449836642
497919249
441308332
497289628
390971991
352326297
381069402
372543714
449836642
441325892
394598199
404766608
31479415
34776046
404375377
401518641
404555608
397804853
352326297
358923121
318885195
368422236
352326297
413271585
22700788
449836642
497919249
464450515
28757331
404555608
501292908
351528125
318885195
397804853
404375377
441325892
352326297
394318867
34776046
449836642
464450515
421871955
321744295
361251184
391470526
404766608
352326297
464450515
501292908
421871955
