37314943
29146326
27784689
26822030
302498958
21043780
51287294
37314943
29588988
587050391
481036213
301261310
37314943
31256633
26197988
20183516
37314943
27784689
29146326
435733093
26197988
519483034
21043780
435733093
289069988
26822030
435733093
37314943
302498958
289069988
435733093
37091939
24099162
20183516
289069988
26822030
24327190
35972112
289069988
21043780
29146326
435733093
35590177
435733093
37314943
36231728
315139920
21043780
285670080
289069988
400445090
26822030
301261310
24327190
453856942
21043780
37314943
412130765
590964294
21043780
435733093
590894501
519483034
21043780
320479194
511714669
24099162
26822030
559005537
412130765
519483034
296236740
359318661
21043780
587050391
610059862
21253522
289069988
20291266
30963504
289069988
331423974
265526449
27784689
327056992
21043780
289069988
265526449
20291266
289069988
29876671
266160387
21043780
24327190
590894501
589308620
289069988
24327190
435733093
289069988
21253522
21043780
565616451
24327190
36231728
519483034
20291266
435733093
20291266
289069988
20291266
435733093
24327190
359318661
20291266
435733093
37314943
26197988
29210768
301261310
519483034
21043780
21253522
30963504
51287294
21253522
35972112
21043780
21459887
21402081
301261310
37314943
26197988
519483034
20291266
37314943
21043780
65550147
354608022
35590177
21624395
54894709
296236740
295127784
519483034
27784689
28999719
21043780
51174564
67615879
392800303
37314943
26822030
21253522
20310462
386701317
462162651
422830166
462162651
362442173
335678789
493536387
24327190
66894079
450723804
297222976
21253522
349339039
274108289
358852908
462162651
327056992
21253522
435733093
31256633
313836359
21043780
362617577
435733093
37314943
20291266
29876671
381126980
331423974
24327190
20291266
20310462
20291266
519483034
28999719
20291266
21043780
22612369
26822030
264559674
51287294
21043780
20310462
27784689
30963504
272199875
35339142
367554210
27784689
28999719
48302217
67448647
331225254
285407063
29146326
511714669
20310462
21253522
30963504
48302217
331225254
28580787
29876671
21043780
396974549
28336109
470070383
21043780
334105084
64876567
37314943
302498958
23381853
331423974
36231728
302498958
364797666
29876671
541870500
67448647
35339142
35590177
331430495
303848575
51174564
29210768
294774277
316088440
330520680
62074237
321369002
441616863
301261310
35972112
31256633
493536387
441616863
39706146
519483034
20291266
429235559
28999719
21043780
519483034
35972112
62074237
435733093
392417072
35972112
270756997
412130765
336786632
21043780
24099162
327187246
296236740
51287294
315127112
331423974
54894709
20183516
319975152
67366918
519483034
265027531
270683545
322535644
320479194
20291266
350022753
21043780
440793549
318276393
346156161
30963504
37838913
21253522
316088440
294657520
37314943
31367113
310661664
384785597
400445090
331423974
360315840
21253522
27784689
359479685
21253522
386701317
20291266
294774277
37314943
302498958
26822030
327056992
342378010
519483034
21253522
342195247
24327190
36231728
24327190
21253522
362617577
268096084
20183516
21253522
21253522
396130129
21253522
331225254
386152836
35972112
20291266
31320540
21043780
20291266
20291266
24327190
27784689
21253522
27784689
301261310
27784689
20291266
31416623
27784689
26822030
35590177
448598619
331480323
470070383
21043780
35972112
36108936
274108289
470070383
590335586
20310462
27780645
36231728
62074237
27784689
21043780
348909633
24327190
263861922
35148943
504125984
20310462
583167742
31416623
26822030
26822030
500699882
21043780
37314943
341935947
590964294
470070383
30963504
64876567
375704142
435733093
318276393
21043780
28336109
524962079
412189238
20291266
55043289
37091939
21253522
24327190
397415819
383544952
590894501
20291266
384785597
585738467
24327190
20291266
20291266
590333806
39706146
20291266
20291266
559005537
20291266
20291266
20291266
