55102620
391379079
55102620
48084930
55102620
351516027
290581266
382282152
357665139
426674961
49817612
55102620
36690268
287318845
30263490
36690268
353546923
36690268
391379079
351516027
474891857
30263490
36690268
36690268
391379079
339414318
55040949
391379079
550427664
55102620
391379079
373332466
55040949
36690268
64475017
36888137
461483395
334328115
36690268
47791746
25695834
281451326
64475017
351516027
453991830
34949189
339872234
30263490
426674961
371040745
351516027
64475017
36690268
287318845
398496096
573723596
55040949
353546923
36690268
398498366
474891857
298020824
422554650
36690268
286653966
393008978
390179712
367028521
351516027
382282152
36690268
351516027
52771423
391379079
36620780
576705038
36690268
589843916
34949189
339414318
36690268
588505349
287318845
351516027
453991830
550427664
25695834
351516027
391379079
351516027
36690268
351516027
578358971
36690268
48084930
391379079
318294883
37916589
351516027
285558803
578358971
268744629
351516027
405177767
351516027
391379079
339872234
578358971
579376841
351516027
565411100
380955255
440522767
579114817
36690268
550427664
36690268
64475017
578358971
550427664
409662936
281451326
287318845
583302103
578358971
430829566
48084930
574520301
583302103
36888137
453991830
34949189
22006918
26039345
36690268
287318845
398496096
370593853
390179712
391379079
287318845
391379079
351516027
55040949
55102620
56800380
285558803
351516027
380955255
36690268
48193652
34949189
