402980609
449258745
28847893
502862228
49483074
375083719
401702836
28847893
50794213
344288650
482360753
47004487
50794213
50794213
409065443
568405158
585607915
341519933
482360753
449258745
365468491
408077725
581998397
357254549
477065887
395289134
357254549
407625346
402980609
364711466
275705128
561312722
47004487
526092909
49483074
581378850
449258745
375083719
568405158
408077725
432043338
449258745
581998397
561312722
283846868
382852337
525774412
528334371
568405158
461267858
357236690
582940966
449258745
373158382
583262457
408077725
561537146
586603576
408077725
341335134
562043299
408077725
531408715
457922427
370673610
395289134
403509093
461688894
451857545
505956996
457922427
