336859540
344761613
446408592
385834498
394617971
418175953
373385441
371128529
336859540
367920424
385486461
407588218
336859540
370414685
363222660
403453408
442435957
36413593
336859540
373385441
336859540
335718063
382866835
367920424
336859540
491901350
384943111
459572700
336859540
460452198
394617971
336859540
373385441
384955609
476659991
336770101
19604979
386926576
336859540
322059760
336770101
407725692
335718063
491901350
370414685
384943111
388866308
325289377
367920424
345099708
335718063
336859540
345099708
457231993
407725692
345099708
482823444
442435957
384955609
373385441
384955609
378055722
336859540
384955609
345099708
37843650
335718063
384955609
407725692
384955609
469630904
423787237
423787237
345099708
335718063
423787237
322059760
423349503
384146679
457231993
345099708
345099708
345099708
491901350
459572700
367920424
442435957
459572700
491901350
345099708
373385441
491901350
345099708
336859540
32084854
317818980
32084854
36413593
