316407162
451231876
393359332
451081915
316407162
376591722
376526631
364608990
450898642
451278189
462349630
379950538
451278189
527419524
453930019
430295255
451231876
376591722
322154166
546862865
451231876
376601652
452842810
378641888
365973124
455363863
316407162
450898642
393359332
376591722
486871534
377348810
376591722
525473440
378641888
376591722
568531084
376526631
538296222
432768190
462349630
387095367
462349630
379030279
378641888
393359332
457333364
376526631
451231876
316407162
556141441
532042557
379950538
316407162
316407162
533305146
376591722
526627930
376526631
316407162
316407162
586814925
376591722
376570970
316407162
455900961
462349630
452842810
462349630
537548299
476322894
462349630
541956894
425768386
545908631
316407162
568222359
532801414
532042557
336663166
393359332
480632057
318913594
578572135
462349630
316407162
452842810
379950538
316407162
505078022
502625679
500795673
502677122
382970729
376526631
454423148
458165870
537548299
