266309890
536138436
428126756
362360941
266309890
476613757
355698387
289114263
428126756
476613757
340425269
340423847
428126756
266309890
457322413
457958931
266309890
398038852
279972912
390945247
398038852
420170944
609904589
536138436
442471970
457958931
609904589
48407951
279972912
563035920
476613757
289114263
476613757
589428941
351161091
481757464
420170944
476613757
563035920
266309890
428126756
476613757
66224768
461344660
476613757
444269840
31927965
476613757
563035920
420170944
398038852
444269840
351161091
