558102624
38663397
48784242
53822825
29078614
571645840
38663397
29078614
571645840
21792388
47180818
571645840
401920974
585803896
571645840
29078614
435424620
268772430
269859175
27937347
328617155
35844929
29662542
29139461
27294998
571645840
54559993
391243577
29078614
24577401
19720589
391243577
32369239
54559993
29139461
49281205
366410969
35079737
38145047
19662094
28207180
451491251
393029537
29139461
369567285
20962823
414865377
349145375
19569687
393029537
28720296
28636631
36146716
322700770
349145375
448365834
41831108
349145375
356727829
46755589
22439412
24577401
349145375
571645840
339722987
571645840
306552780
578957919
53822825
29139461
366410969
19569687
28207180
385086979
54559993
366410969
469560171
308154187
376410538
24868012
35844929
359431622
27294932
366410969
465227303
435424620
55062645
429392039
397984828
334356635
366410969
431446199
366410969
590635396
20962823
366410969
27987960
366410969
54559993
382069108
366410969
349145375
431446199
29113245
366410969
431446199
590635396
578961039
366410969
590635396
366410969
590635396
272248661
366410969
571645840
53822825
24868012
366410969
328192872
366410969
391243577
366410969
393029537
359431622
393029537
19569687
590635396
33398444
48784242
28636631
38663397
571645840
27260085
22461712
427183086
27557752
400495876
440629762
442599092
35470362
35196112
442599092
571645840
439715411
429392039
35174947
30674043
54559993
391243577
29078614
36146716
29991900
28636631
305561016
19662094
469560171
305561016
24577401
393029537
29078614
322700770
463653564
33669651
23661687
27835731
29662542
41831108
349145375
24577401
20962823
399295226
41831108
33398444
349145375
571645840
329885897
396399769
400066959
349145375
393029537
268772430
420819685
571645840
429392039
42224014
268772430
50323357
268772430
46482594
356049095
409530866
44579671
431446199
480685732
62441881
379354668
349145375
356049095
571645840
435424620
356049095
435424620
398146589
268772430
24868012
385086979
29020305
21841525
41068853
356049095
578957919
395823336
349145375
361041556
268772430
29020305
356049095
431446199
328750066
396399769
385086979
431791010
22461712
359431622
395823336
62453557
24868012
431791010
349145375
385086979
268772430
349145375
29020305
366410969
385086979
431446199
366410969
397984828
349145375
328192872
33744866
29139461
385086979
581884523
571645840
349145375
378085946
29078614
349145375
27920211
409530866
366410969
399295226
349145375
366410969
431446199
25631942
366410969
366410969
401920974
431446199
385086979
366410969
578961039
366410969
28720296
35678710
46839088
57963823
422288799
28720296
28636631
413349572
40302281
491962180
380055175
268772430
50796777
29078614
19720589
28636631
269859175
29078614
42224014
349145375
268772430
444512382
549802878
31434520
33607905
268772430
40776957
391243577
35908500
29078614
349145375
429392039
356913601
34602957
349145375
435524386
22274496
27557752
67629050
272248661
324276407
29222943
41847609
53822825
34927128
48146737
368669937
393029537
409530866
272248661
400495876
396399769
57963823
328617155
31434520
34807669
343257166
295190280
33607905
399295226
308154187
392595102
351397708
41831108
510446334
34807669
369250371
349145375
268772430
407857723
67629050
28720296
29991900
416156114
376410538
387429998
431446199
33398444
27920211
21952056
399295226
268772430
27294998
268772430
46755589
380055175
443752179
396204020
28720296
46755589
480534890
356049095
443263575
417446318
20704106
356913552
400079595
578957919
416156114
399105569
33398444
366410969
268772430
349145375
356049095
400495876
430354156
349145375
383586355
385086979
359431622
349145375
63455384
334356635
427183086
349145375
328617155
42224014
65812361
375255245
27987960
480534890
375547134
268772430
356049095
268772430
397984828
431446199
65563474
356049095
401920974
349145375
34367349
395823336
385086979
34927128
349145375
366410969
431446199
435424620
24868012
385086979
431446199
349145375
392595102
65812361
447572129
64000555
401920974
395823336
24579266
397033133
366410969
395823336
36415701
356698052
29113245
356698052
24868012
366410969
349145375
401920974
53822825
366410969
349145375
31329253
431446199
36415701
370436929
34807669
358536260
356698052
376410538
388607746
46755589
31875621
49173625
28636631
427183086
27887109
266627522
401920974
347148931
29078614
400495876
20962823
401920974
29078614
28720296
349145375
53822825
29078614
24868012
392595102
406192879
395823336
399105569
42154538
435424620
409530866
268772430
393029537
356698052
29925971
427750872
27294998
399105569
34367349
356049095
32369239
552558963
370436929
65812361
351397708
358766561
383586355
65812361
380319102
316325808
562055029
29822682
396473553
24868012
264564720
417446318
29078614
351397708
288067978
435424620
404866668
25631942
24868012
29157860
46755589
435424620
356049095
388960492
578957919
349145375
431791010
53822825
356049095
38512338
28720296
429392039
370436929
50323357
590635396
27987960
356049095
268772430
374831788
328617155
339411055
385086979
359431622
435424620
349145375
361912748
24868012
373496999
392595102
53822825
334356635
392595102
351397708
385086979
356049095
431791010
328617155
29139461
351397708
399105569
386982807
400495876
320066816
397984828
422430836
349145375
22461712
62441881
46914834
523361156
412127233
40608607
422242926
431791010
369250371
53822825
376410538
338447272
396399769
417446318
342551127
402805182
431791010
480534890
27744869
400495876
356049095
24868012
22439412
395823336
349145375
351397708
343577203
395823336
323832669
366410969
334356635
435424620
349145375
351397708
435424620
349145375
404866668
392595102
480685732
349145375
367255094
401920974
349145375
400495876
349145375
590635396
578961039
376410538
366410969
50323357
480534890
54559993
571645840
26767159
38663397
19580536
38077263
20718169
38663397
378085946
20962823
349145375
41831108
22613531
372781524
378085946
34984549
27937347
54559993
27887109
46930311
405605411
571645840
359431622
590635396
590635396
36146716
592117652
20962823
590635396
400528522
590635396
36689595
592117652
36146716
590635396
404195135
366410969
36146716
571645840
366410969
590635396
