588193098
357146712
425778865
458781984
324582539
588193098
324680475
588120320
324582539
588193098
425778865
304158955
47508613
68742336
57736812
325208294
588193098
47508613
304158955
458781984
68742336
350858896
304158955
458781984
327891519
47459634
451319473
324582539
46772599
431545346
324582539
350858896
324582539
47459634
423652112
304158955
324582539
588193098
47459634
332062091
47508613
454774247
304158955
386480392
402285901
327891519
588120320
326583477
324630697
581534872
588193098
304158955
588193098
429576820
454774247
459352715
326583477
350858896
588193098
454774247
46772599
431545346
332628515
446510879
327891519
304158955
431545346
350134894
324903758
586582534
326583477
46772599
388129720
459352715
386077310
326583477
324582539
459352715
457674499
46772599
586582534
344858433
304158955
588193098
324582539
511996641
459352715
304158955
46772599
438972761
388129720
431545346
586582534
324582539
324630697
325425019
588193098
326718000
324630697
459352715
588193098
324582539
324630697
46772599
549867506
304158955
577687700
454774247
46772599
324582539
304158955
586582534
388129720
304158955
431545346
425778865
324582539
353157705
577687700
304158955
586582534
559558945
394739206
588120320
304158955
586582534
459664654
581534872
304158955
336461029
46772599
304158955
351210777
304158955
511996641
459352715
304158955
304158955
588193098
304158955
581534872
304158955
304158955
304158955
426107928
559558945
304158955
581534872
340600997
304158955
304158955
394739206
304158955
588120320
426107928
304158955
340600997
304158955
304158955
304158955
459352715
304158955
425778865
438972761
431545346
324582539
344858433
304158955
324582539
324630697
304158955
326583477
324582539
304158955
324630697
304158955
304158955
57736812
304158955
47516703
304158955
47000527
47684072
47459634
46772599
