324861594
479826202
326477263
326081888
289653488
459200707
486177812
495959396
410632040
270986073
409457484
395940034
53193581
548457487
361304293
536067952
536971287
30643228
541680271
445418280
536971287
417862187
333315724
495859930
417391531
536971287
289653488
416655828
270986073
495982570
536971287
407952366
526086857
424018566
334342258
495982570
280926005
560684984
486177812
445418280
526086857
450199134
396209287
334369623
264796998
537357700
586348704
325025594
280926005
572118333
487443145
480332577
289653488
330690397
429215902
490230642
270986073
327764697
485956459
280926005
457256444
486177812
416724934
280926005
410225154
270986073
495859930
526086857
548474999
409933603
414651901
407775282
333315724
586348704
437614903
309869759
425199072
586348704
306629833
451532485
388326215
424696039
445314407
340999465
324861594
380946007
459200707
422119596
486177812
485519092
464955558
586348704
62780107
559274599
270986073
416724934
360715901
270986073
526086857
586348704
409457484
526086857
409700681
591591361
451532485
361304293
270986073
585123440
451532485
289653488
462668187
495616060
409700681
487543184
356358124
280926005
527097662
451532485
409700681
280926005
459771780
416616640
536971287
380946007
409474979
548474999
270986073
586348704
495627122
487443145
451532485
487543184
459460744
409700681
327519872
526086857
327764697
409700681
586348704
486177812
323583954
536829856
486177812
409700681
451532485
340999465
486177812
490048732
429279856
325025594
459545080
495982570
495616060
409700681
280519471
270986073
548474999
464955558
495616060
270986073
280926005
495631331
270986073
338459750
409457484
289653488
326477263
537484509
324861594
326477263
326081888
334369623
399944856
290880990
326095450
334369623
407661505
392788066
334369623
270986073
424018566
274349273
460793856
409473414
325025594
420835451
327764697
487443145
495982570
270986073
325025594
396405976
478778106
330690397
407679016
23903996
464955558
330725870
580385686
327764697
280926005
464955558
327519872
67455710
586348704
486177812
269250225
485497921
320104723
340999465
264796998
383311271
270986073
481076038
586348704
487443145
325025594
390008840
270986073
360320163
486177812
586348704
462668187
270986073
586348704
495616060
420848901
264617315
407686087
486177812
328424045
407686087
330725870
397948608
333644400
586348704
495616060
280926005
324854533
548474999
464955558
366813407
495633411
493119573
407665095
542944106
414835054
495627122
441643061
536829856
270986073
464955558
289653488
591591361
487443145
411876139
327764697
280926005
270986073
591708230
502492003
495633411
492453268
323583954
483396473
270986073
486177812
280926005
270986073
429279856
325025594
270986073
397413232
493119573
478778106
423082365
409457484
270986073
478778106
270986073
486177812
409700681
326477263
392257245
270986073
409700681
487443145
409700681
409457484
493119573
328421706
327764697
407679016
414513715
323751989
485519092
326111405
495859930
328421706
334369623
424035832
317095604
336008283
487443145
383311271
394476003
270986073
414506308
464955558
449000188
402041187
340999465
394476003
462668187
321953114
267665638
303164370
527097662
336236459
493119573
458764364
464955558
334369623
484856871
409518004
52286653
417862187
409700681
289653488
414846508
472606413
368511051
280926005
330870319
327519872
407686087
270986073
396739630
437614903
66518287
392367439
475240607
66518287
495616060
495633411
62437089
330858404
330690397
407708639
451532485
24682496
393723765
526086857
542944106
334369623
324861594
495627122
429279856
334369623
327519872
478778106
37903762
407873267
494161164
265900709
402071919
270986073
493119573
276043713
450110915
270986073
350786379
327764697
424018566
280926005
445314407
407686087
270986073
407665095
330690397
402071919
393723765
270986073
495843659
432495584
445314407
422119596
441643061
263953031
495627122
493119573
486177812
408979489
422119596
485519092
450199134
422119596
52629320
478778106
383311271
387999718
399944856
494161164
409457484
399944856
406386517
537484509
414506308
330725870
276043240
276043713
328424045
331803752
334369623
491267796
409700681
393723765
324861594
289653488
487543184
493119573
273697135
395940034
408979489
437225212
478778106
270986073
332395850
397413232
429686448
409700681
478778106
437225212
264796998
429279856
407679016
330870319
326081888
480452598
414512803
485519092
485303422
397905631
330858404
409262807
330870165
338459750
402071919
336008283
484764930
485519092
392788066
330870165
423698806
479771741
334342258
392788066
330690397
324861594
330858404
485519092
402071919
270986073
399031882
340999465
423698806
491061938
480452598
464202790
318772788
455587546
493720432
321953114
392788066
336236459
484764930
324854533
485519092
417862187
393341598
414846508
495633411
479771741
62780107
491061938
270986073
323805557
327519872
338459750
437225212
305602531
409982083
428370592
491061938
494161164
487640532
445862138
441643061
494161164
416655828
466348692
495633411
494161164
338459750
433284960
325025594
330690397
423026756
495633411
407708639
397413232
495616060
328424045
494161164
461155885
495616060
327519872
268146597
274180296
338459750
333644400
402071919
416915355
328421706
412982155
409518004
330870165
412398292
280926005
284413726
418348553
424018566
280926005
273697135
328424045
424018566
429686448
493119573
484856871
414506308
428370592
495616060
429279856
491061938
412982183
494161164
399944856
407665095
407687728
484764930
494161164
330690397
399944856
484856871
495627122
409518004
407665095
330870165
340999465
535924128
324861594
327764697
326081888
466348692
387999718
399944856
340999465
409457484
407708639
397413232
495616060
414506308
495633411
486711385
270986073
494161164
328424045
484764930
399944856
486177812
407708639
270986073
494161164
264796998
394426436
416616640
330690397
484856871
494161164
459545080
428330011
406767064
412982183
328421706
414513715
527097662
53193581
325025594
366813407
409262807
425811533
411458075
490230642
417862187
416655828
334369623
484764930
437614903
410632040
409457484
481470049
324861594
558605937
479771741
325025594
402071919
334369623
415000866
275580509
409982083
332395850
485303422
268146597
487640532
414513715
441927391
421946355
484856871
330720937
558605937
434301166
491423803
438354628
429215902
332395850
466348692
493796892
487281671
409982083
326081888
437614903
332395850
397905631
495627122
424015481
424018566
536829856
334801784
29079521
424018566
330756325
409457484
264796998
51890114
