20391041
22095511
20208727
280877045
20391041
28501763
22990727
455143069
311419280
22990727
311419280
24932920
22990727
23486258
307178887
20091359
49094143
22095511
327773921
59395380
22990727
49094143
39810498
280877045
22990727
311419280
22095511
311419280
448571363
22990727
311419280
39810498
22990727
591698007
382988052
382988052
20091359
382988052
20091359
382988052
448727550
448571363
280877045
311419280
591698007
419137212
502882897
463222315
20091359
20091359
311419280
586998890
39810498
20091359
22095511
360685801
48997078
22095511
311419280
302062368
382988052
52489879
280877045
22108625
22039412
20391041
444337571
28501763
22990727
311419280
20391041
59395380
28501763
22990727
311419280
382988052
20208727
28501763
457864897
311419280
407799857
39810498
20091359
457864897
311419280
30316495
382988052
23486258
311419280
280877045
52489879
24932920
311419280
48997078
22990727
280877045
457864897
311419280
24932920
22990727
20091359
360685801
311419280
382988052
426326270
457864897
311419280
444337571
463222315
35943490
311419280
457864897
20091359
22095511
311419280
457864897
31532054
447466185
311419280
48997078
378822983
34640874
302062368
311419280
264943007
311419280
20808476
382988052
360685801
311419280
38016829
403147251
311419280
22990727
22039412
311419280
29210417
58326267
22990727
311419280
311419280
448727550
66764098
20208727
60395109
311419280
52489879
382988052
455396224
311419280
22095511
535099006
311419280
280877045
407799857
311419280
451647382
311419280
360089284
464815424
52489879
311419280
311419280
443185510
383286431
457864897
311419280
569748916
502730267
311419280
275675176
311419280
20208727
59395380
463222315
382988052
457864897
20208727
280877045
426832975
457864897
535099006
22990727
444337571
22108625
22990727
22990727
280877045
382988052
266013708
22990727
280877045
382988052
403147251
422416673
440948703
447658069
20208727
582780248
457864897
280877045
403147251
403147251
31532054
20091359
584453519
28002130
280877045
447658069
22990727
20091359
271564767
20391041
39810498
457864897
311419280
302062368
20391041
22990727
48997078
22095511
34640874
22990727
311419280
20278520
58326267
311419280
382988052
20091359
457864897
280877045
382988052
280877045
330490095
426832975
270224658
311419280
266013708
457864897
20091359
22095511
20391041
382988052
20091359
457864897
