47916443
303235334
269489431
26400817
47916443
51456573
313954046
64981229
294414384
47916443
388141780
283811312
294414384
47916443
282224177
504430340
24145433
47916443
347932441
51456573
270970807
389145369
47916443
288558270
294414384
46573667
47916443
24145433
288558270
24432722
285533747
47916443
344249624
54189255
47916443
63449152
465232516
24432722
521467926
35107530
66809080
24432722
269400829
353071813
498631624
353113578
24026857
353071813
430609404
47916443
313954046
274034449
42103976
24432722
47916443
281033609
24026857
269400829
47916443
325725035
288558270
269400829
599872775
47916443
274034449
288558270
346741110
51456573
325605300
325725035
307447343
394225508
269489431
400481285
294414384
21180315
389145369
27008201
562202972
274034449
333529003
288558270
23312748
360005914
24026857
353113578
66809080
26400817
333130719
307915184
459668288
559236121
47916443
360005914
591469324
353071813
470389892
20804880
392574984
591847389
353113578
26400817
313954046
307447343
428034989
269400829
27008201
346741110
585001481
325725035
20804880
24432722
353113578
305531272
26400817
269489431
26400817
281033609
269400829
325725035
353113578
353113578
26400817
361577736
373872669
269489431
520947225
24145433
51886654
306707989
28124348
46573667
288458303
389145369
428034989
320038810
47916443
54189255
406586198
389145369
24432722
294414384
47916443
270970807
388141780
346741110
23809681
353113578
49525753
27008201
269489431
270970807
24432722
353071813
24432722
294414384
325605300
456872950
290188911
294414384
278042348
470389892
333039591
46573667
288558270
344249624
353071813
349510168
392574984
47916443
344249624
325725035
347932441
24026857
325605300
325725035
414482774
66809080
470389892
456872950
430609404
26400817
277691449
66809080
20804880
23312748
313954046
288558270
388350724
459668288
283811312
294414384
288558270
344249624
562202972
389145369
27008201
325725035
270970807
47916443
24145433
56043839
330507902
51456573
288558270
24026857
51456573
26400817
400481285
307915184
294414384
277691449
307915184
60240626
294414384
325725035
26400817
419464943
333529003
450630180
370215477
35107530
390194457
49880113
40835977
30635961
23219042
297776337
585001481
430609404
288558270
389145369
359916235
269489431
325725035
294414384
507173023
449524115
353071813
53557330
288458303
47916443
23312748
431595764
42103976
288558270
23312748
269489431
344249624
26400817
269489431
277691449
389145369
42103976
281033609
57688333
303235334
301311398
269489431
24145433
47916443
26658618
49880113
294907595
281033609
406586198
303235334
347932441
46246134
51456573
278061798
400481285
24145433
35107530
589649881
294744555
51456573
303235334
388141780
51456573
325725035
307447343
27008201
347932441
42103976
270970807
269489431
316735060
26400817
47916443
346741110
47916443
64981229
349510168
27008201
24026857
26400817
316735060
518505962
333529003
274499257
24026857
325725035
288558270
353113578
353071813
37671405
360005914
346741110
353113578
325725035
388141780
353113578
360005914
325725035
270970807
24432722
384456064
24026857
28124348
51886654
26400817
344249624
281033609
484568059
325725035
325725035
26400817
361577736
294414384
51456573
270655260
346904758
352294661
294414384
428034989
320038810
24145433
353113578
49525753
450630180
24145433
264646619
325725035
46573667
344249624
27665587
359968184
24145433
35107530
344249624
294414384
269489431
24432722
294414384
303235334
371955944
278042348
24145433
288558270
432973636
282224177
288558270
24026857
51456573
51886654
347932441
37671405
35107530
344249624
325725035
26400817
407883869
294414384
274034449
333529003
347932441
303235334
554785095
353113578
269489431
270970807
64981229
269489431
320038810
307915184
26400817
347932441
305560927
450630180
303235334
288558270
353113578
302261003
20804880
270970807
30635961
269489431
452090588
325725035
353113578
280482535
353113578
288558270
447394488
431458076
353113578
278042348
24026857
431595764
288558270
477528271
294414384
24432722
306707989
359355305
353113578
51456573
325725035
46246134
360005914
65311600
26400817
359968184
24145433
20804880
361577736
54797019
346741110
35107530
46246134
54189255
500065779
23312748
26400817
288558270
294414384
407883869
23881524
46246134
278042348
37671405
325725035
270970807
263846939
278042348
430609404
23312748
414482774
430609404
24145433
344249624
449524115
338509071
359355305
23312748
21180315
46573667
65311600
21180315
353113578
24432722
388350724
23312748
37671405
283811312
325725035
49525753
47916443
285533747
288558270
520947225
323412887
24432722
51456573
288558270
347932441
285533747
24432722
401838824
277691449
20804880
