408824841
455427038
428855533
386834712
455011306
408684554
380168849
419119203
476746907
55934583
429879074
408824841
316031657
339359560
411006821
476746907
458746870
56950114
453735972
479090064
481893098
385820439
316592488
461502982
22588483
316592488
338530708
56950114
283737898
437523552
338530708
408684554
444716690
440201978
338530708
479090064
440001249
428442799
377687529
316592488
426158600
453735972
447069997
395578415
437523552
338530708
439778079
408824841
419119203
385820439
338530708
291422249
316592488
338530708
480080846
405972573
469855174
481000101
264878576
385457780
273577734
590477225
24569967
283737898
338530708
538840466
361533110
498579978
291422249
437523552
399987686
481893098
428855533
437523552
357898043
437523552
368586620
22588483
448857242
441933906
338530708
528167456
435922609
305525017
541324983
371744211
545034359
338530708
424551296
385820439
426158600
458746870
316592488
437792445
308094972
476746907
369051588
338530708
275887126
433325762
447069997
437523552
338530708
426158600
469855174
483305171
458746870
590477225
377687529
466431836
336142642
440001249
433325762
399987686
386770997
436700467
373501479
371632248
338530708
56327517
24569967
453735972
338530708
538840466
341066928
587050415
347908288
338530708
463001166
392743275
424551296
589714375
436480028
411006821
458375062
437749753
338530708
338530708
429234480
338530708
22588483
426158600
56950114
61768494
455427038
455427038
428855533
380168849
426758023
22588483
338530708
476746907
385820439
441776042
338530708
316592488
305525017
383430753
419119203
338530708
24569967
384348277
377687529
339359560
449227366
339359560
384666107
437523552
338530708
481320854
458746870
437523552
439778079
458746870
338530708
384348277
457111248
336142642
385820439
469855174
419119203
391282215
54976070
419119203
405972573
407519860
440001249
357898043
522305374
433325762
458023334
338530708
405972573
453735972
437523552
448857242
385820439
283737898
481246080
316031657
394323844
428855533
423885266
461345247
437749753
522305374
453735972
455011306
453735972
308094972
476746907
308589291
338530708
340939353
442390188
275887126
380168849
22587531
433325762
440001249
22588483
24569967
455135742
456278807
399987686
413270913
446809145
471884302
338530708
525990363
375094413
338530708
458785694
361533110
361533110
411006821
440173287
437523552
338530708
481697854
316031657
338530708
338530708
338530708
453735972
22588483
426158600
338530708
313446641
366743322
455011306
381850245
56950114
53818799
22588483
449675041
338530708
316031657
22588483
455427038
339359560
385820439
291422249
384348277
441776042
316592488
305525017
339359560
33434310
22588483
460917098
31282015
453735972
373047702
316031657
374956868
22588483
475028777
442102245
439778079
385820439
386703343
334040348
358190995
316031657
428442799
331183944
469855174
339359560
453735972
458326879
55934583
440001249
458746870
384666107
338530708
439778079
468669764
466760016
374437955
406682328
433325762
384405533
437792445
274525567
339359560
428855533
348486423
413270913
440001249
447809277
481320854
413270913
441029271
453735972
339359560
412832555
386109722
424202269
342226737
453735972
436579304
369051588
38539683
456520137
425022747
411072010
440312946
458746870
604562494
455427038
437523552
420426094
451311551
316031657
361533110
453786011
426158600
394323844
337545132
446897314
452568553
453735972
385840259
321257505
419119203
437792445
453735972
33434310
369051588
405656167
434045323
338530708
61768494
336142642
438098364
442102245
291422249
24569967
411006821
338530708
433325762
436480028
452234924
407314111
453735972
22588483
452568553
274525567
356285624
457067200
416210064
419119203
377687529
389422198
460917098
385820439
336142642
371767347
334040348
442390188
372532952
436989993
408824841
473405366
338530708
361533110
410597770
338530708
386703343
439778079
385820439
434698889
455135742
453735972
454781172
338530708
458746870
394013304
483866970
453735972
338530708
447011137
385820439
437523552
338530708
441669310
385820439
384666107
338530708
361533110
377687529
444716690
338530708
340939353
338530708
403830760
453735972
341066928
338530708
411006821
338530708
453718624
474683336
435922609
446897314
440226200
501300795
336198055
339359560
429879074
325401984
22588483
455427038
339359560
38539683
23811172
452568553
338530708
316592488
461502982
361533110
433325762
385820439
458746870
22588483
413270913
441776042
410597770
371304138
373966631
340939353
379818424
428855533
447069997
442102245
455427038
381740808
321257505
412638076
374437955
56950114
419119203
389422198
291422249
316592488
440001249
426158600
385820439
342226737
413270913
440001249
368474753
419119203
434045323
283737898
458746870
365262015
339359560
444716690
305525017
419119203
395191098
384405533
433325762
276052527
453735972
368586620
451576424
413270913
455427038
379690732
458974529
403344904
324835165
419119203
525990363
435922609
366484965
358080962
414818231
375347302
387707838
373501479
331799284
453735972
341066928
339359560
458207953
325401984
471214648
415865895
442390188
441669310
372101988
425394507
413270913
339359560
342226737
483512058
340939353
413270913
384405533
385820439
455011306
408824841
22587531
56950114
460917098
473403601
428442690
371744211
398637548
464586500
430272011
334051878
413270913
445993317
377687529
56327517
458326879
447069997
342226737
418967439
405311375
440001249
441776042
319179362
434045323
361533110
429365164
444716690
434045323
455011306
497231542
452882693
395365868
411485259
488206582
447011137
379167268
385820439
419119203
450967959
338530708
413270913
478782145
441776042
385820439
453735972
407519860
446897314
385820439
340184360
426158600
453735972
358997549
385820439
455011306
341066928
395365868
434045323
455011306
453735972
461345247
433325762
398637548
394013304
434045323
377687529
316031657
413270913
589959010
427989224
472843435
376072023
480792254
54662538
357898043
446897314
55934583
339359560
385820439
476746907
56950114
385820439
325401984
22588483
338530708
374956868
444716690
440201978
446897314
55934583
54662538
458746870
469855174
383201834
498579978
23317555
469855174
411072010
453735972
391682896
346843132
584527088
361533110
442390188
587050415
426158600
441757421
458746870
385928964
338530708
386770997
371632248
406848005
338530708
361081445
