40144096
40144096
40144096
304558587
40144096
561709186
576656877
507947484
40144096
21079411
304558587
443493115
40144096
266130068
40735907
420143657
512092146
528241920
513514534
523139092
266130068
495174556
490416185
511033602
490832867
304558587
521083722
522345327
264340657
521083722
523610314
266130068
398651393
507274015
500462479
521083722
490832867
513514534
266130068
304558587
523139092
510258952
523391080
513514534
28665305
595814052
521083722
304558587
521083722
595814052
304558587
513514534
398651393
304558587
304558587
