547928974
23246541
591361866
26644882
21692804
37118196
591361866
23246541
554294316
363664742
41792020
67137357
23246541
547928974
67822919
21285636
23246541
547928974
437424443
67137357
23246541
547928974
26644882
67137357
23246541
547928974
479249924
23246541
547928974
67137357
23246541
24238696
556583397
554294316
23246541
547928974
26644882
511138128
23246541
479249924
557655947
547928974
41792020
67137357
23246541
591361866
557655947
547928974
63650756
67137357
547928974
23246541
591361866
63650756
547928974
21692804
547928974
591361866
567119026
547928974
547928974
556583397
547928974
554294316
547928974
67137357
547928974
556583397
547928974
547928974
606691801
547928974
23246541
547928974
26644882
23246541
547928974
591361866
547928974
606691801
547928974
511138128
547928974
547928974
547928974
