369070361
269489431
373099226
27008201
355021308
369070361
64981229
303076433
306707989
317696567
46573667
388141780
504430340
312408676
340740656
50768702
491026773
288558270
283878453
48535391
327694549
288558270
46573667
285533747
346741110
344249624
473263450
466211173
54189255
465232516
56584711
337436030
495819959
359053951
25908972
340740656
303076433
61185406
340338557
264582395
317696567
355021308
36162735
288558270
354630938
355021308
369070361
473263450
19987385
23432728
303076433
314692350
325725035
359053951
23432728
288558270
266906404
529255392
288558270
346741110
473263450
23312748
325725035
394225508
23923058
269489431
400481285
36162735
314692350
27008201
297066157
31407370
22940421
27008201
56043839
524425426
264582395
359053951
355021308
333529003
288558270
23312748
314692350
360005914
423362758
473263450
313880952
333130719
400481285
453153795
360005914
533496869
428034989
314692350
27008201
346741110
314692350
36162735
369070361
36162735
325725035
19987385
36162735
19987385
30197245
314692350
585001481
50768702
269489431
325725035
303076433
23732102
361577736
269489431
325725035
340338557
22940421
50768702
63130583
23923058
428034989
340740656
320038810
53557330
54189255
23312748
317720381
491026773
388141780
