521835453
272901010
267035638
521835453
552491325
521835453
66234582
521835453
267035638
348854616
265127453
521835453
434170938
66234582
548343397
521835453
66234582
565474475
521835453
66234582
483768125
521835453
267035638
579467675
521835453
565474475
265127453
521835453
579467675
521835453
552491325
521835453
521147399
265127453
521835453
66234582
579467675
267035638
521835453
66234582
565474475
266358530
521835453
66234582
521835453
66234582
521835453
394996801
575294352
521835453
267035638
521835453
579467675
272901010
521835453
267035638
521835453
521835453
580210385
267035638
580210385
521835453
267035638
66234582
434170938
580210385
521835453
580210385
579467675
573847315
266422867
267035638
266423021
521835453
565474475
267035638
552491325
521835453
267035638
521835453
