506582001
46520604
361948099
21525225
25156721
442471252
283904772
273800097
30556883
434911062
25355870
273800097
30556883
426345853
51650712
291028082
602211667
291028082
602211667
302960927
31006253
322637309
433214421
439996979
64127378
314754694
313667055
430034611
273800097
585693708
335770391
26137675
26105195
465747612
21729445
22056462
63537524
21800765
336590558
21800765
336590558
583691915
591080611
580061833
588390021
21729445
341818274
426345853
278370018
20171225
585762526
434911062
588109420
588390021
434911062
588109420
588390021
585762526
585693708
275982783
21729445
313589399
456392204
585693708
40114724
303129467
412271127
434911062
62100032
314289703
580061833
434911062
273919371
28213441
60012275
580061833
21729445
313589399
307401026
314289703
591080611
21686525
30408671
426345853
21827677
434911062
469555362
434911062
469555362
21729445
278370018
30556883
591232540
454403322
283634143
591232540
454403322
283634143
426345853
52471730
439996979
30556883
471372631
22056462
62100032
35364898
26105195
336590558
30556883
302960927
439996979
333833021
288931094
333833021
336590558
481670256
283634143
310065369
30556883
426345853
426345853
310065369
275982783
46520604
300403812
310065369
336417193
585762526
22277732
267591810
455672216
278370018
47638581
585693708
30556883
569035091
603296229
30556883
569035091
439996979
335770391
30408671
591080611
51650712
341818274
296215409
610395069
26072348
336590558
610395069
25907944
439996979
610395069
273996549
439996979
30556883
37502508
439996979
559236331
439996979
304469595
62100032
610794451
610647437
47638581
30547731
51360968
456392204
405615530
454403322
434911062
581006599
456392204
426345853
434911062
22047131
300403812
47805587
476746907
443323344
25405208
573816106
576776211
319118330
21037711
66187956
283634143
591080611
477867577
348780666
46520604
30556883
300403812
580379944
585762526
275982783
313589399
585313923
476746907
455672216
300403812
62100032
30556883
30547731
21574756
300403812
20849889
466839329
22056462
296215409
439999261
465747612
434616374
30556883
22277732
350153839
26072348
401458640
585762526
458233063
441465912
47638581
521923064
30408671
30556883
313589399
62100032
463307719
564153589
26704532
21729445
444509346
23089617
580786760
47638581
22277732
412271127
300403812
426345853
30556883
484882259
434911062
310659201
464804506
412271127
380482218
585693708
30547731
585762526
350153839
26411425
52471730
300403812
589904085
288931094
314754694
569035091
588390021
54220731
465747612
442471252
55988657
438588383
588390021
375600021
30408671
511310374
268001061
273996549
455672216
494688121
469555362
466839329
585693708
583691915
61023223
23089617
476746907
47638581
300403812
300403812
439996979
38276913
310435920
473078217
273800097
455672216
439996979
30408671
47638581
31638871
53140844
465747612
465747612
47638581
62100032
47805587
439996979
434911062
62100032
30556883
26736885
28213441
569035091
61023223
49197572
587507277
304469595
47638581
274626857
587507277
386653659
26105195
493772413
307742927
307401026
319668489
365061597
386653659
47638581
296215409
439996979
47638581
47638581
439996979
264751049
386653659
63537524
386653659
63537524
23787626
500099214
47638581
31642411
28920727
580645141
34543302
22056462
497427335
337896047
273800097
531216521
588390021
483834681
55439289
441465912
30547731
28213441
30357503
30556883
47638581
286181476
444509346
38201620
28238234
350153839
28213441
441465912
304469595
35364898
355725856
434911062
314289703
549232662
30357503
434911062
20239771
48321647
25156721
493408529
549232662
591232540
549232662
591232540
25405208
40271734
570297142
458078011
23492347
25156721
436736385
275982783
503137987
61023223
587507277
40094762
549232662
570360912
422052481
570360912
422052481
25156721
61023223
20007661
418806177
591522747
30556883
341818274
21729445
278370018
455672216
19982746
300091471
484882259
26072348
23713830
34876877
426345853
273996549
30556883
433214421
27208615
51650712
27917629
47638581
26072348
455672216
469555362
30556883
21286139
303129467
580061833
528716376
334349873
26105195
21729445
310065369
572734079
278370018
469555362
579031514
311490059
51650712
265248931
62100032
40789888
324102930
300403812
314289703
297737694
30556883
439996979
22056462
22575355
454403322
31638871
333833021
585693708
426345853
21729445
434911062
310065369
314289703
326786602
587507277
22056462
30556883
439996979
40094762
587507277
439996979
47638581
20171225
336590558
494688121
336590558
47638581
297737694
33949674
51360968
52471730
386653659
402972326
429520118
338978748
26790635
62662726
273919371
21729445
60825419
583691915
24317568
566379966
386653659
273800097
439996979
52471730
336590558
336590558
300091471
439996979
454187203
583691915
30346709
552875967
501797997
51360968
282807636
587507277
511310374
20749574
48321647
443195868
30547731
289937504
422052481
280208013
