21130189
40036318
497211848
438965521
590169698
420394381
388738597
438965521
311966116
427465195
591426570
404821952
438965521
37501662
34400211
480624142
388738597
549153557
554394274
324593201
388738597
575743253
475556469
388738597
591563895
284889242
475556469
27380760
21130189
575743253
438965521
573002642
438965521
420394381
338272503
421005023
475556469
421005023
575743253
577115873
573002642
578449330
339596372
575743253
30428050
40036318
549016243
389978276
40036318
30428050
427465195
65271327
591325231
558683318
554394274
40036318
549153557
404821952
575743253
421005023
480624142
