20013831
36748842
25997792
365211638
303364129
303892733
27364623
344158489
288614085
27220282
279367057
271961783
303364129
303892733
65905612
65497027
499091815
55907962
353698559
29116651
276772346
19989304
479046183
344158489
27220282
20224153
265481695
548512419
389136328
267956761
265311206
318108420
548512419
25997792
523575371
445674265
303892733
65497027
276772346
23941944
451610632
313290708
65905612
537549088
499091815
588026560
286653411
537549088
485718353
27220282
313290708
441036885
485718353
520332179
489372618
418008421
480062452
27220282
499091815
520332179
610442905
65497027
549594255
520332179
269033127
285443667
55698448
539187249
520332179
556776928
503238757
365211638
520332179
610442905
304617970
25997792
357370012
548512419
303892733
27220282
31621295
539187249
610442905
517254044
581615961
444165158
369040316
441036885
31782578
389136328
365211638
588026560
499091815
271961783
303892733
318108420
389136328
437925696
545060829
444165158
27220282
305610052
548512419
473114715
265481695
329394321
269033127
19757842
32251271
520332179
523575371
499091815
610442905
586915199
326521216
23285844
520332179
474866424
400336056
520332179
489484385
31782578
271961783
540305902
318108420
367112765
458698584
454962418
588026560
319724418
590049160
480062452
610442905
419951992
474695084
540305902
27220282
369040316
560091461
357370012
318108420
294071731
588026560
337427525
588026560
610442905
588026560
399700288
365211638
556992897
344158489
452731978
427563758
265481695
455478599
427563758
394038113
419951992
344158489
420187234
421069457
591465191
451610632
548512419
55698448
444165158
540505310
585295019
279828522
610442905
437925696
23704461
288614085
365211638
269033127
279367057
389136328
344158489
271961783
34413024
400336056
59293336
324785509
400336056
269033127
65497027
477296359
29116651
58577875
27220282
399700288
344158489
25997792
65497027
59293336
42781516
365211638
267875087
269033127
47440579
318108420
65497027
27220282
305610052
399700288
336390700
59293336
21208557
48310671
269033127
313834251
480062452
34413024
22929047
47440579
539187249
29116651
65497027
20098822
329394321
420187234
305703715
67421100
507000772
265311206
383779731
20224153
526879420
365211638
27364623
516287871
389136328
67421100
523575371
537549088
518055086
369040316
420187234
444165158
400336056
383552884
460604210
520332179
522033412
399700288
507000772
55195665
265481695
276772346
507000772
389136328
541110429
55698448
501384717
503662984
538056241
469118008
400336056
344158489
525977562
450866882
419951992
419951992
344158489
490175545
452289226
55195665
427563758
356186609
427563758
278489166
25997792
431336419
344158489
508655557
356186609
397578806
20098822
263538152
47440579
26452358
344158489
507000772
288614085
269033127
56489098
367112765
344158489
67570891
324785509
65497027
29293564
29276934
500181413
499091815
286170645
344158489
366041175
279367057
32052039
22929047
25997792
29276934
26901764
344158489
25997792
454034263
23941944
20224153
444165158
344623550
23941944
288614085
47440579
28127838
507000772
275522937
303892733
411442080
55698448
35622257
28577106
507000772
353698559
26194112
400336056
266812223
324785509
365211638
294071731
20098822
399700288
288614085
400336056
427563758
399700288
545060829
331494059
384179547
265481695
299195733
275522937
24685128
444165158
369040316
288122127
356186609
55698448
399700288
265481695
507000772
318108420
24939043
451610632
369040316
21277028
429013169
473114715
265311206
369040316
440678744
324785509
458777608
296690207
23704461
31621295
369040316
365194813
494908058
27364623
27220282
357370012
431336419
480062452
326986214
317793208
345039155
356186609
39998749
29116651
365211638
400336056
520332179
22929047
400336056
344158489
313955696
344158489
445546512
451610632
24556754
520520777
318108420
319920270
356186609
451610632
344158489
271961783
23704461
314241117
32251271
27412421
344158489
520332179
276589202
356186609
26901764
499091815
265481695
20224153
27220282
389136328
369040316
499091815
303567126
329394321
318108420
305610052
29116651
419951992
27220282
265481695
23941944
318108420
65497027
344158489
455602500
267788937
266164955
346394062
65905612
303892733
36748842
356186609
365211638
540505310
265481695
400336056
20224153
280821302
37943046
344158489
451719050
448722405
517254044
65905612
451719050
61507324
346394062
267580562
456631557
281951893
303790764
520332179
47440579
24685128
53595783
531040957
47440579
365211638
334724417
280821302
411302793
52517067
34413024
330520942
20013831
38299920
337281733
444165158
271961783
55907962
312820818
376348207
520332179
60765998
324384414
22823287
65583279
431336419
357370012
280506746
265481695
302837860
55698448
590127725
356186609
344623550
448722405
367112765
20003560
593523154
31621295
331777368
454034263
492043537
63252577
387453497
344158489
23704461
536427213
58577875
441036885
503238757
359783572
356186609
326617199
55698448
455602500
387453497
520332179
431336419
507000772
610442905
451610632
417036353
450025710
349358620
489032628
326376239
344158489
483540990
441036885
485718353
433564143
443273339
63018745
23699276
23954902
344158489
344158489
419951992
417449149
344158489
25997792
266471606
453570704
48310671
443273339
367112765
288614085
279367057
20098822
29016546
269033127
27245951
395702371
344158489
357370012
427697671
369040316
365211638
441036885
346394062
347842747
320212942
279367057
447818630
23704461
329394321
356186609
25997792
29276934
400336056
346394062
418008421
344158489
365211638
419951992
451610632
29116651
365211638
344284721
29382915
365211638
322523144
286170645
23954902
299195733
441036885
65497027
346714226
327634087
419951992
47440579
451719050
343222316
358357126
411442080
451719050
23059672
67421100
344284721
325726627
489372618
31621295
375377318
67421100
346714226
344284721
46952609
369040316
265153250
58577875
324785509
400336056
52517067
55907962
