376821993
267845963
550315107
291461335
373449314
406174794
428748201
323556842
40919713
267845963
305918101
376821993
323556842
478993515
471917547
573398309
478993515
406174794
376821993
464495466
360876114
406174794
478993515
21269661
464820223
360876114
361091624
334590500
308127178
21857252
64985067
49801137
338539795
267845963
334405566
28956081
373449314
361091624
418621429
376821993
592012488
406174794
569367407
522635113
503137364
592088445
28908171
464495466
64368023
22085688
57492286
361035080
373449314
34882704
21269661
526001559
376821993
40767353
30033713
361091624
301263826
34882704
591862518
270338892
291461335
373440469
598108920
376821993
464820223
605204242
64985067
592088445
270338892
402430322
376821993
30033713
270338892
460961599
270338892
22085688
22085688
294586715
22085688
610415281
19962440
64985067
360885311
19962440
302119704
19962440
574183256
334405566
319491989
315378561
505816428
291461335
360879746
64368023
373788933
373449314
368647905
60195567
541238350
352768869
303163695
376829096
419987287
267845963
373451958
433197471
56137682
514709245
446514344
406174794
293542911
278029294
507238650
571101556
264790376
361032785
478993515
22955209
23663595
334405566
308127178
346402889
347591075
361091624
270338892
57492286
372014033
429426416
56521199
309787351
434463391
428219195
523681295
328242334
293060831
270338892
518415675
361154416
263751195
361032785
543833319
33718698
373440469
482554439
303163695
61303832
270338892
344969598
361035080
549917097
22085688
42217895
64985067
270338892
588961420
272096960
19962440
373440469
373460474
30033713
294586715
353690762
350064035
319491989
421715318
361019408
26197988
317711639
376173429
434463391
64368023
268901468
550315107
352768869
281178704
376821993
277301053
532236181
20500900
370941840
323556842
21269661
523681295
31202430
361688103
506953994
22360747
446514344
379563129
263751195
64985067
308127178
422916960
506624566
56521199
57473180
306829701
322169003
341662960
31166550
308127178
28908171
270338892
276324377
22274864
360759673
40919713
30071355
376821993
528980038
334405566
30033713
565215789
375311485
263751195
24027613
22085688
