482941635
485051536
475421091
555506772
439499661
482941635
485051536
28802145
323466572
37742859
475421091
41764172
471509047
55971609
555506772
266469674
28802145
482941635
475421091
555506772
471509047
475421091
471509047
266469674
555506772
387843948
471509047
482941635
492782799
387843948
482941635
584161234
408650785
456272578
276492197
266469674
397179891
482941635
449616703
348390563
387843948
266469674
405126895
468829821
427052289
357038851
347931680
439499661
323440311
361471940
456453729
308787843
266469674
510063935
320471704
422216112
475421091
569344737
543891404
542200121
351211609
354177484
397179891
445266422
492782799
475421091
441791622
510063935
41764172
571517906
516558051
581889398
28802145
482858916
592030214
475421091
28802145
586528322
293194956
475421091
492782799
354229562
569344737
28802145
439499661
497705497
475421091
347931680
571517906
408650785
55971609
28802145
29910752
326341412
448564446
28802145
430190975
475421091
555506772
482941635
475421091
567043785
591512719
266469674
475421091
482941635
399263813
555506772
475421091
426455596
471509047
581889398
609233931
266469674
511564466
395619623
456272578
266469674
38814303
475421091
456599382
313050115
355572619
475421091
359234572
475421091
471509047
448005826
421473833
475421091
516129795
471509047
447802879
485051536
475421091
309974191
485051536
475421091
419844899
516129795
475421091
41764172
471509047
266469674
347963353
316047875
475421091
427052289
541530010
475421091
482941635
318849701
387843948
358201784
485051536
482858916
316047875
482941635
329499261
61743207
455556160
543232522
475421091
387009094
450949805
361471940
354177484
387843948
326770694
310662105
328662002
541621089
510063935
541872705
519930566
402369094
555506772
361471940
316047875
482941635
482858916
361170297
56028207
555506772
471509047
458013206
328476825
555506772
323466572
555506772
297805975
266469674
475421091
316047875
471509047
485051536
316047875
354229562
419844899
316047875
482941635
266469674
592030214
316047875
486267480
482941635
471509047
510063935
347167351
482941635
516129795
471509047
537810868
549617251
354229562
330789669
24233210
455317187
543232522
441296784
374826361
471509047
355402532
448005826
266469674
352258398
475421091
363913110
421473833
475421091
471509047
475421091
475421091
41764172
360454501
482941635
419844899
475421091
360454501
347963353
471509047
358201784
339846311
485051536
310080431
482941635
293194956
486267480
387843948
482941635
329499261
354229562
323466572
318532013
403315789
397179891
484643331
475421091
471509047
383410919
471509047
469536387
323466572
476672911
335280565
475421091
387843948
431364392
448317246
392000841
421026739
310662105
383410919
354177484
41764172
469536387
409335776
354177484
357131919
471509047
505166808
405126895
354177484
348365399
482941635
438041312
471509047
387843948
329499261
471509047
397179891
403315789
475421091
471509047
348390563
448586260
485051536
456272578
468761723
421026739
363913110
354229562
510063935
356708796
492782799
280674126
419844899
468829821
361976202
349192483
266469674
439499661
358201784
517494566
276197681
41764172
363913110
297805975
448005826
475421091
465043819
318741609
475421091
344121496
345207562
482941635
456272578
357877265
344889880
471509047
429923491
463320116
482941635
367172197
518227176
482941635
448564446
297805975
329499261
63798480
421473833
373816318
471509047
345065809
475421091
463356061
330789669
433440600
339846311
419844899
475421091
475421091
471509047
339846311
475421091
348365399
387843948
475421091
51880747
356694398
475421091
360454501
318849701
28802145
469536387
425635353
360454501
28802145
317435733
474217712
387843948
356895480
482941635
471509047
406157868
440141320
387843948
316281962
32179245
348390563
485051536
402193098
419844899
345761469
482941635
387843948
266469674
469536387
340685568
312487834
51880747
318629156
439499661
383410919
365255021
485051536
360454501
397179891
413446391
387843948
471509047
323466572
378441981
348390563
397179891
361471940
266469674
28802145
360454501
361471940
402610267
475421091
354177484
555506772
471509047
469536387
348365399
267661010
471509047
361471940
339906062
397179891
348190145
475421091
361471940
461433213
436314913
361874539
475421091
471509047
329499261
485051536
308787843
284824338
387437865
475421091
441791622
485051536
336626911
391852956
329499261
266469674
343883625
323466572
361110283
404138039
354229562
471509047
403315789
333477993
343074289
318191585
