497104786
527693709
507993895
322588907
34524899
590293333
265829482
572528758
383948638
267225727
64770447
286176923
291858551
47994133
581917679
567839499
543325063
512363104
28253356
394670860
391477579
573076707
328536461
328536461
591360745
52157284
543455502
302490991
507993895
52157284
589943483
303723780
591716377
542578468
524533576
21538098
269234979
507993895
323344003
589482747
335136057
30578126
589956273
589943483
447399493
589943483
447399493
534020363
30331438
438280545
277457504
315083704
582740183
569326005
315083704
432679693
546428518
346548606
389943152
52157284
52395709
573076707
52395709
573076707
447399493
380423953
52157284
289831179
52235090
484088672
287728109
573076707
507993895
267225727
573076707
497104786
589943483
52157284
573076707
497104786
497104786
333155252
440657530
459244016
443004242
375783932
384979345
278946958
509545524
447399493
47994133
368966906
468307751
21827677
589943483
22679095
606921359
55013537
337024933
497104786
483082938
335136057
611005486
507993895
278946958
420417827
291285033
400912608
330073099
530740182
291858551
335136057
381298883
36617614
315083704
589943483
591360745
526731598
524940974
315083704
497104786
420417827
486711156
372563626
589943483
372563626
589943483
278946958
526946924
328536461
526731598
321135755
306238365
480243607
52235090
542177543
447399493
529861687
527693709
591360745
573076707
380423953
543848183
515638515
550535196
610978763
485743722
591716377
550535196
48655132
368966906
307882928
610579734
48655132
21880148
542177543
610579734
564972651
573076707
567887411
589943483
610649641
282365127
550535196
595516425
589943483
589943483
452398916
468570852
52395709
21655944
278946958
541651585
278946958
498765732
610649641
380423953
591716377
573076707
380423953
591716377
573076707
268506252
21655944
589943483
335136057
571645840
267225727
335136057
20718905
483415154
463999948
443004242
50344350
31985516
291858551
591360745
309022917
590961005
274549602
36617614
47994133
464611186
21382383
509628540
555644491
447738975
314443983
331402083
330073099
36617614
52157284
573076707
267225727
553087191
483415154
389943152
394960713
390405088
265195379
361852359
480243607
500932119
394900075
321407289
318646303
513023851
534020363
278946958
513693358
582464615
315083704
591949655
490362889
371170003
447399493
394900075
553087191
368966906
328536461
589685055
591716377
529861687
481052276
314433554
52157284
591716377
52395709
28207180
398211435
591726516
303000057
323344003
589651793
20745697
344070652
396016525
548740992
494723885
31985516
336840740
585626625
485315051
278946958
464611186
21077620
336774900
390233597
591360745
436454938
483415154
513693358
591360745
534020363
590694362
581917679
528791972
420741190
589943483
330073099
591360745
420741190
329418193
267225727
52157284
47994133
526731598
582464615
52022863
569326005
484088672
339793770
386983798
543983659
292139409
291858551
581917679
388669878
59323602
368966906
573076707
420741190
586951012
48655132
23071730
291285033
310899054
578449374
545815765
273996549
330073099
393389690
589943483
526731598
399622903
278946958
319911886
590104675
507993895
528791972
329418193
297225697
19822201
339739818
394670860
328536461
581917679
543807346
563014525
47994133
389235825
589943483
481819643
297225697
314443983
534707313
343166668
401484304
590694362
340901938
591716377
589943483
534195680
341031298
265829482
573336810
589943483
37498913
548740992
587737383
440936396
315083704
452398916
457549534
507993895
513796694
390233597
297225697
497104786
278946958
485741271
368966906
591716377
573076707
278946958
533400002
328536461
264340181
468873566
497104786
464653599
265829482
269741445
581509060
548740992
335136057
31985516
569326005
416217660
587477562
348472561
439157397
322890022
494942459
574579789
28253356
447399493
548740992
46689265
484088672
275368773
342305574
315083704
490362889
329418193
586478822
545297692
358590192
564225112
36617614
38366744
47994133
567887411
279406150
542658624
490362889
396395611
315083704
36617614
323344003
387844382
291285033
30578126
589943483
589943483
61245081
566249850
331425821
484088672
28666274
542177543
277999447
548740992
22679095
548740992
21077620
396488914
396488914
52157284
267225727
575506619
52395709
266102032
30578126
516298774
526946924
379553023
27392679
550535196
401484304
393689216
591770696
315083704
52157284
555644491
513544721
315083704
591360745
328175644
581917679
590104675
444727993
52395709
530150193
409474389
505402370
55524104
273996549
320091027
381713948
48655132
39910027
581917679
459106227
459106227
289827710
47994133
497104786
463999948
22712355
394670860
58756145
365836658
574579789
28371898
543295312
362573076
507993895
528302289
563014525
534020363
25832160
25832160
281082392
460532479
21529755
447399493
57943363
394670860
47757156
409739531
330073099
348472561
315083704
538054937
586951012
466162796
420417827
376340068
52157284
581917679
481052276
548740992
538523052
352591006
329418193
423428214
528791972
589943483
328536461
394900075
20451177
61370742
54681036
328536461
30782161
512363104
590104675
515638515
590694362
436454938
447399493
63412261
439512891
589943483
589943483
550535196
581509060
586478822
573076707
20783132
550535196
573076707
590694362
527693709
553087191
268522791
267850742
486711156
453442631
510581025
269741445
453154000
328536461
297793552
589943483
57490085
372563626
323776802
267274028
589943483
567887411
512363104
372563626
567887411
395074629
468570852
269741445
29626332
530150193
578449374
303474335
543295312
450159770
452398916
398211435
323776802
31985516
401350658
342481473
323776802
52235090
440936396
472398995
342250674
539889851
523077463
529188709
267225727
413258592
21655944
413258592
23113715
550535196
578398341
552950456
391477579
23071730
55524104
533776107
52157284
409520678
323776802
38712307
47994133
552342561
390405088
494942459
394900075
349621404
372563626
550535196
309961098
342638515
309961098
342638515
47994133
381146806
567887411
573076707
479632353
43872909
586478822
418517637
397438435
384979345
585626625
591827768
574624401
314789492
515145798
510581025
317886531
533993508
355085268
569326005
274321135
30474987
401484304
385267557
22307334
359888712
573336810
440657530
457549534
526731598
447399493
464611186
55625700
20123870
485741271
322890022
21077620
427493953
570330557
368966906
527693709
569572592
20523452
464611186
268506252
444557180
390405088
590104675
398211435
468873566
52157284
52157284
314433554
313066786
390233597
533337953
563014525
541651585
