24826528
65377009
296781535
29661693
22437266
34036343
24826528
29661693
21007984
22437266
24826528
22437266
307494551
24826528
567022849
22437266
55426406
24826528
22437266
22437266
29661693
22437266
567022849
22437266
29661693
22437266
400733410
567022849
22437266
22437266
29661693
22437266
22437266
22437266
587253514
22437266
587253514
22437266
587253514
567022849
50662802
567022849
24096732
567022849
24826528
567022849
22437266
567022849
67275631
587253514
567022849
22437266
22437266
567022849
21186879
567022849
587253514
34036343
567022849
567022849
21186879
567022849
493202363
30198045
567022849
36313252
22437266
293853595
