437097728
590287777
329480755
443484054
435745880
67188745
310713882
424816980
287632816
281379950
500935705
298848688
545471696
591360440
313699305
31937893
47250001
322090055
392878378
546786119
578828035
59925316
583367582
521718083
47250001
367397168
291685601
40770749
584581388
387355990
522731744
392639344
356002188
521718083
326555487
67795178
439058088
338420540
387355990
397685472
516829247
588827344
310713882
609086869
551099099
54443134
497585976
524124918
584581388
315487168
590511047
402687252
589652676
589652676
57852712
390158084
64063479
578828035
437097728
504446122
326078984
470706825
455712053
565626941
275252582
565824458
326078984
531665059
572075158
445180095
590511047
338420540
496040821
310121553
590511047
584581388
401274927
401274927
395339331
512183438
364077301
443484054
22844374
584596012
584581388
31242651
609825258
492022143
405299060
293991797
491254360
448023821
583367582
405299060
583198416
589652676
500477312
399705915
581766137
339219528
310121553
401274927
31485683
397685472
503443314
543973571
590555540
590555540
554059663
311859397
496040821
298848688
557417446
557417446
399705915
499639050
496040821
584596012
580322110
564859372
565824458
584581388
584596012
395339331
611012593
450032660
584596012
590511047
551050282
551050282
564896135
57852712
39300088
395339331
496040821
322751263
524124918
319709184
589652676
565166952
611012593
281903283
437097728
609825258
319709184
555582067
591316405
371249138
498521318
20488756
305656676
20993491
20262348
59925316
588827344
21219632
402687252
317680659
326555487
343202567
45027940
57852712
315487168
67188745
56268740
484359853
20993491
37918018
339813636
590899121
310713882
500477312
322090055
502203193
298848688
475908986
31242651
266436936
21880871
55022480
441545974
514989732
424793843
500477312
516829247
20993491
584581388
395339331
62933451
589652676
525281280
276360219
565824458
356002188
583009731
435745880
516829247
580315181
47250001
584581388
275252582
403565642
583198416
67795178
293991797
499639050
395339331
64336364
584581388
412581481
553800585
442184441
562929920
395339331
268013692
541001482
509878879
541001482
281379950
401274927
577676103
307378249
454552444
47250001
45765691
286249794
584596012
589652676
590511047
492022143
275252582
310121553
39300088
538218239
584581388
590511047
565824458
503443314
458003025
530061884
395339331
365457219
367272988
472541750
577738999
365457219
566048604
580172832
475794812
59176635
39300088
475908986
43410668
505177231
590899121
587034838
399705915
522731744
39300088
492022143
475794812
391996916
590287777
584596012
588027597
565824458
584596012
452908765
584596012
279478055
564896135
275252582
279478055
298848688
581656171
423138147
583367582
20172325
536053450
547994386
399705915
499639050
588827344
66581782
583350848
583198416
39300088
496040821
322682964
500779780
437097728
41573330
22785959
397685472
30652672
564859372
29872709
472966966
554059663
26751554
279478055
500971622
580968795
67795178
536726741
585466777
315568033
39300088
587330258
375232288
304473420
434334653
588027597
321719767
387355990
536053450
20993491
37179163
551099099
541484255
565626941
549006959
271371203
342579567
31485683
32024582
27893717
578828035
497585976
303674745
405299060
532665184
62187596
454165329
319284075
482782249
500477312
31242651
583198416
532665184
566048604
583066529
357028678
559561289
435745880
505177231
405299060
306809530
281379950
402433460
503443314
500477312
504466836
501176292
584596012
580939354
298848688
287632816
564002760
590593676
400874324
36734334
393931129
500477312
393931129
30351752
443396927
587330258
523061391
318871389
534591733
565824458
554059663
518491519
490349010
492022143
561600224
57852712
492022143
50603471
466006467
565824458
281379950
349451351
521718083
491531265
531665059
496040821
39300088
584596012
29771389
367397168
395339331
266887309
59176635
367397168
536206947
584596012
37455187
281379950
455435936
584596012
485875393
524124918
531652074
564896135
527803240
584581388
536053450
39300088
534925890
496545038
298848688
492022143
592043550
531665059
318437872
281379950
498521318
566426321
318437872
496545038
31242651
475908986
564896135
583301164
437097728
564531795
500197309
573312141
554059663
20682199
317680659
67188745
54443134
484359853
583301164
66803376
291685601
492698094
500944876
358800576
37455187
567243217
37455187
21219632
443077123
387355990
47174182
311140902
324192111
466006467
332472297
63960632
343091397
572974278
551099099
448023821
544069645
494923741
583066529
68602427
282208611
25015404
344635465
443396927
498647761
559561289
531665059
306115615
358542682
588827344
385936421
547994386
573443573
588401190
584581388
564185895
573443573
591360440
345375280
529719743
275110241
584596012
275252582
298848688
344930708
583198416
25015404
509878879
496545038
564185895
310121553
298848688
56268740
307491559
298848688
557417446
386578914
588117073
20015136
484359853
530814025
514723287
475794812
499639050
429307508
20993491
529719743
588827344
367397168
393931129
56268740
541001482
475908986
49223147
443396927
500477312
565824458
49037350
584596012
588027597
584596012
496040821
496545038
360684587
418578700
584596012
337907434
302645080
492022143
389348855
564896135
31485683
554059663
298848688
492482693
452056128
39300088
492022143
385936421
537839046
478931075
532665184
492022143
557417446
583198416
498521318
579043838
450032660
39300088
367397168
367397168
401274927
536053450
492022143
583301164
496382679
564896135
499639050
48907698
310121553
36030726
30284547
30518660
318798899
588827344
67188745
30284547
475908986
509030244
298848688
367397168
475794812
562920075
585858683
266887309
528224751
529719743
559561289
25340892
443396927
306809530
524124918
559561289
31440195
443396927
494663538
536366500
443396927
570823617
580939354
358800576
586672834
562349149
30284547
587330258
586336222
544090733
312712802
475908986
299796987
519596514
298848688
573443573
554059663
581258926
585466777
284259678
578828035
512410327
395339331
412581481
22199318
445180095
536712016
347949456
26751554
583198416
