391779215
583832836
445418280
571281248
452087081
424758951
421979490
395290738
581213874
391339173
417862187
392663115
551131605
583832836
413022545
395290738
551131605
452087081
394823496
384833942
551131605
413022545
445418280
396209287
406540403
405535311
574075952
478778106
551131605
452087081
391417611
394539338
452087081
394823496
541680271
424657930
462668187
397075378
451648328
427793808
390140468
395974404
413022545
424758951
397937738
581213874
478778106
583832836
413022545
406540403
424758951
413022545
429215902
392252210
583832836
384154272
403456995
397525471
402011273
583832836
394823496
444376501
413022545
386095754
429215902
410225154
458628247
394823496
437614903
403456995
541682179
395112544
445314407
481871959
424696039
451648328
422119596
567586548
387704668
451648328
380946007
554342109
441125023
413022545
424758951
583832836
397937738
397523792
424657930
462668187
406540403
417845066
395328504
583832836
394990815
554342109
583832836
462668187
452087081
413022545
392402432
389191429
429215902
385062007
583832836
393723765
395290738
452087081
414835054
395779376
394033054
422119596
441643061
404041993
380946007
536829856
393067727
422119596
451648328
385267998
389191429
583832836
403689138
541682179
397075378
401111822
567586548
413022545
418316070
536829856
553363632
583832836
386095754
478778106
478778106
478778106
392663115
429215902
413022545
390572892
391417611
397905631
426308587
393074473
413339945
396909786
402627375
397525471
423698806
424526898
396046877
390718553
397159501
403689138
414846508
399031882
423698806
390572892
417478279
392252210
402379058
402627375
401111822
455587546
398471478
394065190
505332239
458764364
417862187
393341598
402023599
394905014
424615905
396063364
551131605
396082220
396785963
384154272
397525471
452087081
384154272
397525471
401111822
410033141
395290738
406540403
397692206
384062588
437614903
441643061
387704668
405851470
433284960
395112544
398611503
390734835
402011273
386095754
393723765
396729804
397525471
406540403
441125023
395112544
478778106
390718553
403267670
452087081
391869961
395779376
395136043
393763995
397525471
402379058
402011273
393763995
395290738
406386517
395500244
393780523
392402432
445314407
397159501
403608162
390140468
393762789
396909786
394990546
395290738
395136043
445314407
404454623
391869961
394033054
394990546
391869961
404039335
407112677
406540403
394065190
390718553
391779215
387156279
391869961
406793074
535924128
452087081
422119596
386095754
392663115
402011273
478778106
387999718
402011273
394033054
395290738
404041993
388892581
394065190
404039335
392663115
387156279
397043431
404454623
402054462
390834827
389027621
400029012
387156279
424526898
393723765
389027621
390572892
404454623
397201142
389027621
390734835
386095754
397075378
478778106
405923592
394905014
394065190
392663115
395779376
397075378
390767561
386095754
567586548
394033054
395500244
386095754
396082220
403267670
413022545
478778106
395290738
401662640
396082220
390572892
386095754
437614903
441687167
394566566
395290738
425811533
404106820
407125804
401034850
424657930
394235046
430746772
417862187
570768634
412949184
384062588
397525471
390718553
541682179
437614903
395027566
414846508
406540403
401111822
567586548
401662640
404041993
424788400
446197277
406540403
441927391
401662640
421946355
412488675
398471478
404469995
404610928
404041993
458764364
438354628
434301166
429215902
394903272
437614903
395974404
397905631
437614903
396785963
536829856
443672231
387495914
390834827
437490213
441927391
387704668
429215902
424526898
392251366
398611503
423698806
430746772
401981553
390572892
395290738
397525471
415295344
390196642
396785963
417384568
403689138
396082220
424526898
446486404
396909786
404141465
446486404
385678662
424066915
424758951
496913354
396909786
391869961
412949184
385062007
406830534
393763995
441472279
389027621
403435447
426682704
535924128
402011273
406540403
426308587
403446634
394033054
402023599
395323785
418768474
412138604
380946007
399031882
536829856
402054462
403608162
391098590
403267670
441125023
394990546
396909786
391869961
396976987
393762789
394989949
430746772
395136043
424526898
397028617
405473941
404390562
391869961
394905014
390734835
429215902
407092554
387156279
395136043
396729804
391869961
406793074
403267670
402011273
424526898
404039335
386095754
387999718
417500509
394924044
389191429
536829856
393762789
394065190
388892581
425505243
387156279
397201142
397043431
394525683
404044556
401981553
387156279
395290738
402011273
389427708
401981553
390572892
420984202
404041993
390140468
465115883
396819201
404618170
393763995
401981553
387704668
394924044
414835054
395290738
394525683
406540403
387704668
397075378
390834827
395112544
390572892
404041993
403608162
394525683
404347913
536829856
392402432
402011273
390718553
395290738
397075378
390767561
390718553
386095754
392757528
394033054
395290738
422799421
420984202
454208687
421979490
424066915
393074473
396909786
429082825
394539338
396909786
391869961
384833942
395500244
438354628
384833942
390572892
386139657
528920972
397150363
442039132
393074473
390140468
403456995
447724936
424758951
434968538
424526898
436650910
415295344
394065190
420970722
424758951
407092554
434061387
393341598
442039132
424758951
396082220
398475849
403689138
424758951
584400902
397525471
425883365
415295344
426308587
418174620
401981553
437348658
429215902
441643061
415295344
434301166
388897430
387704668
391417611
403689138
424788400
451419147
397525471
412488675
395762628
403608162
423299049
405002681
402023599
433284960
421946355
395779376
396729804
391881701
397937738
390718553
455420557
392402432
401111822
397905631
454208687
407092554
394989949
403446634
536829856
396909786
398611503
398933269
392402432
441125023
427816827
567586548
423698806
505332239
397525471
399031882
388897430
414835054
406540403
393762789
405835698
420970722
421979490
387999718
389191429
402054462
404141465
395290738
384154272
394990546
407092554
385062007
393949747
417478279
390834827
404041993
393762789
397075378
480726341
465115883
396909786
407092554
421946355
403608162
399031882
391869961
389191429
396909786
394033054
405002681
404041993
393763995
451808626
395500244
390834827
405002681
402011273
392663115
394065190
395136043
397523792
397075378
394065190
395290738
404454623
392663115
390834827
430746772
404041993
392718478
404610928
499253642
399031882
394525683
395290738
402011273
394823496
455004562
397201142
404041993
395112544
389027621
404041993
397201142
398471478
391754446
404039335
397201142
383420922
399031882
396729804
398598605
385267998
398471478
390140468
394905014
394065190
392663115
396819201
395779376
404041993
397525471
392402432
395290738
433961673
537088119
425811533
444113917
426308587
424152888
536829856
403446634
426308587
401111822
393723765
393131644
398611503
413339945
397159501
405587500
405535311
424758951
423698806
434968538
417478279
