28405895
41023089
51562126
29360715
23593050
34409164
24254584
23593050
55902894
25379922
474155803
28405895
51213559
25379922
29599958
41117610
589055569
40647753
27487966
54085178
53274774
23410083
25379922
54090039
30554666
25379922
51562126
28405895
51562126
28405895
50097368
31246392
24254584
33082178
23593050
25379922
28405895
28434453
49031735
34409164
52093346
28129453
25379922
34409164
319245010
38422185
37918849
41969866
55902894
29599958
51387446
28405895
31709703
35007895
49911080
28405895
55902894
38422185
28405895
27047110
55902894
363190825
38422185
55902894
28405895
24254584
28405895
25379922
372245060
40647753
28405895
25379922
50097368
21359418
372245060
25372804
28405895
29696771
55902894
50207229
28405895
28405895
28298133
51562126
28405895
27202864
27487966
28405895
33082178
28405895
31246392
52891476
50097368
28405895
35007895
39735901
37918849
587145951
589931642
35007895
49031735
28998676
28405895
35888443
48859602
31246392
34877817
25379922
28405895
28405895
29588352
30554666
33082178
28405895
36563457
29599958
35007895
34409164
33082178
55490807
38422185
28405895
25379922
31230580
51213559
23593050
41656574
49911080
54085178
29806118
55902894
25379922
29599958
28405895
586936247
589055569
28405895
37918849
589931642
33082178
35007895
317270454
587146135
586936247
29588352
576621617
586936247
587145951
43912623
23803663
586008887
587145951
28405895
581094469
586735379
584004546
589931642
587145951
35007895
21359418
21764055
581094469
51562126
41374983
587145951
581094469
25372804
51284243
586008887
575121877
24571083
47669396
24084329
