28261229
336636854
47108556
66195063
35548337
47108556
281576157
60686953
390895971
47108556
387680416
389470199
464624509
390895971
330305598
359634230
390895971
37684287
408786496
570415504
35548337
453268795
464624509
510340853
570415504
390895971
389470199
47108556
26993985
570415504
47108556
570415504
47108556
390895971
342647435
464624509
281576157
570415504
597167160
47108556
281576157
349348683
453268795
20087076
390895971
330305598
464624509
366809744
453268795
20087908
330305598
47108556
570415504
389470199
27378627
570415504
464624509
27378627
389470199
388650372
366809744
570415504
366809744
570415504
355205480
60529747
570415504
20396496
408786496
