610285612
443743893
487367131
578518248
509372364
482727409
578518248
484714560
443743893
489797143
484714560
454292003
454292003
609980231
532128441
454292003
609980231
480914670
519861895
509372364
532409046
509372364
509310644
509372364
489797143
532128441
509372364
519861895
480914670
534011566
509372364
486812945
609980231
454292003
532128441
519861895
482727409
532409046
532128441
519861895
532409046
489797143
481065053
610285612
532128441
532409046
509310644
532128441
532409046
509310644
509372364
532409046
486812945
532409046
484714560
