21999229
40458113
599511080
471490994
21999229
40458113
599511080
319543001
471490994
21999229
40458113
40458113
471490994
21999229
40458113
40458113
40458113
40458113
40458113
40458113
40458113
21999229
40458113
40458113
40458113
21999229
40458113
40458113
40458113
40458113
21999229
40458113
40458113
40458113
40458113
21999229
40458113
40458113
40458113
40458113
40458113
40458113
40458113
40458113
40458113
40458113
40458113
40458113
40458113
40458113
40458113
40458113
40458113
40458113
40458113
