294452972
345434461
327950913
294452972
343294584
327950913
343294584
35949778
325286487
343294584
370222696
339469087
327950913
345434461
343294584
327950913
345434461
343294584
370222696
343294584
349628112
347534028
355811173
343294584
345434461
327950913
299797447
343294584
345450498
345434461
478059548
343294584
402568070
345434461
343294584
355811173
346863605
372669953
388119655
343294584
345434461
351890979
343294584
345434461
346863605
388119655
343294584
327950913
346863605
327950913
345434461
343294584
355811173
327950913
346863605
402568070
370222696
327950913
345434461
296394474
327950913
370222696
343294584
345434461
327950913
345450498
346863605
343294584
345434461
327950913
345450498
343294584
327950913
343294584
345434461
343294584
345434461
343294584
345434461
343294584
327950913
370222696
343294584
327950913
540700295
343294584
345450498
345434461
343294584
35535651
345450498
343294584
345434461
343294584
345434461
355811173
478059548
343294584
345434461
343294584
345434461
343294584
345434461
343294584
345434461
343294584
343294584
343294584
343294584
343294584
587440386
343294584
343294584
343294584
343294584
343294584
343294584
343294584
343294584
343294584
343294584
343294584
343294584
343294584
