557600073
397364663
497786277
311357124
591080611
557600073
451333759
497786277
558154770
453186965
557600073
443456144
497786277
483591314
557600073
412475913
497786277
461556338
534786438
397364663
497786277
60961299
362397132
557600073
448354173
550997249
497786277
528563685
557600073
534786438
497786277
461556338
448354173
557600073
497786277
591080611
448354173
333586114
355829869
497786277
463776672
443456144
557600073
497786277
362652835
397189371
311357124
497786277
336512509
583287012
557600073
311357124
497786277
455738919
472496283
311357124
497786277
585301011
448354173
558154770
497786277
412475913
397364663
448354173
461556338
340177310
448354173
497786277
550997249
448354173
583287012
497786277
461556338
465485023
397189371
558154770
497786277
462069934
265483128
288931094
557600073
497786277
448354173
462069934
591080611
301990376
497786277
534631603
448354173
383669632
311593293
497786277
311357124
383669632
464287491
497786277
534631603
463776672
497786277
448354173
497786277
448354173
436767867
557600073
322883061
497786277
448354173
309605989
591080611
497786277
448354173
288931094
462069934
497786277
448354173
557600073
446677243
265483128
497786277
448354173
444005734
583287012
497786277
448354173
534631603
511259194
455738919
311357124
557600073
497786277
448354173
534631603
497786277
462069934
425961372
534786438
497786277
462069934
557600073
300846583
497786277
400481908
557600073
462069934
497786277
583287012
365483908
448354173
462069934
497786277
461556338
448354173
462069934
497786277
453467853
497786277
547755439
585301011
362397132
497786277
368362339
472277202
534631603
462069934
497786277
497786277
265483128
591080611
580974490
497786277
412475913
333586114
497786277
557600073
534631603
448354173
497786277
451333759
534631603
534786438
583287012
497786277
534631603
497786277
434441466
397364663
58202124
550997249
557600073
447052832
550997249
557600073
549103799
19561064
280208013
549901729
557600073
453186965
528563685
448354173
412475913
557600073
340177310
288165941
40255537
504385501
557600073
26431700
309605989
464287491
362652835
369370109
397364663
297936232
557600073
443456144
580974490
309393484
362652835
549901729
557600073
505056589
461556338
547289522
63150076
428165619
441179772
443456144
280208013
461556338
543898890
549901729
527627697
464287491
550997249
265483128
461556338
383878176
583287012
557600073
448354173
373997598
528563685
362652835
461233058
448354173
534631603
583287012
462069934
497786277
464287491
436767867
287968094
557600073
461556338
492004606
368362339
450133868
464287491
557600073
580974490
528563685
448354173
465485023
413504930
311357124
583287012
534631603
311593293
453467853
528563685
504385501
455738919
392038098
550997249
534631603
557600073
451333759
543898890
534631603
361860600
19561064
461556338
436328775
534786438
501502513
362397132
424120093
550997249
428165619
362652835
557600073
583287012
425961372
362652835
523738933
534631603
365483908
462069934
280208013
428165619
24831512
534631603
558154770
592189993
534631603
505056589
462069934
362397132
534631603
400645765
368362339
441148568
550997249
528563685
549103799
534631603
266579976
558154770
464287491
448354173
455738919
439953311
577503064
534631603
333586114
469955162
583287012
29665350
461556338
534631603
557600073
355829869
291081358
472496283
534786438
583287012
362397132
331132264
444005734
534631603
464287491
583287012
451333759
484969663
557600073
571626212
396155402
550997249
453467853
534631603
528617491
557600073
534649215
272499831
311357124
301913170
557600073
533369711
455738919
528058737
557600073
479781004
550997249
557600073
436328775
550997249
534786438
557600073
550997249
321991801
557600073
446677243
534786438
436328775
550997249
361860600
397364663
309393484
550997249
397189371
479781004
446677243
461556338
550997249
436328775
543898890
461556338
436767867
455738919
362652835
406094707
461556338
267987843
582754640
531818655
557600073
311357124
583287012
333586114
446677243
51179983
583287012
549901729
557600073
333586114
384078199
383669632
558154770
461233058
446677243
558154770
344855152
412475913
29665350
333586114
547289522
266579976
322883061
392719649
340177310
333586114
50374707
60961299
463776672
557600073
311593293
25573018
265483128
557600073
405216579
443371559
557600073
571626212
302052765
583287012
365142403
288931094
557600073
392038098
436328775
362397132
334349154
370288940
557600073
462069934
362397132
444005734
583287012
462069934
492004606
461556338
479720896
344855152
571626212
461556338
500971567
333586114
462069934
461556338
534631603
280208013
266579976
535139624
20847212
462069934
455738919
287968094
557600073
22645486
534631603
534631603
557600073
362397132
534631603
544129218
448354173
557600073
461556338
583287012
534786438
65065473
549901729
368362339
550997249
462069934
333586114
543898890
557600073
462069934
25214786
557600073
29665350
21285344
461556338
402452224
550997249
444005734
528563685
446677243
370173111
333586114
534786438
25573018
497786277
309393484
272186641
604521993
583287012
267987843
412475913
309605989
397189371
397364663
436328775
497786277
428165619
397189371
309087966
386005872
462069934
400533682
436328775
309605989
583287012
297936232
51179983
497786277
404315382
479100218
298975385
25573018
550997249
361860600
448354173
446677243
442428485
50374707
60961299
453616874
267018455
361860600
397189371
361787312
583287012
469955162
314509946
342477805
29665350
443456144
550997249
21940418
301990376
455225795
25376231
547755439
311593293
474799172
362652835
373997598
280208013
580974490
496403120
311593293
547289522
497786277
548455084
362397132
418109110
497786277
370288940
414500206
309605989
436328775
448354173
414172008
446677243
288931094
23993484
362652835
479100218
422549751
383669632
455738919
534786438
412475913
501502513
429170311
447138750
552335596
370288940
436767867
461556338
429170311
420499738
63150076
462069934
425961372
341511924
462069934
412475913
362397132
534631603
558154770
20131569
323953968
394397308
451333759
453186965
528563685
461556338
40255537
534926773
455738919
63150076
297025917
370288940
288931094
461556338
22645486
329243600
311357124
455738919
444005734
271011284
311357124
461556338
397032099
528563685
288931094
22192383
361860600
288931094
550997249
300846583
528563685
534786438
25573018
461556338
272186641
338377310
397189371
461556338
457046653
397364663
425468230
340950271
550997249
419168172
583287012
365142403
326969577
436328775
583287012
397189371
66260124
323508531
458314529
373545181
464287491
461556338
424199174
484969663
337937029
451333759
266579976
362652835
288931094
283595050
362397132
23993484
