468982111
26595681
271310404
36413559
59332449
306964371
565412857
560255727
59332449
393489994
56228957
393489994
565412857
318297984
23265818
271310404
318297984
58453487
23265818
560255727
510120665
23499299
353586626
41101035
36413559
271310404
306001731
61386310
58453487
510120665
58453487
584092952
523806254
306145318
584092952
56228957
523806254
306145318
523806254
510120665
393489994
584092952
306145318
318297984
26595681
393489994
471458576
30204598
584092952
353586626
60625303
573720469
36413559
468988455
471458576
560255727
393489994
471458576
37593785
468988455
306145318
560255727
