514714152
274077597
53707466
514714152
507494818
351876135
51524198
514714152
351876135
389687432
514714152
274077597
389687432
370645247
51033688
514714152
53707466
514714152
29191016
53707466
63524908
591619569
389687432
51524198
351876135
389687432
53707466
64384089
514714152
47587448
370124683
412851553
53707466
29191016
351876135
53707466
591102648
514714152
514714152
351876135
53707466
29191016
609476248
65189905
64384089
589358130
58162319
514714152
278002924
514714152
389687432
511045256
278146337
278146337
278002924
53707466
351876135
591103023
514714152
29191016
53707466
514714152
274077597
297626129
514714152
53707466
514714152
351876135
51524198
29191016
297626129
274077597
351876135
29191016
51524198
47587448
358731421
351876135
274077597
389687432
370645247
305618934
47587448
297626129
514714152
290679911
351876135
493334295
47587448
53983109
53707466
514714152
21125603
429099867
514714152
511729747
297620855
514714152
51033688
514714152
63524908
554394387
53707466
422279623
514714152
270569738
348976164
274077597
29191016
514714152
65034359
412851553
430020379
64384089
579804289
412851553
290679911
504531682
53707466
514714152
290679911
303009684
53707466
514714152
271232019
514714152
351876135
53707466
265333429
351876135
265781578
514714152
63384202
514714152
504531682
64384089
285330532
62915295
264912451
53707466
328573595
290679911
278002924
514714152
53707466
351876135
264912451
352650009
290679911
389687432
278146337
514714152
471639102
20434046
53707466
29191016
20434046
358731421
47587448
440555384
290679911
429099867
51033688
297620855
274077597
514714152
429099867
65034359
412851553
417694155
29191016
53707466
389687432
47587448
514714152
590359724
47587448
514714152
485430003
514714152
47587448
586632263
590359724
514714152
53707466
514714152
351876135
290679911
514714152
576977214
56546132
488905697
514714152
270569738
514714152
64384089
351876135
514714152
351876135
591103023
290679911
395987447
290679911
590296617
47587448
587651859
514714152
514714152
53707466
514714152
592049447
265333429
592049447
271050751
274398757
590296617
514714152
430020379
278002924
412851553
53707466
434224591
382567787
514714152
372681005
278146337
56518108
571476011
589358130
285330532
264912451
389687432
278146337
53707466
264912451
514714152
47587448
351876135
493334295
63524908
53707466
389687432
51524198
514714152
47587448
53707466
47587448
290679911
53707466
351876135
514714152
64384089
53707466
352650009
264912451
