31922749
586501882
267709963
586990619
325173949
478618696
498857739
586501882
266757017
359669950
27333174
30535732
267709963
266757017
586990619
586501882
22143423
425076353
22245546
31922749
385386067
498978558
452692025
31922749
26464456
386991978
36596683
27333174
385386067
471137403
267709963
63400777
31922749
498857739
498978558
500808430
266754859
266757017
586990619
589035782
548148644
385386067
586501882
24740099
27333174
499291052
586501882
385386067
37063563
35300734
266754859
483089669
499291052
19920113
548148644
30535732
35079098
35886709
586990619
51401753
376222681
267709963
586990619
30535732
548148644
471137403
499291052
500808430
332928943
325173949
26464456
266754859
500301497
337830799
429078984
27333174
425076353
586990619
337830799
452692025
39227959
25376028
267709963
39227959
28028201
34356954
313685084
36596683
267709963
586990619
548148644
610693503
360390546
586990619
386991978
569185646
267709963
385386067
500201941
586990619
385386067
34356954
586990619
385386067
267709963
572670737
522413738
337830799
586990619
376222681
542727782
505680374
549831746
586990619
325173949
266754859
586990619
267709963
368233780
452692025
386991978
266757017
578893795
586990619
478618696
586501882
590721490
27333174
534078018
586990619
368233780
40000616
483089669
25376028
28328784
586990619
264829675
30628890
586990619
376222681
35886709
40000616
412404265
586990619
337830799
27333174
586990619
386991978
337830799
586990619
590612178
483089669
586990619
385386067
337830799
483089669
337830799
586990619
20760979
548148644
337830799
586990619
483089669
28560558
386991978
586990619
611140724
353462036
337830799
388697538
39293702
610981739
386991978
28948637
61844986
31922749
548148644
37864938
37063563
40000616
478618696
26241942
28452384
325173949
267709963
542727782
500501959
307586368
368233780
27003147
425076353
52801419
554425609
557515013
29826406
499291052
267709963
27003147
524667784
522413738
22245546
386991978
20760979
524667784
455242475
500709931
342132301
267709963
27139703
586501882
471137403
452692025
393804884
591680528
267709963
31091524
368233780
35079098
576143888
35886709
45477848
587479863
267709963
26107649
578893795
385386067
30892824
29143525
478618696
376222681
39227959
337507069
425076353
576143888
586501882
505680374
27333174
267709963
548148644
569185646
325173949
386991978
25113198
47312442
522413738
315412746
507788460
301108936
27333174
337830799
385386067
25908370
67286141
575922314
579260536
498810829
591680528
499291052
29143525
498857739
498747092
478618696
586501882
19985542
267709963
385386067
522699190
589638000
337830799
27333174
267709963
368233780
385386067
386991978
586501882
452692025
266754859
337830799
267709963
319035147
452692025
325173949
30596326
471137403
337830799
385386067
267709963
429078984
587479863
36596683
51401753
376222681
548148644
325173949
376222681
267709963
35300791
368233780
386991978
440189372
522413738
40000616
500808430
376222681
40000616
267709963
478618696
40000616
590612178
337830799
35300791
483089669
586501882
288332149
586501882
30165258
51401753
35300791
337830799
505680374
20760979
483089669
548148644
370924745
505680374
386991978
483089669
337830799
548148644
34356954
288332149
386991978
37063563
368233780
584706105
40000616
587479863
19985542
337830799
526549583
548148644
337830799
353462036
25002700
31922749
19985542
39293702
21027405
325173949
26241942
267709963
41038466
27333174
471137403
39041857
31922749
24688589
23100873
483089669
337830799
386991978
576736811
282367028
22697531
22245546
549831746
28948637
368233780
342132301
288988919
368233780
308820858
266961335
30892824
35886709
505680374
28452384
394675818
389372666
575922314
429078984
25376028
428391589
385386067
30535732
40761516
267709963
22090848
30535732
19647344
360043635
267709963
385386067
20760979
34356954
586990619
471137403
282367028
27003147
26511867
471137403
26464456
586501882
27003147
385386067
368233780
40000616
323854442
335199913
267709963
325173949
337507069
581106688
353868787
27333174
33281070
26517705
325173949
522413738
370924745
325173949
30892824
505680374
27333174
32128276
366164444
40761516
26511867
429078984
22697531
39227959
265697759
385386067
264305998
429078984
368874550
463796931
586990619
51401753
27333174
472785744
325173949
23927095
342132301
25376028
337830799
51401753
385386067
587479863
337830799
34356954
353462036
26821033
34356954
27333174
471137403
19920113
34356954
266622861
34356954
267709963
337830799
549831746
587479863
510266791
368233780
452209503
40000616
385386067
19985542
22308295
267709963
22713624
28452384
337830799
27483725
315412746
337830799
27333174
337830799
452448438
35079098
437368548
496743018
429078984
478618696
29787290
266757017
31922749
31091524
30892824
531498145
66242498
325173949
494121662
313685084
386991978
37585987
420668708
25269378
35079098
325173949
20023507
22143423
378128619
478618696
36596683
25002700
29287822
33535085
362125653
282367028
267709963
288988919
26463784
392438005
26511867
376222681
41038466
29484105
325173949
267709963
63400777
368233780
360390546
67286141
27003147
531054453
27333174
353868787
586990619
483089669
385386067
266754859
29779917
425076353
368477290
25002700
548148644
31359933
425076353
27003147
429078984
27492119
531054453
370924745
498978558
530493476
20631435
38542794
19985542
51401753
325173949
505680374
572670737
35079098
472785744
333526114
27424189
55819535
316854408
267709963
28302231
345349684
313685084
28948637
480887663
39796965
315412746
266754859
30892824
265522799
35079098
23619815
325173949
31922749
22308295
335199913
368477290
542724889
342132301
40829141
385386067
386991978
352318129
267709963
325173949
337830799
20498917
288332149
266757017
394675818
264305998
441666778
473602649
39524573
264305998
40000616
35300791
368233780
353462036
21027405
368233780
50180980
325173949
429078984
385386067
51401753
358781374
40000616
51401753
34356954
64249106
27918247
429078984
489103597
505680374
23709919
27918247
395022907
325173949
39227959
27003147
25002700
51401753
34356954
51401753
325173949
340886267
23729660
503296239
452943080
19920113
267709963
264829675
373463097
267709963
386991978
35886709
429078984
267709963
29250052
27333174
26511867
267709963
30535732
325173949
425076353
31922749
325173949
19852418
26464456
477867065
29250052
524667784
63400777
428699026
385386067
266757017
586990619
35290024
23320355
313685084
28186178
498978558
37855112
440189372
27003147
323854442
325173949
25312317
359669950
37855112
288332149
384589458
386991978
376222681
397153582
266754859
27333174
500940590
586990619
425076353
22583824
548148644
371708325
357171955
30628890
586501882
385386067
