589070898
22278345
585231725
40435499
514558902
22278345
589070898
585231725
583049083
20221184
22278345
20128508
585231725
408476999
578726397
586175818
52913430
574841271
583049083
581825070
22278345
577718978
510236957
581825070
22278345
583049083
481982382
51752075
349516459
21724096
553151383
373829747
23682406
451213671
570317927
20309237
547713928
581825070
23441911
20128508
532083095
52913430
352504764
20221184
21447562
19863876
23441911
492441921
22278345
22278345
20221184
461060179
22278345
450354409
31924604
20221184
22278345
21447562
20221184
327873856
22278345
328540625
20221184
327873856
388760834
20221184
309951186
388760834
20221184
366763935
375897770
327873856
20858973
20221184
343401507
375897770
364334726
350691408
20221184
328540625
347104632
22278345
20221184
309951186
327873856
339393780
20221184
309951186
327873856
22278345
20221184
309951186
327873856
29541305
20221184
309951186
21790044
21446339
20221184
22278345
51243922
20221184
21772251
40714145
20221184
22604833
21650001
22604833
33433838
450354409
20221184
22278345
327873856
22018695
20221184
38795996
25578137
40714145
20221184
22278345
25578137
20738105
40714145
22278345
21650001
20130180
20140957
20291010
20270655
21650001
20130180
20019895
19819493
19607711
