36078289
274598744
488957122
49202054
267824230
487134339
282241242
389882283
63656258
280165583
26517009
26517009
20220067
269429538
605385137
517242127
337505499
602790377
610625314
590847948
387203938
510871582
39192524
454887922
267824230
525308277
525829771
39192524
282241242
528231162
526739845
387203938
562396526
274598744
323556842
535263310
389882283
366357267
303246351
455445447
49202054
528440411
523576618
373059075
63656258
526740237
439853667
452413503
487134339
513305978
394483738
64281780
363461978
456362061
452413503
267824230
396557088
334405566
488957122
411978879
20579555
439853667
507217925
507216684
48365116
317260330
503137364
471683829
366357267
269429538
452413503
280165583
452494763
384497108
282241242
366357267
428887114
269429538
373061161
39192524
387203938
438466074
440654889
376186399
377045443
31103443
434468676
440654889
366357267
373442394
387203938
402169074
440654889
366357267
331074433
387203938
373061161
269429538
278274679
35414240
20599386
20579555
306858011
271290200
323556842
311371787
306858011
26517009
308901692
306858011
26517009
269429538
280298896
517242127
504359322
522255431
500567314
268968054
450045944
273437719
315462501
31103443
423456045
478782133
46570471
326082005
56893150
337176972
266474073
20579555
303246351
513305978
301319867
455445447
443469597
488957122
380255536
515158418
48365116
448799275
30489978
514190549
449479776
574354514
515367282
26517009
440654889
514190549
504359322
36078289
452413503
450045944
440654889
391177262
269429538
365553145
39192524
403453761
394246706
376084230
423456045
23942191
556908493
20775301
301319867
315665309
510761193
308901692
422132258
303246351
585508560
278029294
288123249
306606530
271290200
487134339
394483738
377674481
344010817
452413503
269429538
507217925
531020280
347591075
439853667
525308277
366357267
428887114
64281780
26517009
19627879
344010817
511616124
377698545
587069006
504359322
524598239
269429538
477039231
463075660
34582896
343040194
280165583
306858011
456362061
31103443
366357267
418406419
583601530
306858011
428887114
20599386
411978879
477039231
280165583
