20715139
26712715
344717773
41362114
20715139
27495264
434497044
344717773
33181459
20715139
440088216
37172362
344717773
413118648
20715139
344717773
63481013
434497044
344717773
32018683
465659489
20715139
310670196
344717773
368179729
383762026
434497044
59069953
344717773
440088216
454559862
357791483
344717773
344717773
592137104
333381337
495936867
27439680
26712715
37144091
344717773
519071546
427764816
440088216
344717773
440088216
519071546
493964631
390630995
454559862
344717773
26712715
23239204
344717773
344717773
344717773
27495264
489271125
344717773
23421455
48175921
26712715
60029234
48285209
413599918
344717773
344717773
454559862
23603633
59069953
27495264
43522197
454559862
454559862
344717773
36120149
27713420
23421455
27495264
344717773
310670196
344717773
26712715
41362114
315795322
344717773
49923576
316300443
26712715
293146529
26230118
344717773
346461520
465659489
20715139
344717773
41362114
383762026
48175921
316300443
344717773
320383306
543304362
307303783
30577039
495936867
465659489
27495264
344717773
535654090
310670196
440088216
501973006
266087532
519071546
493964631
335415144
303945361
316300443
48285209
48175921
493964631
584211662
554510709
268684340
34265010
344717773
489271125
493964631
48175921
344717773
493964631
372665339
344717773
440088216
40037776
41362114
344717773
430488306
344717773
23421455
344717773
493964631
48285209
328776721
36318532
475304828
344717773
387902237
584515417
585581421
344717773
454559862
46979729
309496647
507790815
585005510
26712715
506640974
26712715
52912770
359117676
465683153
538775028
344717773
55662789
27559410
539113364
344717773
538775028
495936867
