430929466
548045589
610881311
430929466
384142403
610881311
437599190
430929466
548045589
610881311
447996772
548045589
443126272
442491470
447996772
548045589
386943225
548045589
548045589
430929466
548045589
548045589
430929466
430929466
489052171
548045589
457598921
548045589
319387306
386943225
445937178
548045589
548045589
610881311
548045589
489052171
610881311
548045589
489052171
610881297
548045589
548045589
489052171
548045589
447996772
548045589
49381541
548045589
548045589
450161811
610881297
470562534
426922830
610881311
548045589
418731444
548045589
610881311
548045589
489052171
610881311
548045589
610881311
548045589
489052171
610881311
456840608
548045589
548045589
548045589
610881311
548045589
548045589
610881311
548045589
456840608
548045589
548045589
548045589
548045589
548045589
610881297
450161811
430929466
610881297
430929466
469075494
442491470
350428858
610881311
548045589
610881311
610881311
610881297
489052171
447996772
610881311
487739692
548045589
430929466
428548737
450161811
489052171
430929466
487390694
430929466
450161811
489052171
430929466
489052171
462672370
610881311
489052171
447996772
548045589
489052171
489052171
548045589
548045589
456840608
489052171
548045589
610881297
610881297
548045589
548045589
610881311
610881297
548045589
610881311
548045589
610881311
548045589
610881311
610881297
548045589
610881311
610881297
548045589
610881311
610881311
