567459066
446206952
447728985
567459066
353855541
353440464
353477490
353855541
478953322
477373650
480233163
478953322
480233163
480233163
447728985
480233163
447728985
353855541
451279003
428568608
374268886
353440464
368255386
412420548
374268886
353527784
353855541
368255386
374268886
391364727
353855541
368255386
353527784
353855541
374268886
353527784
353855541
391364727
353440464
353459858
353855541
353440464
374268886
353855541
353440464
353855541
353440464
353855541
351038844
353440464
353855541
353440464
353506836
353855541
353440464
353506836
353855541
353440464
353855541
353440464
353855541
353440464
353440464
353855541
353440464
353440464
353440464
353440464
353855541
353440464
353440464
353440464
353440464
353855541
353440464
353440464
353440464
353440464
353440464
353440464
353440464
353440464
353440464
353440464
353440464
353440464
353440464
353440464
353440464
353440464
353440464
353440464
353440464
353440464
353440464
353440464
353440464
