20502187
31999745
20547111
39674662
31999745
551267898
20547111
465003115
36027050
31999745
24840605
40586740
465003115
34945187
31999745
52968620
36027050
49873735
514512554
37585987
585548107
36027050
514512554
31999745
36027050
23057874
465003115
40246067
36027050
580371338
20502187
36027050
551267898
27749487
36027050
23032330
40586740
39674662
279220982
580371338
36027050
514512554
286535062
20502187
514512554
395373794
425840604
514512554
39174963
291470560
31999745
23057874
514512554
36027050
39174963
356170520
503215915
355373821
387047289
31999745
465003115
426862750
34802004
275523051
20547111
472366979
372910954
31999745
430955311
23577537
400479964
23577537
60424338
36027050
430955311
400479964
483307768
411834579
425840604
40586740
34945187
37560453
514512554
373398558
20547111
31999745
465003115
395373794
529189649
411834579
31999745
46565459
465003115
38984424
400479964
299410132
24840605
34802004
52968620
34945187
430955311
318584243
263732308
400479964
60424338
34945187
436499048
21433053
52968620
20502187
21836242
430955311
22051003
352567756
431551118
580371338
400479964
39174963
430955311
60424338
350281715
430955311
514512554
523854815
20547111
23032330
430955311
430955311
514512554
514512554
550887414
430955311
465003115
23577537
514512554
430955311
52968620
425840604
23707207
39174915
25005377
20502187
20547111
39674662
23089620
20554990
23577537
425840604
23707207
38484024
31999745
25005377
23707207
23057874
31999745
313399120
20502187
27135981
31999745
323926431
263732308
40586740
356170520
24840605
37031138
436761975
514512554
23707207
48529046
41245000
20547111
66548070
384977260
355724777
523551765
395373794
354497046
395373794
23057874
31999745
355373821
36027050
23258487
275523051
313399120
31999745
38984424
36027050
321053223
360510119
411280750
430955311
279220982
353844792
36027050
23577537
369768658
20547111
36027050
23577537
356646761
54137281
24840605
20547111
356170520
425840604
360510119
325006423
341990022
411834579
23032330
23057874
275523051
361215725
20547111
395373794
36027050
37585987
39174963
35061255
355724777
23707207
514512554
20547111
430955311
47090492
402212316
514512554
310879073
39674662
423981440
23057874
514512554
395373794
349427992
20547111
514512554
31999745
430955311
36027050
40586740
39674662
20547111
263732308
36027050
334194102
313399120
473308507
424023242
354497046
421017010
397261620
20250617
323035509
431551118
39674662
395373794
514512554
353844792
350281715
583507178
514512554
430955311
275523051
310879073
369768658
60424338
20502187
430955311
34945187
514512554
37585987
387010059
514512554
370898228
360510119
24840605
275983878
425840604
360366388
377952344
431551118
27135981
514512554
23707207
52968620
39174963
430955311
25005377
395373794
388621520
514512554
430955311
430955311
461965063
377952344
275983878
430955311
20547111
430955311
488140109
430955311
22649711
20547111
545929750
49873735
514512554
37585987
424023242
353844792
606648351
26960411
21433053
31999745
40586740
20502187
440994405
354497046
350281715
291470560
275523051
514512554
319141807
49873735
339773974
425840604
430955311
40586740
465003115
350281715
39174963
275523051
354497046
354032291
465003115
20569098
20502187
395373794
327632895
514512554
20429041
324977402
400479964
379928816
417437663
279220982
60424338
327632895
22051003
430955311
20502187
291470560
36027050
381272523
461965063
36027050
291470560
20547111
27135981
514512554
465003115
20502187
34945187
430955311
37585987
395373794
20547111
430955311
363591693
395373794
20547111
337726379
324977402
20547111
514512554
363142135
430955311
514512554
550887414
312611890
22649711
551267898
430955311
36027050
23032330
430955311
430955311
36027050
377952344
514512554
400479964
431551118
381758682
430955311
36027050
430955311
501891966
430955311
430955311
430955311
