21444786
427976806
522556751
37274623
442733680
548257655
21295829
369092595
433609164
533398113
474017469
522556751
444379153
531600737
457782414
522556751
600172606
408803836
37274623
481819093
522556751
444379153
600172606
481819093
37274623
584082415
555005579
451843947
444379153
566599260
555005579
514977655
408803836
491726192
433609164
525307352
575308058
46286946
408803836
63415903
481819093
555005579
27617831
522556751
20564061
555005579
388777886
485372418
566599260
309028719
555005579
481819093
27617831
59294603
444379153
564653125
408803836
474017469
564653125
555005579
522556751
531600737
514977655
575308058
600172606
481819093
522556751
555005579
374464567
481819093
408803836
522556751
555005579
427976806
485372418
27617831
483748744
481819093
444379153
555005579
310512002
481819093
510552804
555005579
324512731
309028719
37274623
555005579
408803836
376261041
584082415
538236118
490870909
455054543
577283622
408803836
555005579
555005579
522556751
27058485
555005579
444379153
27617831
525307352
522556751
577283622
481819093
566599260
577283622
522556751
564653125
577283622
444379153
555005579
444379153
555005579
577283622
566599260
555005579
555005579
555005579
555005579
584082415
555005579
