436475221
364572230
403421226
436475221
457723807
436601079
417834024
583883798
436475221
64727577
584583240
436475221
550128895
285889134
436475221
436601079
417834024
436475221
280955835
406644031
374827255
436475221
440254524
550128895
480649281
24379452
550128895
440081795
486376339
24379452
280955835
26519120
440975547
436475221
412430774
425537980
429100510
511291010
436475221
372061132
338006241
280955835
586348740
440975547
353189770
436601079
338006241
374827255
364572230
441920046
374827255
276508497
59295972
440081795
442266279
440975547
364572230
430318682
440254524
486376339
280955835
436601079
412725326
451509122
371059069
429100510
430961284
396396419
360731630
412430774
426788023
384977499
406644031
436475221
412430774
268905931
25851607
267448698
412430774
550128895
486376339
436475221
429855831
422033853
24379452
268905931
417834024
584583240
412430774
550128895
316008355
377508972
371059069
412430774
486376339
563789443
412430774
584583240
412430774
583883798
440975547
412430774
583883798
440975547
430961284
440975547
436601079
486376339
412430774
450161383
422033853
486376339
487017965
436475221
440254524
406644031
24379452
413216281
436475221
486376339
285889134
64727577
436601079
436475221
35919544
424542772
412430774
486707275
374827255
447924339
436475221
486707275
458709087
64727577
436475221
406644031
353601256
436475221
440254524
285889134
440975547
436475221
436601079
429100510
285889134
389523492
24379452
35919544
285889134
448050450
348122251
325705919
407206671
300717434
272363365
338006241
265202746
377508972
272363365
487017965
436475221
487281735
447924339
427034415
436475221
440975547
447924339
268905931
372794861
436475221
329698315
403123125
412430774
24379452
29962552
364572230
493478732
276508497
352916894
59295972
325705919
280955835
376616132
371059069
436816419
440975547
364572230
389192435
412430774
440254524
384093017
425641867
440081795
440254524
272363365
364572230
486376339
487211548
462706154
430947692
511291010
417834024
379797528
425641867
377508972
354186569
360731630
59295972
353334915
372061132
586348740
338006241
64727577
412430774
371059069
583883798
412725326
412430774
412991209
318956929
338006241
325705919
371059069
64727577
382577091
440975547
412430774
487211548
268905931
425641867
437634655
353334915
403695293
344316673
364572230
372061132
412430774
372061132
364572230
422492756
347741366
390760499
326512503
371059069
454588171
372061132
436475221
276508497
325705919
314482798
24379452
436475221
436601079
468671955
372061132
412430774
364572230
440254524
372061132
360731630
440254524
371059069
374827255
493478732
436475221
377508972
417205381
493478732
335273915
371059069
493478732
322330443
268905931
364572230
436475221
64727577
412430774
424542772
436601079
436475221
491956405
35919544
487017965
406644031
64727577
440254524
285889134
424542772
382577091
440254524
436475221
338006241
335273915
486070284
436475221
425641867
285889134
338006241
436475221
59295972
558520984
318956929
448573243
360731630
465882551
338006241
440254524
550128895
429100510
436475221
458621772
337896883
452497121
436475221
438790125
374827255
440254524
492216809
316885992
412430774
429100510
356556865
323788440
377508972
440254524
281444341
346158301
374330538
315080199
285889134
384977499
364572230
384093017
440081795
272363365
348122251
427497992
320137837
372061132
24379452
486070284
412430774
348122251
436816419
354186569
436475221
371059069
364572230
434608307
272363365
403951103
348122251
457587640
486376339
417205381
272363365
486376339
465882551
337896883
354186569
435265093
348122251
450161204
372061132
24379452
348122251
347741366
354186569
479091035
372061132
436475221
493478732
59295972
64727577
436475221
486376339
276508497
329698315
442171535
583883798
267448698
412430774
364572230
452193922
372061132
345507721
413198362
430947692
555015038
472490826
337896883
440975547
349511131
416790896
331429121
364572230
348122251
425641867
452196727
399206936
310365760
425641867
372061132
436475221
63437579
372061132
360731630
398290930
436475221
586348740
440254524
436816419
486376339
372061132
430961284
316008355
59295972
430177000
24379452
440254524
325705919
440975547
448050450
318956929
348122251
305663722
440254524
329698315
355232914
435265093
486376339
371059069
417205381
436475221
469466200
486376339
454567221
440975547
364572230
388988609
486376339
436475221
372061132
364572230
486376339
24379452
272363365
436475221
584583240
285889134
398290930
24379452
450161383
486376339
35919544
325705919
429100510
36631580
583883798
370220403
372061132
33584228
316856195
27782040
276508497
364572230
59295972
371059069
395142202
272363365
456672052
280955835
464553674
63437579
338006241
371059069
371429717
403279693
372061132
59295972
276508497
586348740
268905931
364572230
586348740
372061132
430961284
374827255
417205381
584583240
438790125
436475221
586348740
337896883
439881766
374827255
378504392
458709087
486376339
583883798
400326598
430961284
586348740
583883798
584583240
440081795
412430774
584583240
583883798
591197110
348019216
440975547
22879889
479091035
590542828
583883798
412430774
285889134
416523494
486376339
586348740
31265209
