305656676
372409601
368625952
285879999
582180143
329480755
424816980
443484054
274299546
590287777
432985268
580968795
500971622
424816980
368625952
377889353
545471696
379299072
432985268
339813636
67795178
475970901
322090055
372409601
285879999
484749588
475970901
322090055
585466777
577101204
587330258
590287777
434334653
560404634
379299072
368625952
266436936
418578700
522731744
356002188
521349769
67795178
424793843
499734467
342579567
392030916
500788331
552027994
514989732
368625952
562929920
545471696
444059876
484749588
482804934
516829247
36088052
319284075
412581481
392590092
368625952
500526608
476043277
590511047
522010669
481682580
285879999
390158084
475970901
577170394
356002188
500971622
580315181
516829247
536053450
358542682
589234949
67795178
588868264
276745117
276360219
445180095
432117211
304704611
590511047
496040821
432985268
372409601
422797716
577101204
315450407
590511047
271258061
264336206
444059876
588868264
455712053
372409601
566051894
560404634
577101204
590511047
307378249
364077301
310121553
269831907
547840158
443484054
536053450
482804934
45765691
286249794
23312988
577170394
264336206
372409601
475970901
310121553
587330258
590511047
36088052
581766137
339219528
444059876
310121553
580172832
581769451
423138147
454342862
499734467
264336206
368625952
372409601
264336206
379299072
263514462
263514462
311859397
496040821
577101204
318437872
264336206
499734467
310121553
522731744
349451351
590287777
601254327
590511047
372409601
577101204
497875036
565626941
372409601
477407779
577101204
496040821
372409601
322751263
498521318
368625952
423138147
536053450
590287777
601254327
291919697
372409601
577101204
318437872
498521318
496040821
372409601
322751263
322682964
372409601
430841641
590287777
499734467
585979994
482804934
581024445
566675376
269831907
383834671
574593483
310121553
263514462
30284547
573312141
395188324
310121553
30284547
269831907
505962126
560404634
23312988
66803376
430841641
372409601
475970901
500944876
434334653
560404634
581376440
372409601
279778317
567243217
479346531
23312988
475970901
546436951
353784110
430841641
468322743
577101204
455712053
484749588
583985545
23079663
444059876
529719743
496040821
22545446
495863089
402778371
286249794
463804328
499557806
357028678
581024445
31440195
372409601
566051894
562349149
30284547
587330258
358542682
67795178
266436936
306115615
481594714
573443573
582180143
372409601
585466777
591870524
573443573
445180095
444059876
264336206
573443573
392590092
480022056
577101204
573443573
412581481
377889353
402153354
499734467
347949456
263514462
529719743
430841641
475970901
573443573
489639961
543830189
455712053
392590092
444059876
581546636
344930708
580315181
587330258
310121553
358242781
500971622
436844931
269831907
522010669
475970901
356505251
363634382
310121553
307491559
364077301
546436951
310121553
418578700
368625952
339813636
324442670
264336206
368625952
379299072
263514462
573443573
264336206
270460832
412289682
365335845
496040821
530814025
486307675
560404634
435840234
546436951
299796987
460159550
577101204
423138147
356505251
372409601
392030916
423138147
529719743
444059876
496040821
475970901
372409601
496040821
339219528
392590092
496040821
475970901
514537966
442155029
527803240
536053450
286249794
372409601
337907434
67795178
546436951
372409601
269831907
498521318
372409601
536053450
581546636
356505251
498521318
496040821
434334653
536053450
363634382
496382679
577101204
482804934
536053450
547840158
379299072
546436951
582065858
392590092
329480755
30284547
406898410
394142121
263514462
347949456
377889353
379299072
483326375
271258061
305656676
266436936
563896079
475970901
581059043
28607921
499468135
390158084
432117211
412581481
482804934
28607921
315450407
412581481
446094753
443484054
510438509
27038837
412581481
269831907
573312141
344930708
264336206
23079663
432117211
344930708
405289229
545471696
499557806
45361087
550572569
475970901
560404634
489639961
357028678
506802992
372409601
305656676
400235932
383834671
299796987
515725776
445180095
322751263
377652396
353784110
29557266
449151100
358413709
264336206
443484054
332526106
305656676
372409601
425094947
500788331
364077301
424793843
347949456
264336206
342848373
412581481
405289229
377889353
475970901
364077301
498521318
539606200
565626941
424816980
569401789
312597531
28607921
67795178
412581481
269831907
356002188
565626941
307491559
432985268
499557806
423138147
305656676
539606200
377889353
472520535
368625952
311859397
444059876
434334653
535289420
311859397
499557806
588868264
496040821
498521318
478178444
53154374
379299072
356505251
412581481
442155029
496040821
482804934
573443573
268845472
330370069
496040821
315450407
342848373
356505251
310121553
577101204
356505251
322751263
577101204
547840158
445180095
20724529
372409601
577101204
547840158
356505251
577101204
372409601
363634382
423138147
547840158
577101204
372409601
577101204
477407779
581546636
577101204
67795178
265663278
372409601
322751263
311859397
412289682
29601329
266436936
27038837
35685961
432985268
500971622
543830189
269831907
311859397
583365854
522731744
372409601
377889353
461909565
434334653
577170394
27038837
315450407
566051894
339813636
339219528
22545446
356721436
412581481
322090055
546436951
390629083
322751263
516829247
379299072
400235932
539606200
500971622
589234750
372409601
592065309
432117211
412289682
496040821
423138147
363634382
432117211
500788331
434334653
495473326
565626941
269831907
364077301
363634382
603390188
566051894
499557806
423138147
424793843
22545446
281168665
475970901
276745117
319284075
344930708
322751263
507216012
379299072
339219528
375249842
379299072
406898410
581546636
322751263
377233559
356505251
288204584
531225278
300119402
499734467
363634382
269831907
319284075
322090055
318437872
356505251
372409601
406898410
475970901
496040821
431404839
342848373
574593483
322751263
577101204
496040821
320604277
482804934
356505251
601254327
478178444
368625952
445180095
311859397
67795178
342848373
383834671
64890673
314043995
461909565
268845472
264336206
290475327
577101204
363634382
269831907
322751263
358413709
27038837
322751263
392590092
577101204
372409601
377652396
356505251
307491559
476043277
423138147
339219528
581546636
356505251
445180095
392590092
322751263
329947764
536053450
372409601
481682580
536053450
322751263
372409601
402778371
498521318
412581481
372409601
392590092
498521318
372409601
319284075
475970901
498521318
522731744
310121553
496040821
356505251
329480755
268845472
425094947
372409601
444059876
266436936
565626941
392137976
446094753
305656676
483326375
412581481
356002188
322090055
482804934
496040821
515249410
476043277
286249794
530814025
519137970
30284547
322751263
400235932
547840158
392030916
263514462
67795178
305656676
36088052
445180095
423138147
308242431
566051894
517897934
329480755
377889353
288204584
402778371
337907434
390158084
364077301
274299546
418578700
375249842
269831907
320046767
358413709
484749588
299796987
322751263
339219528
499557806
