445536824
20196771
377997226
21492371
39024965
24741886
27846020
27905828
24217601
38746521
27905828
39024965
25669110
23399218
39024965
27905828
24741886
273894296
24217601
445536824
50098906
24217601
505216708
23399218
37443761
23399218
505216708
50098906
38746521
303099939
24741886
372356255
345105191
303620800
345105191
24741886
377651952
24454784
24741886
377651952
21492371
395268315
21492371
445536824
505216708
31169951
445536824
23399218
24741886
377997226
39024965
27905828
346558483
579247577
66476772
23399218
445536824
468657149
39024965
23399218
27455749
445536824
573144061
25669110
21947390
24741886
67577002
345105191
303099939
445536824
21492371
345105191
445536824
50098906
345105191
398502474
50098906
377651952
24735667
445536824
377997226
27905828
445536824
505216708
421523777
445536824
377651952
371149430
377997226
445536824
50098906
24741886
573144061
24217601
39024965
445536824
24217601
39024965
24741886
421523777
359835484
24741886
573144061
24741886
24454784
39024965
445536824
24454784
39024965
573144061
445536824
584800407
27905828
50098906
573144061
38746521
24741886
24741886
445536824
39024965
24217601
50098906
39024965
23399218
39024965
25669110
445536824
25669110
24741886
445536824
50098906
445536824
573144061
573144061
580589857
50098906
573144061
584800407
24741886
573144061
24741886
573144061
507453394
579247577
24454784
