23259962
518443038
390850205
443890858
375862318
338697180
462300300
384284424
373368238
481780836
368912313
267631155
509287713
481780836
341037576
65049578
548332897
481780836
375862318
373368238
439645533
462730560
523540342
455766099
462205949
452768678
523540342
318029752
391896207
302440415
21544783
439645533
439282443
323461438
548332897
425469463
21488290
481781299
334770773
610881297
400896049
520986451
546201357
441370201
542223862
326767356
610881297
269443486
338359496
388748047
407780484
269443486
481780836
407419968
23259962
462205949
384858984
399834271
338185564
298031547
58286891
58286891
56178396
440069095
407419968
527482165
438423333
533477398
481780836
399480530
469953096
329922551
336367454
48795525
481780836
269443486
547618793
610881297
547618793
481781299
68511222
610881297
268137448
462205949
385573033
21718597
481780836
399834271
458880043
485144320
481780836
52148563
296243281
357126116
481780836
548415880
610881297
427687658
541093470
61144107
481780836
29720042
547611851
460425557
21782713
467732932
68511222
357783985
527482165
56178396
357783985
527482165
56178396
21544737
487175787
467732932
437755227
417794004
462205949
610881297
527482165
462205949
610881297
462016952
392330719
392330719
440848456
279602111
610881297
309162141
65049578
610881297
451350367
329151188
441108143
610881297
348908377
424756216
591909346
484561028
31298277
610881297
462205949
481781299
363280372
390927764
481780836
481781299
353277653
481780836
363280372
460956433
363280372
460956433
434884483
591909346
451350367
335330829
415264645
397795254
298031547
452448960
338359496
443099100
363280372
481781299
385573033
399297530
447245624
19555761
438146455
383663055
48795525
36715663
375862318
442433629
396039524
474103933
523540342
441941296
384858984
465051750
325824142
523540342
370018562
318029752
21718597
68254661
318029752
26410769
317531491
394230663
610881297
548332897
375355424
472777816
389535069
263650965
338359496
462300300
450349564
546201357
542223862
548332897
462581979
341037576
392767972
400896049
481780836
523540342
546201357
384858984
34615404
357157020
434779426
432619933
499410179
458054595
501193725
21488290
329922551
380980148
373368238
443099100
36518243
487175787
373368238
474103933
462205949
49714690
481780836
448338316
330636415
422117177
462205949
413221154
548332897
330932126
31924002
456937834
54475162
523540342
445437546
388748047
499410179
425526947
523540342
531799638
523540342
443423456
441370201
437624698
388121942
396039524
523540342
384284424
418720567
424869754
523540342
455766099
309162141
523540342
337215851
443890858
411797691
471981086
523540342
481781299
21123861
511116359
381722705
452031631
424869754
477854719
395703425
372111551
399834271
424869754
523540342
21782713
309162141
371450755
384284424
496167804
373235946
523540342
267404680
407419968
461892954
384284424
349112689
462205949
439282443
421380240
34615404
523540342
21290061
391442695
479329529
461486172
451350367
304986895
330876709
452031631
481780836
19555761
447814606
318029752
324349283
447814606
462205949
19556328
65049578
21782713
474103933
384284424
56178396
350862346
342049841
548332897
453739647
462205949
348456205
392463277
484988453
339435010
481781299
456522839
486399824
342750742
448423875
313960520
458626642
409392651
487175787
375862318
330932126
548332897
338359496
57515703
403632719
441370201
450668838
431826464
380982036
481780836
33032608
526132122
474103933
481780836
370281300
433276115
328920216
371955700
481781299
488154455
318029752
433276115
345991135
384284424
68511222
336298756
320103627
439123927
318029752
451061437
363280372
319073406
524779134
425526947
386094896
330674122
370904315
68511222
474103933
302530200
499410179
373368238
27584579
383073612
481780836
523540342
428297361
330932126
481781299
326770139
470071040
437621469
330674122
392573845
329922551
523540342
318029752
342750742
402308166
424869754
445313297
411797691
357783985
318029752
330932126
424869754
431209085
63580647
481781299
384858984
399480530
396698171
452031631
358688684
433356588
392239887
412050245
357783985
329922551
389958307
309162141
523540342
21669475
389958307
309162141
21123861
523540342
385925374
369712786
318029752
309162141
391442695
380982036
327213756
391442695
481781299
462205949
320103627
357783985
523540342
479329529
523540342
318029752
428789822
330932126
523540342
39509971
380254794
31138578
331856701
34615404
55074585
442433629
269443486
403632719
381316663
485144758
332699756
318029752
509287713
383106310
345991135
31940714
55999605
530627093
21782713
339584023
338359496
322782538
460222991
393991139
433326161
380982036
539464970
338359496
385743135
454984879
64929781
401184772
28220874
455169744
459487513
319608579
326770139
523540342
405774215
398504316
28547002
442433629
388748047
348456205
481780836
330636415
442433629
466593896
368912313
65625894
274306490
513547091
342049841
329246100
462300300
342684936
336298756
42172838
580645593
481780836
300676521
323461438
453983351
570430786
383106310
523540342
452031631
388748047
467732932
68511222
546201357
393316254
526132122
380982036
20605615
329246100
422117177
546201357
344267650
397868307
424053286
329246100
269443486
371391541
463643083
336412477
324349283
481781299
424869754
65049578
318029752
462205949
367855705
424053286
453288138
411797691
424053286
32284589
318029752
393316254
424869754
455792126
424869754
318029752
363280372
523540342
436513728
303750113
384284424
526132122
342684936
349112689
363280372
481780836
318029752
394848381
342684936
378091902
447649956
391442695
318029752
462205949
380982036
363280372
462205949
424869754
383106310
385573033
430940659
395866574
393316254
401184772
457904872
462205949
49714690
309162141
481781299
357783985
342684936
30298292
34615404
318029752
452031631
391442695
380571848
433162985
391442695
363280372
523540342
518443038
401846223
37269201
399834271
451999615
503468208
544061920
403632719
425526947
302530200
385705209
302440415
29068598
348003918
394230663
441966908
304125850
370230309
447686513
342684936
319073406
610881297
65049578
437221694
372283918
330636415
429343203
20364508
470071040
400896049
307352116
371955700
376109968
501534927
371391541
481780836
412825514
424869754
462581979
368002016
456322521
481780836
424869754
319073406
462205949
391332622
24714603
330999556
380982036
331554204
447499931
323461438
300676521
330636415
456937834
438081193
381316663
29720042
304986895
21782713
380254794
523540342
540115911
433356588
424869754
318029752
