546417006
473012011
587441566
527240687
532187032
586954256
493852166
440634004
489634801
586913814
492922985
527240687
489634801
360729026
580804229
529747961
493852166
434385305
527240687
451216996
591419177
587441566
360729026
586183914
587441566
580804229
587441566
388479000
532187032
432569674
341516459
532187032
539140031
587441566
532187032
567193166
532187032
587441566
527240687
489634801
320828485
587441566
532187032
587441566
587441566
587139361
587441566
432569674
493709026
493852166
580944275
527240687
587441566
586487479
432569674
583133580
451216996
322909267
587441566
580804229
580944275
320828485
489634801
527240687
586916689
432569674
532187032
527240687
588521571
586954256
493709026
587604607
580804229
583133580
532187032
587441566
591419177
434385305
440634004
556195933
587441566
531019124
492922985
556124385
432569674
493852166
567193166
587604607
360729026
556195933
