489886109
492317882
265307287
56959571
37172125
488154186
434165318
509345061
584090294
553362865
510346851
395498350
406825621
497065882
22415688
392146252
399357476
480544297
425230134
580044264
399627606
491381582
63302299
498861818
493158642
420571131
503892434
394648641
496637268
553362865
382255250
477754957
319891322
451719593
315853983
267641932
362082685
351716657
341264268
395616614
503892434
577948711
477787423
319686389
29971134
512154119
433008684
460524805
532453774
27292271
455035884
399627606
494429210
371513601
267641932
440951082
402829339
399236373
475916969
503892434
591306179
420571131
382255250
572704086
319686389
508018942
450262784
319686389
54990208
22495605
319686389
420571131
319686389
420571131
319686389
503892434
319686389
503892434
319686389
503892434
591306179
580044264
319686389
27292271
503892434
362082685
27292271
332096916
364680554
374963290
431050442
47709044
319686389
319686389
382255250
503892434
380962619
489886109
320764881
402468953
433200806
56959571
434165318
462890140
387576226
462396411
423165249
41064002
392146252
391607179
580044264
27292271
52692820
503892434
429810904
452827346
359971494
429011773
442848799
473576485
486579337
431684960
521129875
493158642
420571131
392458520
43457183
394648641
464510968
266650475
394802874
367234142
459424675
445711152
319686389
469017573
37172125
39361905
267641932
381539365
37172125
25870865
401857481
311445737
433008684
63771039
37172125
36519639
553362865
587560858
503892434
286795711
499692395
319686389
406594127
443293834
507255938
267641932
63302299
440951082
25870865
402829339
589021476
414377816
586373668
406825621
393926341
31441659
397976521
296550999
313430569
42887713
420571131
37087099
319686389
503892434
390700685
382255250
319686389
586373668
531952933
319686389
369372066
395044805
531952933
420571131
319686389
392458520
420571131
319686389
503892434
326109303
589021476
374963290
449330487
319686389
311908622
580044264
503892434
37172125
47709044
319686389
531952933
464674041
319686389
339743498
479100603
420571131
391294905
296550999
420571131
319686389
319686389
343813861
488604738
320764881
423931298
339743498
420669845
436999289
465417844
431071524
397051737
584090294
450845214
420248307
405762374
456561170
477615871
456460491
448065047
406825621
399069342
429744212
497065882
63302299
22415688
438519080
479074364
478216001
395770427
366291121
398439554
397364685
27292271
447775599
392874413
495384950
63302299
413971447
414126759
465976363
514628956
431684960
361227558
445644585
35694327
437940092
503892434
394802874
587560858
362082685
354812256
474819676
63302299
461203061
406517883
319686389
27292271
311445737
297323153
392458520
47709044
425659858
27292271
587560858
460524805
587560858
349853525
531952933
442722439
432841571
267641932
317698969
319686389
37172125
399236373
393926341
267641932
335836798
442722439
362492269
348355497
483066402
591306179
420571131
382255250
348355497
319686389
343813861
580044264
319686389
580044264
420571131
357420292
328450244
531952933
420571131
396472392
321638539
319686389
503892434
391410247
27292271
509787666
319686389
420571131
587560858
588423417
420571131
589604794
37172125
364680554
420571131
319686389
420571131
319686389
420183235
51539012
319686389
359971494
319686389
391294905
420571131
538459095
430482550
367985405
420571131
319686389
531952933
420571131
63302299
587560858
382255250
587560858
579094686
420571131
587560858
319686389
334714364
320173281
462396411
577676419
421387528
402468953
488154186
553362865
433008684
480544297
503892434
442848799
382255250
503892434
319686389
267641932
381539365
36519639
503892434
532453774
406825621
42887713
27292271
531952933
29152562
22495605
319686389
362082685
420571131
420571131
306751001
