558156611
494186396
557826296
610798764
543806308
609787841
574761361
543806308
578109697
609787841
578109697
583371085
544023859
570795369
575287479
609374912
525174228
603550424
568027109
605350828
609374912
610798764
578109697
538647020
609374912
441451343
565843938
574761361
401218034
543806308
583371085
601963370
574761361
578109697
586797631
578109697
544023859
583371085
568193977
378643476
543806308
570795369
536915819
610798764
543806308
578308023
543806308
547968295
464233517
610798764
574761361
578109697
605254194
579649990
610798764
544910730
543806308
605254194
609787841
578109697
604834674
578109697
568027109
605254194
574761361
578308023
574761361
570782716
578109697
