304017983
365229270
415017044
265992607
365229270
566555772
327634270
518453588
365229270
46837640
609744675
338185430
603308371
365229270
327634698
267876980
46837640
365229270
526597003
326921427
609744675
543207254
581001274
315423250
415017044
365229270
278334413
326738311
420995997
347759056
375451037
478401174
566555772
455573889
329763306
565154081
365229270
377039307
582978380
600018818
540378923
268741690
365229270
565154081
609744675
268741690
268471298
559577525
323881753
582978380
600188692
361768853
327635144
326724490
565154331
315423250
361768853
565154081
365229270
304017983
581001274
374150276
284624392
600566696
323987179
429717988
327634605
326766199
600018818
478401174
603632438
328296709
326437707
603308371
327634634
315423250
478401174
315423250
582978380
278334413
565154081
329763306
559577525
326828740
569336561
566866771
565154331
365229270
566866771
365229270
581001274
566866771
365229270
327633429
268741690
566866771
315423250
608309171
552631420
374150276
581001274
565154081
271019101
356492166
327635144
565154081
338185430
582880043
581001274
566866771
431116088
582880043
609744675
268741690
343981896
582880043
581001274
566866771
581001274
566555772
329591435
325380871
476534188
565154081
509772844
566555772
565154331
409521127
268741690
315423250
407163043
605868353
603632438
602871800
268741690
600018818
409521127
600566696
603632438
415017044
602871800
603632438
332054525
581001274
478401174
581001274
605868353
603308371
558272926
603632438
600018818
600182743
602871800
600566696
607171514
600182743
603308371
565154331
558272926
542686884
326724490
412895930
