36235794
335590688
284014214
588205714
439451761
285243628
284014214
588205714
520329136
343668854
439451761
285243628
28745867
483807469
36303800
285243628
268870752
459964122
284014214
588205714
285243628
382617871
268083823
588205714
284014214
285243628
382617871
517409633
588205714
268870752
336717781
517409633
588205714
268870752
541457716
381410935
588205714
268870752
24291763
459964122
386683410
588205714
517409633
24291763
268870752
334351536
588205714
440811638
24291763
517409633
336717781
588205714
540700155
515608700
588205714
517409633
381410935
365032268
588205714
285243628
381410935
24291763
514680501
588205714
284014214
381410935
322481223
285243628
27313459
588205714
28127990
483807469
439451761
588205714
519803637
396135646
381410935
268870752
588205714
284014214
47003444
462458546
268870752
382617871
483807469
517409633
66074389
28538556
268870752
381410935
270733354
514680501
302646555
381410935
284014214
382617871
266249620
525136209
439451761
382617871
336717781
20571226
285243628
517683555
588205714
336717781
381410935
525136209
38844763
20266813
588205714
578533983
462458546
515608700
365032268
584871120
519803637
588205714
334351536
336717781
381410935
567692912
284014214
381410935
469075020
387952428
381410935
323252062
20571226
381410935
285243628
540700155
515608700
381410935
540700155
471501667
576684815
284014214
322261810
285243628
486838514
284014214
26502759
540740156
284014214
268870752
284014214
381410935
47003444
322139348
284014214
515608700
365032268
32044961
47003444
284014214
381410935
24288178
540740156
66074389
588205714
584871120
20571226
47003444
268870752
24291763
439451761
285243628
312079427
439451761
48922931
47003444
588205714
381410935
322481223
34882692
284014214
24291763
268083823
47003444
515608700
517409633
436735666
284014214
525136209
48299818
588205714
541457716
266249620
24291763
588205714
336717781
585174430
342962014
440811638
319456151
285243628
47003444
405786378
32044961
381410935
378785415
521645185
334351536
588205714
381410935
588205714
498113747
284014214
36900391
515608700
66074389
322481223
271411134
381410935
517409633
439451761
336717781
20571226
30694234
24291763
540740156
405786378
336717781
541457716
284014214
405786378
588205714
540740156
336717781
268870752
24291763
322481223
32044961
24291763
588205714
387952428
284014214
517409633
277171095
514680501
381410935
541457716
28127990
29829644
302646555
567692912
284014214
60539977
36900391
66074389
322139348
515608700
382617871
322139348
305160275
515608700
20266813
396135646
588205714
365032268
541457716
284014214
20571226
525136209
30878782
285243628
20122212
285243628
277171095
24291763
336717781
66962100
24288178
459964122
322481223
302646555
268083823
66074389
24291763
381410935
439451761
24291763
280236630
61941909
405786378
36303800
342962014
307391204
439451761
24291763
552454466
32044961
322481223
337133086
266249620
517409633
284014214
439451761
381410935
20438688
569402263
510577668
347726083
447493942
405786378
336717781
266249620
460698535
268870752
405786378
365032268
280236630
319456151
588205714
336717781
322481223
381410935
24288178
515608700
24291763
541457716
515608700
319456151
30694234
28549834
302646555
517409633
60023124
592082209
381410935
365032268
515608700
322139348
510577668
439451761
266249620
459391103
66074389
365032268
278975150
20266813
588205714
567692912
439451761
23462511
365032268
517409633
433965139
334351536
20873863
21745687
24291763
396135646
268870752
36303800
268083823
271411134
23453521
38844763
285243628
284014214
322481223
439451761
439451761
24291763
352465864
323836208
22979922
462458546
268870752
396135646
47003444
32044961
334351536
322481223
515608700
381410935
517409633
387952428
322481223
334351536
336717781
462458546
284014214
336717781
334351536
322481223
447493942
21745687
322481223
462458546
24291763
567692912
381410935
469075020
21745687
64209074
515608700
365032268
284014214
24291763
515608700
531639583
266249620
346422364
302646555
66074389
284014214
517409633
36900391
439451761
374865051
30964803
66074389
531639583
439451761
439451761
448716960
36235794
335590688
439451761
515608700
66074389
24291763
439451761
22979922
48299818
483807469
588205714
48299818
459964122
515608700
336717781
20571226
401026686
483807469
462458546
266249620
30694234
36303800
337133086
266249620
540740156
531639583
24291763
517409633
266249620
302646555
21745687
517409633
459964122
322481223
423823272
447493942
515113637
322481223
44334109
66074389
268083823
284014214
396135646
66074389
30694234
567692912
462458546
337133086
515608700
48299818
336717781
48299818
302646555
28523947
462458546
29829644
