608918677
602717301
383196430
578266722
591070155
608918677
592210930
610094088
578261623
607262182
590068056
360516738
578266722
591223794
591001235
590068056
372374325
578266722
608918677
590068056
591371080
571363751
590958944
591221424
581004269
591443926
590068056
591169863
567210387
581004269
590068056
578266722
569793871
591169863
590116786
591221424
580669024
585790165
580669024
591001235
576883917
590958944
67961879
580669024
583993119
521498342
576883917
587594511
509315244
578143092
590068056
576883917
591771808
578073731
591149522
583993119
383454699
571363751
590068056
590841905
578266722
590068056
583993119
571395593
591954043
578266722
483591149
574526568
590068056
568153970
571363751
586893869
483591149
581004269
577735381
583993119
590068056
483591149
577090599
578266722
565577151
579046466
577090599
568368549
581004269
568154204
568402120
568154345
483591149
529980492
568437060
581004269
561616235
572318333
370636337
571363751
560123510
561616235
568153970
555092519
587884687
568366643
568153970
568392906
573119893
555092519
559894537
569324169
573119893
565403146
560123510
555092519
570373114
561616235
571645045
555092519
370636337
568153970
550204654
568153970
540349751
546764335
509315244
542738221
568153970
541860675
365320231
544266205
542962182
521498342
323885450
541860675
521498342
531295609
365320231
550544587
533527028
567801389
383454699
527909842
521498342
317211542
525264642
370636337
514306954
525264642
527268019
527548105
521498342
533072818
509874886
370636337
527683899
509874886
533072818
526716161
370636337
495117699
477138639
483591149
370636337
485769404
425317068
370636337
419049347
370636337
370636337
370636337
578266722
590068056
486095545
581004269
292365245
568153692
576883917
561193370
578073731
568154204
572125524
578266722
578073731
589606026
571363751
435950492
587215550
372869335
590068056
567186135
581004269
578266722
483591149
577090599
568153692
568388086
577090599
581004269
568153692
574526568
567210387
581004269
568154204
577090599
568368549
555092519
576540703
555600877
577090599
567210387
578073731
566010902
568366643
568153970
67961879
590804751
581004269
568153970
567800614
541860675
568149271
555600877
568153970
576883917
568366643
546764754
564789069
568366643
557103200
514306954
568368549
560235780
568153692
548345608
583993119
474037241
557103200
544206763
541511303
557103200
541860675
550544587
537253717
513781745
542962182
541759553
521498342
533631266
559894537
559405808
370636337
385866553
533631266
542738221
527268019
529919225
534730384
521498342
541860675
530029556
281944505
544206489
528079792
526717673
521498342
529919225
525161816
527683899
530029556
529072406
529919225
535424577
533638431
527760516
533072818
527268019
370636337
531701334
529919790
528129150
370636337
510174685
525264642
528129150
370636337
463115329
525070135
510174685
527268019
370636337
513655663
405224537
492501529
370636337
483591149
533072818
485894541
39005451
501725363
370636337
485316715
280574081
475631524
370636337
472324056
466502848
370636337
335155809
370636337
435950492
370636337
429774535
370636337
429774535
338801937
297858588
578520065
574526568
568219876
574526568
568153970
581449263
568153692
567588080
571909146
568368549
590958944
561616235
569793871
562522233
568392906
483591149
567586758
577090599
575279004
568153970
541429230
542169996
568341268
568153692
556450630
542669833
544678310
544210093
537480726
555908753
529068426
490024260
541588480
544210093
541860675
538351789
529919790
370636337
550544587
530014969
490024260
359771898
533631266
530119235
534566224
537236998
349101862
532349922
530025322
530029556
343345373
514306954
530025322
568154345
531671273
530025322
533205665
534779716
533638431
530797081
523322297
513785236
514306954
531701334
507933640
449803321
530025322
525161816
514306954
512374091
521498342
525434171
512374091
509874886
512374091
280574081
490024260
494475276
512374091
500023476
521498342
491440853
460747635
512374091
494475276
419049347
280574081
529970228
480705244
487273199
485008192
475098461
482338445
483591149
370636337
481787115
465489855
448887887
370636337
465489855
448305670
281937109
435950492
372869335
325323296
370636337
437062027
383454699
421102542
454027812
39005451
399846568
411806545
405688175
318465638
414843138
410991788
381670736
387510032
388124050
375344520
357048266
396315673
372506842
279231305
370637654
396315673
349101862
396315673
349101862
577090599
575518829
570186736
575926516
579046466
576883917
587215550
568388086
528869125
568368549
568153970
571852155
568153970
568153970
372374325
567801389
546208351
529992546
531645316
519095544
533634071
509874886
513781304
370636337
485713166
474037241
370636337
483591149
460747635
383454699
483591149
460747635
280574081
447423943
370636337
481787115
437085029
437085029
436304113
414644134
438914819
429774535
411806545
372869335
414843138
411330520
372869335
396315673
395837704
375344520
389921036
370637654
370637654
372506842
360837815
370637654
363512237
372869335
366134825
370637654
355587045
346199237
361325968
341924346
360837815
338378919
346199237
571717215
568388086
580669024
578073731
574008605
575926516
571315656
568366643
578073731
568392906
488464304
568644018
372374325
568218504
567210387
558537413
514306954
571363751
54482028
568153970
567586758
568214159
530159223
568153970
550544587
317211542
546208351
532054077
528079792
521498342
529919790
531645316
514306954
527760516
533631266
383454699
527268019
524799263
509874886
370636337
489363716
509952681
502658427
512165130
405224537
509874886
491438343
513655663
