496911265
302151534
38017084
302151534
21037765
36167952
330627864
371343556
36167952
567714596
36167952
545551948
562951794
36167952
32037412
36167952
56348865
302151534
36167952
21037765
32037412
36167952
36167952
32037412
36167952
38633636
368527226
36167952
278836986
36167952
36167952
56348865
36167952
54543432
36167952
64869961
36167952
549554370
56348865
552718796
21037765
36167952
563830444
549554370
569073037
549554370
544649980
302151534
64869961
21037765
528103910
567714596
36167952
21037765
48004730
36167952
36167952
