48149525
502857244
443381209
40501872
66073737
46610092
527266589
66073737
386759721
22762092
46610092
352115224
350511238
62935608
572906342
66073737
512138599
66073737
66073737
319344809
432564618
66073737
347031658
319344809
383628616
66073737
347031658
66073737
591440518
386759721
66073737
46540801
319344809
66073737
29354276
66073737
66073737
301133942
386759721
66073737
512138599
347031658
386759721
263511555
386759721
33588937
386759721
282753719
46540801
386759721
301133942
432564618
66073737
591440518
432564618
338604495
512138599
46610092
392536547
386759721
443381209
319344809
443381209
392536547
399729325
587820536
512138599
432564618
591440518
432564618
386759721
344320286
591212870
40501872
354329815
590621636
443381209
386759721
40501872
386759721
383628616
579829278
62935608
386759721
579829278
428222103
386759721
591212870
386759721
502857244
432564618
386759721
502857244
386759721
392536547
386759721
579829278
386759721
591440518
579327109
335774447
386759721
432564618
587820536
66073737
591212870
590621636
48149525
383628616
386759721
66073737
318853362
579027474
66073737
318853362
46694929
319344809
347031658
46694929
392536547
46694929
443381209
33588937
383628616
46610092
46976776
66073737
383628616
443381209
46694929
344460752
382246889
443381209
294022618
367503040
386759721
62935608
474912025
40501872
386759721
338604495
46540801
37973139
46610092
344320286
499284842
478347711
387339474
339480976
439376235
474912025
404701670
347031658
40501872
549148249
338604495
351782084
66073737
455844127
46610092
512138599
432564618
350511238
351782084
517435647
319344809
351782084
339480976
386759721
492915042
392536547
492915042
319344809
351782084
350511238
319344809
46540801
517436014
383628616
492915042
450968857
351782084
492915042
432564618
478347711
319344809
492915042
490751728
517436070
344320286
319344809
46540801
338555059
344320286
392536547
350526821
344320286
386759721
392536547
40501872
344320286
432564618
386759721
40501872
383628616
344320286
474912025
392536547
470885890
40501872
432564618
470885890
263511555
492915042
344320286
502857244
470885890
386759721
432564618
351782084
386759721
449181448
492915042
432564618
386759721
344320286
40501872
319344809
386759721
344320286
432564618
351782084
386759721
379182314
263511555
40501872
492915042
386759721
40501872
492915042
386759721
573891341
474912025
386759721
432564618
392536547
386759721
46976776
392536547
386759721
351782084
443381209
46610092
65043595
66073737
386759721
263511555
386759721
301133942
422674745
65043595
591484216
46540801
549148249
581096620
579829278
587820536
40501872
351782084
522052647
46540801
432564618
388816163
40501872
46610092
40501872
590621636
392536547
386759721
591212870
492915042
492915042
530753916
579829278
554959960
572906342
590068203
502857244
587820536
383682288
586369396
590068203
579829278
587820536
579829278
587820536
