48406127
376760641
35668858
48406127
25154523
48406127
31477547
48406127
336610476
267004621
398980485
278152392
48406127
318422864
442262874
438166975
48406127
31477547
588243936
442519813
336468694
318422864
582037373
336610476
38486798
499910904
38486798
346595818
48406127
38486798
442262874
366816572
355542838
583163587
30113934
48406127
278152392
376760641
582037373
392165850
278152392
584001674
529621624
429195167
588243936
318422864
438166975
30113934
31477547
426181616
48406127
336610476
346595818
586921706
582037373
394720699
461651194
582037373
346595818
442262874
30113934
582037373
442262874
438166975
582037373
435633644
442262874
346595818
582037373
355542838
360914460
582037373
31477547
379034399
355542838
336610476
30113934
442262874
394720699
390731907
442262874
48406127
355542838
30113934
336610476
567831728
30113934
394720699
30113934
585868265
354242303
265205015
426399449
30113934
591581605
355542838
397359704
37310938
582037373
30113934
461651194
48406127
30113934
48406127
442262874
267004621
366816572
583735099
48406127
426181616
57766882
435633644
352822266
360914460
31477547
355542838
583735099
394720699
469185191
583959469
584423583
48406127
