432238054
591650808
479689399
571898632
580816785
548285070
25058826
573251414
569347457
432238054
590170562
50947794
570157750
432056369
575247440
464088473
576716569
348318851
523205710
572262587
432238054
577282461
524364957
572262587
590536995
516659125
570583804
490687632
393928546
591678117
576637304
576743656
591299295
569332753
576902114
576902114
464088473
314485830
572516480
524980071
570583804
572492273
582035648
579604653
570583804
589991855
591650808
452031529
528520538
610745711
574092251
312683643
572468272
572468272
589978016
571855609
562229354
571363751
314786797
571898632
586620393
587237029
589979585
586793449
466447191
591678117
582881424
479689399
573867453
464088473
490687632
326487228
270730330
326487228
270730330
480341693
396466751
582952254
590068056
581338613
591650808
569332753
569332753
279094526
464088473
444047397
377238099
590536995
581160121
572063075
572063075
585578071
554982572
583369995
59223592
524364957
591650808
589991855
569332753
490687632
432238054
392944337
570157750
571788627
312855884
585994403
312855884
585994403
490687632
537963378
569363308
590536995
585994403
464088473
514936527
569332753
584355792
284461196
490687632
573170316
576902114
585994403
523205710
523205710
571841331
490687632
582881424
564085953
585986236
490687632
472849760
518053543
577282461
488451423
610729322
555526175
569363308
355542937
562464833
574025664
383913946
591678117
513172045
605173932
330778881
490687632
390974508
432238054
589991855
571148652
557258158
570583804
585994403
572281294
572281294
591650808
610954488
524980071
313003884
464088473
579604653
587361602
562926588
587361602
562926588
589991855
483591149
591678117
516659125
490687632
590536995
581152399
490687632
314361310
488451423
592088432
490687632
569347457
524980071
524980071
611066047
403887302
479689399
518053543
589841227
581152399
591678117
483349457
581338613
452031529
366854200
390974508
591647221
580203478
413547094
372165858
588927209
582476584
570583804
314212835
585986236
572262587
312825509
314361310
380126824
464088473
572967631
572492273
576883917
460157614
581639848
509458835
481920233
346965791
577282461
516659125
577658558
393928546
575247440
49668764
575106454
585578071
411261855
528520538
590068056
581307923
434115335
464088473
581338613
301460691
564927640
384931198
586620393
314361310
569332753
26709451
588927209
576637304
523205710
579604653
314786797
572063075
516659125
576902114
472849760
467357587
568402120
574025664
566853694
403887302
582035648
591678117
591367077
557258800
490687632
586620393
572516480
579604653
453908202
503723818
576637304
524980071
589911703
291515599
577282461
356544088
591678117
503723818
582035648
585994403
356544088
34721877
312825509
581160121
572063075
516690455
465244756
464088473
572063075
490687632
584355792
383105038
284461196
583960498
591250120
566596832
588031954
373450056
570583804
571788627
585986236
577735381
570583804
587361602
570157750
571788627
572262587
591678117
581152399
524364957
479689399
574025664
444047397
566853694
312855884
547377950
570583804
482274895
586907172
464088473
585578071
512072644
574025664
581338613
372869335
490687632
523205710
545900613
585035712
284461196
519008663
490687632
390459815
524364957
325191458
578266722
581338613
571148652
464088473
568366643
564624043
517627737
571841331
523549512
572967631
312890650
581338613
284461196
490687632
591678117
591650808
591367294
488451423
591678117
581338613
431284310
579604653
571788627
591650808
547377950
490687632
589991855
586793449
490687632
579651590
561240445
519008663
569363308
589991855
431284310
575057314
589991855
578450069
557258800
586465722
325191458
585986236
431284310
585994403
581338613
585518248
509458835
576775790
562464833
346965791
393928546
263928602
562926588
577159980
401450751
585986236
544147727
591156126
577282461
434115335
456883921
29508359
383913946
367188552
585986236
580936863
571395593
474757170
524364957
590068056
571841331
49668764
572257149
585728548
548251680
523549512
571835071
566438194
569611998
383105038
37272458
565015421
590068056
578073731
449273260
568594023
537963378
266823730
514936527
586802630
569363308
524980071
509390975
591250120
410933804
65175797
452031529
506196438
431674358
587361602
575066675
586793449
577282461
524364957
325191458
583724346
569990735
591155672
356544088
572516480
586793449
557397625
581338613
524980071
585994403
569332753
552094715
564213881
543281005
581338613
390974508
354586674
572967631
528520538
583369995
569363308
573251414
562464833
576886277
571363751
570583804
490687632
588472162
435781220
312887880
480341693
321865618
591678117
569363308
591231478
564085953
402975078
572967631
490687632
284461196
587058285
503683040
394967515
490687632
569332753
583559261
528520538
591231478
468267493
576733838
524364957
408539589
512072644
581338613
587237029
566853694
366095004
464088473
572257149
371402596
524980071
348320630
540385719
516292908
561716214
330778881
314786797
589929409
439358661
590536995
541542868
503723818
571898632
589841227
562926588
524980071
557424962
279094526
590536995
490687632
572468272
516659125
490687632
590068056
464088473
393928546
542399346
490687632
583269649
464088473
438675088
524980071
590170562
587968366
576902114
314361310
488451423
472849760
591650808
536865438
577175666
404550354
536865438
581338613
570583804
571841331
490687632
58718571
490687632
575556235
578261623
490687632
569363308
569332753
313703950
481838845
34721877
578266722
590170562
536865438
284461196
575702655
509874886
479689399
372165858
509874886
545900613
581338613
536865438
377238099
547377950
585035712
540775787
572262587
545900613
313703950
354240946
464088473
561616235
483231374
377238099
528520538
452031529
576883917
524364957
578450069
321730778
557258158
571148652
543742301
586859513
565087647
587968366
411261855
521367723
569363308
428857612
588927209
557397625
546274713
562162178
581369915
571841331
315245816
390459815
587058285
588031954
568683403
270730330
512072644
444047397
584355792
517471688
586793449
542399346
581369915
583369995
450143315
483591149
574906081
30138638
455458365
571148652
495117699
572257149
543281005
488451423
490687632
542962182
576902114
402831658
542738221
580056466
488451423
490687632
574025664
578450069
503683040
411261855
460157614
587968366
581307923
547377950
483591149
490687632
571841331
377238099
392944337
47320215
571788627
490687632
524980071
574025664
586859513
524980071
592242321
488451423
524980071
325191458
586722098
569347457
536865438
572281294
541860675
524364957
432238054
591678117
374975378
509458835
488451423
586620393
587237029
570583804
490687632
587058285
299169413
588292636
544670094
537963378
490687632
569363308
575735268
314495648
579046466
540740331
547377950
464088473
490687632
588031954
587968366
589841227
587401810
524210668
552094715
325191458
464088473
489108230
478321656
503723818
568594023
490687632
489942463
547377950
436929666
557012857
572257149
404550354
570583804
576667594
503723818
521367723
537963378
587968366
581338613
377238099
428267129
585994403
455458365
571148652
588927209
565577151
569398457
490687632
571148652
317458428
579604653
313026492
65247262
578558755
330984126
590170562
589074619
527063873
571821618
585518248
372165858
575051966
576637304
586259086
418666404
571841331
314786797
585518248
569347457
581160121
571833090
578266722
386252033
380126824
571181406
478321656
576165581
439021758
557258800
471257529
464088473
283777070
314786797
466310277
464088473
586620393
530609017
410933804
513484500
588927209
575247440
521367723
571841331
523205710
60320200
429582347
557258158
528671679
581307923
575086049
540911981
581856213
513172045
360256249
585872357
562464833
483309053
586793449
557258158
562464833
466002924
545900613
292743505
329594567
581338613
