423154025
373167644
428292318
46772455
270655260
458696442
46772455
270655260
388642402
428292318
46772455
332419053
456961577
470388828
51936503
46772455
270655260
448858253
428292318
456961577
428292318
46772455
421803386
462954295
428292318
470388828
454162767
462954295
428292318
360770461
483557789
456961577
366791578
46772455
456961577
470735714
456961577
46473360
456961577
457142552
421803386
456961577
453818354
470388828
457142552
421803386
465344237
458696442
434573710
470388828
46772455
462867893
456961577
462954295
338170613
470388828
473045578
46772455
338170613
470388828
456961577
448858253
421803386
428292318
470388828
462954295
373167644
456961577
465344237
465021069
458722645
470388828
377102188
451932162
428292318
314367136
470388828
456961577
473102660
46473360
379669306
461344100
366083023
332419053
366083023
451332984
456961577
338170613
366083023
454715155
473102660
421803386
373043712
451450634
488120939
425024989
479527212
456961577
462954295
456961577
470388828
373167644
373043712
425024989
457737216
472244786
404518835
404973682
470388828
397591845
428292318
426107795
458722645
464396842
46772455
318907863
46772455
462954295
462867893
46772455
454162767
588212490
420768842
456961577
53445900
448858253
433585709
432276787
448858253
270655260
365231424
338170613
448858253
428292318
404518835
465344237
588212490
456961577
473102660
366083023
588212490
456961577
46772455
366083023
448858253
338170613
473102660
46772455
483557789
588212490
592079170
456961577
588212490
53445900
474282868
372906382
373043712
404731713
472244786
404973682
573813878
401496713
426107795
429287660
462205602
456961577
318907863
