349698585
476472545
29350212
571919681
68401848
478144934
265766369
591398605
27764986
343509559
27864852
519393525
372639666
352212884
304594330
608929035
490783527
584455961
56055999
46563853
492600444
445383290
299708381
40987263
555136786
302114831
301696669
339823878
41497539
573382082
269091370
603927416
302824343
368266902
544965161
48029924
327809761
20102212
608695917
363804778
576654851
23533234
548945318
439861516
304694910
61964986
263475802
304574109
27713539
275178587
439066982
475943587
529609927
269041322
596205106
365338283
366875906
433551646
593139975
335967593
41250513
288449206
404574412
451237611
52748698
21277368
591428690
604052064
339602806
40554481
549326370
318040152
20229908
277172894
460306140
61432942
453196281
298805901
307081502
39911621
29550481
46308732
346628038
264690575
66959765
606172076
599741943
349539392
593632725
369231645
36101529
64421776
55715294
462628715
26578077
531466026
346204583
385316175
606590379
53655684
400940604
585555401
326964929
60866454
304599202
269605456
583515476
583939398
63926905
60593554
434006743
398075696
350870020
568678101
590938141
591278879
582011087
489814834
48315686
542486796
307282137
422296229
508658141
68482809
590151769
378939304
266291909
61045372
586469569
314879954
426235983
374835153
371622741
570221276
51863955
542991276
441073210
382278216
429256719
344054306
555514972
582340981
362237516
386173051
356829360
482141553
347847220
383486199
560134313
551536415
356762092
414980879
589683378
576250416
528654768
66861459
34681168
584756947
304263105
502804990
591258634
570729170
543028007
436008648
554011900
59797824
544763123
609296871
67857599
269914775
609759632
609606038
584101971
341222779
590709485
531529633
589955237
503523765
591484877
64566768
532768471
462995456
408153243
364113452
512956728
451860144
557685066
588205714
565341351
19895141
527235661
316626294
498271491
54025865
399611596
41233373
349958732
389170456
350445991
510167831
542048514
588052134
549274103
44864396
358451033
527547723
436846337
68177121
515738007
447146964
508595262
275906449
321681470
325839123
263672028
50050401
589640227
544389305
265953178
486208677
398114261
26493945
497416867
535130416
48180108
571460238
456114288
62818935
366824650
598051793
55720139
299434830
562913167
58992444
499302541
393885079
495646407
563404263
375794498
588325646
571024067
433274875
267301072
589544812
505630287
479601426
588936114
402251886
554950172
552456142
436874654
62482926
566283381
268384579
523395236
440729199
586361676
584553631
575509366
544715174
320174043
600946488
39022858
549819527
54542998
450835283
461811359
609755371
513262048
454344138
571843525
319935010
590648037
517340666
406133826
408690594
501601282
586331504
558781615
289666926
348376942
66406672
302392659
57828011
54504471
606883110
584973666
609426742
335451320
593383416
498167513
536004402
510214556
491456524
562705011
552354023
584669820
500632758
341554948
518288550
403870382
479952074
390783647
26006703
50422088
41631631
24345119
432443023
67209417
459892388
456539415
504324484
457774528
384519338
536012286
589309426
302529636
24143504
455839596
537635093
520319371
609438991
33996159
528184564
384208793
525683292
395811291
591595011
63871565
497062963
411393222
306135761
36768514
589639535
575533314
492854858
324882008
25097993
590541760
447224038
584384648
574347879
347545092
590934914
589820259
350369171
266047224
363503176
510066713
585900971
269813298
380335971
532612650
415411441
321681470
325839123
263672028
50050401
589640227
544389305
265953178
486208677
398114261
26493945
497416867
535130416
48180108
571460238
456114288
62818935
366824650
598051793
55720139
299434830
562913167
58992444
499302541
393885079
495646407
563404263
375794498
588325646
571024067
433274875
267301072
589544812
505630287
479601426
588936114
402251886
554950172
552456142
436874654
62482926
566283381
268384579
523395236
440729199
586361676
584553631
575509366
544715174
320174043
600946488
39022858
549819527
54542998
450835283
461811359
609755371
513262048
454344138
571843525
319935010
590648037
517340666
406133826
408690594
501601282
586331504
558781615
289666926
348376942
66406672
302392659
57828011
54504471
606883110
584973666
609426742
335451320
593383416
498167513
536004402
510214556
491456524
562705011
552354023
584669820
500632758
341554948
518288550
403870382
479952074
390783647
26006703
50422088
41631631
24345119
432443023
67209417
459892388
456539415
504324484
457774528
384519338
536012286
589309426
302529636
24143504
455839596
537635093
520319371
609438991
33996159
528184564
384208793
525683292
395811291
591595011
63871565
497062963
411393222
306135761
36768514
589639535
575533314
492854858
324882008
25097993
590541760
447224038
584384648
574347879
347545092
590934914
589820259
350369171
266047224
363503176
510066713
585900971
269813298
380335971
532612650
415411441
40752973
528949729
557673420
493103515
357056329
464968595
342633770
609114446
51950848
589641691
472130187
57120047
42904254
534713983
41295098
41176911
60751553
570220515
59800121
510987022
420612899
299700072
65626362
51780401
591608270
37184119
429150333
21716395
49230922
31989952
306478963
492448507
487766088
20199758
46301335
35992297
313323291
469610403
63883507
34224788
322034410
24221045
24189178
567185149
577724394
464363782
554426797
536307160
590129456
53639002
396032753
328891283
37871406
606438205
29082659
290014218
353182901
538920658
49346370
49103314
510738704
590321265
581806122
32275069
38832180
25956333
355125622
531554666
265516791
589904843
583532508
343647357
20413884
24627666
447419811
390056040
581851946
466576365
360157891
512743476
30049772
591140366
397536643
362131975
317708730
275313027
608995573
586866536
589929380
434249241
552331782
366389643
465134200
483524293
29727968
565007436
371746702
54149221
37251088
294147625
298639259
588901178
51039416
266250300
575391861
548845911
587187133
591421978
59829734
434726886
353691411
65585907
508245538
19956571
590395442
41957384
548424131
525413729
290241250
293828312
414549247
488403339
585815572
333671830
303070254
432813259
45422825
392255715
583893723
20224890
354059866
266850406
514044724
589641558
285071001
388453391
367708787
385229505
485876732
591312865
582498339
293811863
61265076
425807946
562106035
307122211
414468078
299068775
571185389
317623081
589704718
319202933
19766160
63779325
26754848
333935054
278539797
53656435
267729331
27468261
591943342
270227491
38677354
583462890
294635686
438082738
33892253
344962955
591516372
342035031
36435098
383725836
585693708
56676679
548843838
67975489
44895610
507418644
264344083
485458547
590152131
408060220
41428117
445556653
398876586
20672053
302707950
402530656
265056068
593525624
37195601
41037974
270005891
325207094
591364008
26391679
61956871
63067895
379724021
591959902
598818246
63381223
551808468
372418042
29638047
586112749
565575317
495040812
301936796
459493662
304561541
264528062
553735665
65339831
39523290
67868508
588865784
336207872
460500204
350270103
274635237
585253145
590829588
426238388
342326641
382535541
277325426
406974583
53227458
535129984
363740740
271603379
516672871
323689418
36345937
577936042
338092871
339723385
65288314
317440183
395025923
313928115
529959915
279973545
283167457
37253195
530178435
572916177
501151550
49569752
35737984
361775536
609008408
295475618
57159315
363555350
588712985
332256445
267242467
314233343
292992459
415561908
306447620
29362076
326770694
28367567
507322595
609162888
365071467
535835436
589459406
458436526
359965663
601294569
295962495
47602063
589937459
533314177
314098428
525298884
471538307
583758567
266132270
511838632
580801093
65780182
420991719
310473923
36541147
278187019
538241840
439438113
303583788
396811409
329942312
36809188
456443707
19830921
488561011
23427108
428284786
485938484
266501701
451102718
594913657
512026545
376219963
551434650
60064269
488777184
484377579
294679135
30888762
573886524
580351046
68130282
405572764
304931800
46197687
307293465
59201590
340633087
544572880
547768388
428626879
523536503
584438781
28689201
553140411
460564817
65607665
29138020
358164159
577621349
273730191
455164736
591145030
30105838
329744395
26836846
434784733
485858048
291571486
510246227
378515217
519347514
591365569
406032201
493963585
586899546
37060782
343656737
590128847
603633974
332726203
20954873
497981653
303022763
50813666
268163416
267600693
41233414
309850335
438414030
482010483
590182103
569042768
57770020
33612618
529196847
548373427
36068429
490866786
594775700
41775291
331245999
339417870
589679933
312164724
30712664
462964098
390217599
590744050
54003912
608732789
41949741
267809209
21090429
580087575
555308452
440278951
278712249
509079916
53106339
573883926
508671222
422373907
405234643
61751133
436043416
596906921
323644172
324189960
414240453
266242493
320606353
386009278
356132676
49376084
264043819
278220041
295247085
58694779
587843297
579419576
351786752
357994163
583294094
574674578
41490383
59683332
495885683
37256015
602644549
305745486
27604790
34260632
24366306
63671974
530813961
520711211
49129585
520213676
585474435
265481695
489008889
589640676
437495132
20549024
346053854
448924025
517674670
570149326
55949025
299045046
267404617
396105855
603753581
278825804
305638940
469175106
406913672
359962155
362223504
442388528
591764104
418370837
380703337
456204392
63881785
452498914
456328680
541378455
586050075
427088601
597884858
321210381
41238749
31910500
317715156
39945249
493652334
50946897
31785984
553947465
485525013
56930394
539017304
535292924
65072071
456600260
310609779
552478517
52398145
569151613
269921460
349851592
20666664
609516596
336447092
23035273
330735327
433548556
26726794
426800012
587691569
548613974
470224094
571648206
31816735
496058048
461241340
334299183
315809187
50191791
574227777
55229996
309808462
394759367
35903068
376068768
484795504
323424817
61607442
37868662
27529154
501510462
521501258
602099928
483192015
24825159
57204276
347654789
265091571
26408259
592244719
318740004
347678607
65403482
406601430
417460012
540433389
269707221
359595879
561660599
586614318
531181913
437034595
555289444
478158497
543255936
395949723
374681272
492084575
505359496
43610101
338066667
586403854
52668301
298810062
585092124
36324957
320377013
515727053
295182575
398155686
353656488
548063650
440111069
37267184
590803654
591935281
424149824
571365049
53232594
325528604
459511307
438649654
591405556
352841111
450532243
57388498
357307901
53565660
264743978
40582872
355918335
266138040
557548897
435340584
519664226
382802283
529250945
588336926
380117067
377263715
293700785
337470480
429448167
41268372
29624807
40490365
350294760
571087237
582587473
61174186
461153641
332075078
22221180
305150420
327494084
397214372
360539077
590063645
598971517
568024931
469612040
20757000
366206059
604652689
571807772
409923401
319696533
469914685
366605427
501055387
439514333
560846388
40698990
429660302
357707321
605460118
22553761
361116082
20691338
37687006
365260652
593095218
420877736
35224705
528045984
320688440
589642212
61638293
50461146
583231401
340854699
411996882
264189719
572713128
24533374
415698167
344209738
68109802
590920201
544948777
591002830
29448299
364716581
24828679
306213462
565575341
22334626
47913794
539432448
452002433
63304628
583601822
591359178
311802033
439243827
411048283
502742936
33711002
583353273
591172025
609569242
585767429
316135639
494190733
36944166
526095578
404471029
587581590
436748480
530178690
266742169
599827117
457104009
557460057
586916966
65430434
605022406
524262237
478301531
342295029
29885222
305395488
510273885
355238332
310195883
389272749
585742322
36093442
563314948
553803598
318399418
320063875
279046805
335289475
350465135
498275802
30805639
50847749
24024757
449478247
318456346
581134487
577644857
337513515
537342945
267304069
44832436
417161289
48356514
54031800
313111229
297704400
470757465
35765377
416869696
29619212
394363491
583883324
449257947
23183532
353060902
570729170
553140411