55033923
462876869
331913547
589102239
61059040
596738315
462876869
596738315
336955343
48235098
596738315
341688688
53280792
318540187
386562456
462876869
335523188
596738315
58934777
462876869
589102239
513161617
323870217
47017159
59610632
573526257
559552010
53280792
299157007
462876869
589102239
413891183
406569270
321391125
462876869
554725747
352638950
554725747
46645032
590037466
586192422
51126015
555036185
462876869
512287181
334991238
462876869
331913547
271284887
512289740
318540187
515702523
555036185
347327432
573526257
462876869
555036185
341688688
555036185
296797065
386562456
462876869
295073978
596738315
48235098
555478849
47117258
63733683
47517969
333406376
