30159884
266623200
329927295
25020714
267307223
20211901
22089604
20211901
340700600
20211901
357800133
520770459
387712933
308278493
55016346
29729214
519017103
308278493
444904685
266623200
357800133
350893772
20166151
266623200
266623200
357800133
467097777
339205096
357800133
266623200
30159884
266623200
461527164
266623200
20887238
357800133
266623200
20217940
356825671
532156915
499464390
20166151
461527164
520770459
308278493
30159884
357800133
266623200
505850351
470127475
354076094
50483368
266623200
519017103
340700600
344222976
461527164
344452035
20217940
461527164
20211901
346287828
580214810
505850351
20927303
346782817
346287828
55016346
350893772
480734507
461527164
