337835433
328064199
477695359
410731975
432188715
328064199
477695359
329376373
410731975
328064199
477695359
432188715
329376373
337835433
328064199
410731975
432188715
329376373
337835433
328064199
438966466
475513142
477695359
337835433
328064199
510426061
432636508
386499888
337835433
328064199
378464128
432636508
329376373
337835433
328064199
477695359
337835433
329376373
337835433
337835433
337835433
329376373
328064199
337835433
337835433
337835433
337835433
328064199
337835433
337835433
337835433
328064199
337835433
337835433
337835433
328064199
337835433
337835433
337835433
337835433
337835433
337835433
337835433
337835433
337835433
