584970547
460661413
493282884
587613242
590137021
460661413
587814095
587613242
339410630
460661413
583955452
587290075
586886732
571346967
586886653
583955452
587290075
571346967
303559370
306261335
303559370
303559370
355610940
511777006
303559370
465617893
306261335
303559370
396246539
306261335
451446787
303559370
339410630
277009915
306261335
303559370
265339786
338169694
355610940
352978970
363074728
312110634
378250038
448044723
434549793
416283968
308614413
271824435
329921781
371414698
280924252
312525662
337367031
303559370
364069223
363074728
303559370
434549793
303559370
435818709
433225545
303559370
292914790
380144200
303559370
370873053
303559370
292914790
364912941
399891088
303559370
339410630
277009915
276494204
303559370
277867804
277009915
372010411
329921781
303559370
355610940
420977297
265668438
312525662
308822488
422975780
371414698
312525662
426127177
312525662
352978970
396246539
390192307
393382274
372010411
303559370
265163215
387940746
303559370
372010411
372946478
277867804
303559370
68425496
380144200
277867804
303559370
303559370
277867804
