61021733
29078658
324783179
571096898
31652446
47951650
398319519
403140535
571096898
324783179
314459632
334917495
361261001
324783179
444839907
429743675
381525439
571096898
321749312
39277166
429743675
398319519
292607825
353501279
348680171
292607825
321749312
493616183
40564797
306108879
292607825
424773099
586128942
321749312
398319519
539330321
47951650
531549960
576638817
40564797
364795716
398319519
47951650
438978877
321749312
384912851
348680171
515135993
398319519
31652446
348680171
19657160
398319519
348500387
48684279
444839907
571096898
52722734
321749312
47951650
348500387
346604303
47313555
422152293
31652446
384912851
19669805
31652446
362666046
389332780
