284029109
390492196
416583327
368719506
428574837
539074000
468329078
528757984
366162454
416020227
266520195
285079207
396571791
416583327
473746520
534342128
425867507
439065657
365594890
438853259
468707445
324788526
542516703
60820805
268741690
326303235
421822738
316362075
544970010
429933203
473746520
541170318
284029109
583471465
568593819
528757984
473746520
324788526
528757984
391133107
390492196
528757984
507040449
447501314
581841734
439853573
436119566
458604963
468329078
397254550
355275075
453146165
57601148
53580858
391133107
416583327
542516703
528757984
268741690
293426151
430285892
274133442
323881753
528757984
357623589
326724490
381217404
468329078
315423250
366514709
394176760
