485629069
583881443
286148408
427568343
576920106
549006426
583881443
561510062
500589303
549006426
485007582
583881443
555403867
585318184
557974275
552991285
286148408
549449859
536506184
576920106
557974275
423187171
542428497
350925289
547842181
576431741
566788694
548213341
550127301
350925289
485629069
368437825
346540053
450675006
471758744
485629069
368437825
306432887
286148408
266504763
60631573
67322081
524055217
576920106
537775562
445044649
610842826
433374793
485629069
286148408
424519717
485007582
520246044
560236447
286148408
424393373
550737798
423851617
560236447
286148408
442432858
485007582
585473203
581920147
573024662
396033742
286148408
560236447
61582793
67322081
550087356
569078827
560236447
444587791
509238090
461793300
400745914
568595305
336449009
550737798
286148408
534867917
421956070
520246044
563780441
286148408
524369832
576783258
524054442
37183542
571836743
485629069
442432858
444587791
348683399
586598760
287970780
277281867
440264098
491872821
485007582
286148408
548213341
563411501
303995121
461596664
339510453
286148408
520246044
524055217
426267579
611036518
584484857
553655594
460927385
576920106
570245608
610787679
286148408
338999972
606636803
343832187
567991724
286148408
442432858
266504763
286148408
563780441
546734627
265902866
286148408
424519717
323978116
480412998
286148408
450675006
586598760
286148408
450675006
549388533
327668230
286148408
471019155
611036518
442432858
339572149
286148408
298873203
442432858
286148408
607788923
481610853
547442284
286148408
442432858
338999972
286148408
61676077
520238926
286148408
442432858
432723901
40421595
560278211
326503521
266504763
268838275
485629069
520246044
569849610
486010234
442432858
600566115
540493239
549326499
286148408
442432858
445581297
524369832
486010234
264671171
348683399
424519717
590739445
536506184
550087356
603319619
350675625
485629069
274048096
348272644
350925289
274048096
348272644
585398569
542428497
580374629
558894171
48260805
310318556
301403540
548512104
326746536
325785656
558244928
439164867
567655841
350925289
274048096
485007582
52147472
545846879
520246044
550737798
485007582
549326499
514705107
546448803
286148408
565630651
576431741
570172075
286148408
520246044
492690134
274048096
388771802
288783100
558842281
465199319
28622767
492690134
438773540
407205930
265981913
586163340
548689017
477599376
574810705
560236447
286148408
368437825
488979994
549006426
529260549
405945065
480080790
286148408
485007582
516156662
286148408
455236719
25626185
439079278
336059332
264671171
289379762
64283142
577337963
342306554
286148408
52147472
520246044
541146367
587583059
579627347
55715427
477599376
471019155
546865674
576920106
560236447
348067072
572071359
286148408
564814216
320387453
286148408
328683432
545836620
310114158
549006426
286148408
423980374
55022472
568595305
450675006
286148408
264671171
485007582
339510453
442432858
286148408
425112532
287600067
442432858
346540053
286148408
514234976
303995121
442432858
339968513
286148408
546109902
485629069
357548793
286148408
311449259
575502214
521061597
300846493
396033742
560236447
407855043
286148408
549388533
369330702
478236122
481610853
286148408
61676077
568595305
520246044
286148408
338999972
461596664
442432858
286148408
396033742
520246044
67322081
442432858
286148408
549388533
578154203
328683432
277281867
268838275
286148408
336059332
434447067
543958494
286148408
339510453
306432887
396033742
67322081
555799015
423826024
442432858
472795764
441717463
323978116
562623235
264409541
486715413
547438823
451669358
534867917
442432858
579627347
339968513
442432858
520246044
490374443
336059332
549388533
433168140
578502758
442432858
590739445
434447067
472292212
444587791
434447067
323978116
28359270
485629069
571836743
563428709
61582793
377540654
336059332
274048096
285146683
560236447
377540654
336059332
274048096
40421595
550180646
465199319
549006426
438451799
535431630
549326499
424274676
531276407
492690134
350925289
572071359
479954192
549449859
567985100
548927039
418533827
561320965
471419714
350829196
549006426
565149976
568758629
485629069
477599376
473924095
457555059
28359270
270678466
566788694
584484857
25626185
577339255
531276407
549006426
335004723
488979994
461596664
338999972
432723901
485007582
549006426
413275741
503108577
434447067
461596664
350925289
583832864
416041505
279401343
550127301
537775562
486024557
549388533
520246044
577339255
485629069
377540654
286148408
287970780
481834013
561320965
557666532
55022472
528096689
486024557
500589303
401451622
446382015
563780441
557974275
574820885
407709627
492690134
542428497
557974275
407205930
488979994
503513895
552639912
337034287
450675006
549449859
582076108
582076108
396033742
482484636
68234990
586163340
346540053
576920106
412274828
485629069
516024074
424393373
542428497
476035650
546797451
522878377
517425534
536394289
264671171
557666532
442432858
422513342
445581297
557974275
64579446
396033742
48260805
306432887
488979994
64579446
396033742
389270886
342306554
36617614
447098974
472018901
286148408
298873203
293025640
428280933
446495445
563780441
576407830
579627347
442432858
396033742
558002271
442432858
558002271
442432858
495750450
542428497
442432858
350678511
450675006
263815607
306432887
442432858
434447067
266504763
590530398
442432858
540493239
563411501
442432858
557974275
398713784
429110879
398713784
429110879
442432858
432723901
297224731
442432858
277281867
521061597
549388533
442432858
485007582
563780441
558244928
578894445
550737798
472292212
535282436
350675625
495750450
557974275
