301319867
334694973
355914708
37314943
381279788
46923664
525829771
317741666
19659335
301319867
46923664
309325332
21163865
28162492
46923664
466368986
38147585
46923664
489260303
37314943
60195567
46923664
576442774
37314943
301319867
434468676
46923664
19659335
334694973
311256530
46923664
264023044
21043780
46923664
279591526
576442774
547772744
46923664
301319867
289069988
31841456
46923664
301319867
289069988
46923664
355914708
289069988
46923664
489260303
289069988
564587835
46923664
276136557
46923664
564587835
46923664
21056792
385017584
315139920
46923664
289069988
511616124
46923664
544389921
65851426
46923664
21043780
266192486
564587835
46923664
518415675
309325332
564587835
46923664
562203310
548208760
564587835
46923664
359318661
46923664
383541099
46923664
276101963
576442774
46923664
525829771
610059862
334694973
46923664
289069988
46923664
31841456
46923664
35461616
591700061
289069988
46923664
264023044
548208760
46923664
564587835
289069988
46923664
289069988
46923664
21163865
46923664
564587835
46923664
21043780
352605250
289069988
46923664
46923664
35101271
276101963
19659335
68159993
46923664
276101963
46923664
289069988
46923664
276101963
21253522
46923664
68159993
46923664
46923664
23835093
309325332
20364185
46923664
46923664
558674179
46923664
31841456
564587835
46923664
289069988
28640901
502976638
355914708
60195567
276136557
511616124
317741666
46923664
564587835
489260303
46923664
299302581
21043780
60195567
51435868
291746043
309325332
311694508
37314943
263840407
19559519
46923664
42689193
352605250
346043651
267273339
60195567
433126456
280241522
21043780
280241522
564587835
303618757
37314943
311694508
264023044
324861543
21163865
21043780
285670080
355914708
22513584
31841456
334694973
68218574
276136557
453856942
454438533
333142212
439226703
21043780
291746043
23835093
352605250
21043780
21163865
309325332
562203310
525829771
342043780
318402058
21043780
276101963
21253522
42217895
352605250
591707819
30963504
396493478
354371463
309325332
324951518
381279788
21043780
21163865
488474987
394936302
19659335
22513584
352605250
366348676
264023044
544389921
46923664
19659335
276101963
21253522
276101963
520956397
377234760
31009212
276101963
68510912
558674179
28640901
42689193
46923664
276101963
511616124
21163865
355914708
489260303
311694508
20381008
276101963
275353142
46923664
20546309
548208760
20183516
309325332
291746043
37314943
264023044
330619519
301319867
21163865
21043780
28350452
46923664
35378658
289066007
37314943
378915634
54894709
359053951
592025012
21043780
37314943
398532054
46923664
42217895
462162651
311256530
264023044
408295776
356150961
355914708
294309049
37314943
334694973
24397415
366348676
51623795
519531770
562203310
394030486
66434166
31841456
564587835
342043780
19659335
328756571
378120201
445923608
28162492
24397415
46923664
63035034
19659335
20731058
276101963
269888199
264023044
21043780
321291264
334694973
21163865
64856354
439226703
263516445
355914708
68159993
490084260
334742944
414619892
20731058
19559519
276101963
68510912
558674179
31841456
20724686
334694973
37314943
279591526
264023044
21043780
21253522
30963504
46923664
25981386
21253522
342043780
46923664
311256530
355914708
27723471
37314943
21163865
375553870
46923664
61981803
19659335
42689193
489260303
395020856
276136557
279591526
462162651
65937621
38422185
276136557
46923664
355914708
68510912
357304767
562203310
303618757
276101963
385017584
306031170
379703959
352605250
42217895
35461616
375553870
28640901
453393684
309325332
324951518
357309596
337611713
37314943
355914708
46923664
355914708
24397415
35101271
19659335
46923664
46923664
264023044
26132006
558674179
317741666
46923664
28162492
20539659
42217895
276136557
22513584
329450407
33306820
21043780
428217587
46923664
301319867
21253522
355914708
525829771
301319867
19659335
28162492
301319867
334694973
317100769
288667624
455867254
489260303
405172510
295183831
50168016
317741666
311256530
62031920
44573063
20731058
275353142
389443132
295988122
20364185
300043836
316088440
325154459
276136557
385017584
27723471
276635075
21253522
355914708
562203310
462162651
