26720469
317440848
454567172
438857232
454434866
35976761
421741479
575303372
576478230
454199935
28121224
448853065
575303372
35976761
303987970
51567112
576478230
20825849
558101075
267137818
324472990
22332149
575303372
492630310
317440848
400496265
22332149
22014621
20825849
587945074
326790769
558101075
326790769
558101075
575303372
22332149
394724888
316315117
31361043
575303372
22332149
587945074
549322488
558101075
506072006
558101075
344376608
583991137
591949752
33499723
575303372
22014621
21030200
20825849
549322488
558101075
329169921
506072006
37711416
315481321
558101075
294494588
34829893
326790769
433553167
583991137
558101075
511692770
308436617
506072006
316315117
34829893
448853065
558101075
31361043
584305252
558101075
447891788
267137818
558101075
325431729
506072006
326790769
549322488
591949752
558101075
558101075
337272497
324472990
37921454
25907944
22332149
32096068
558101075
316962043
325431729
558101075
38583817
297496419
558101075
323140860
558101075
448853065
51567112
23607442
558101075
27500214
366964525
575303372
37921454
67959944
29042648
325539253
21030200
456410583
22332149
32718361
34829893
22332149
25511541
267137818
511692770
332188784
400496265
21160764
401708330
49684791
398696375
24954546
383467101
26749162
297496419
549322488
309721724
22014621
25529998
59623855
22014621
323435648
433553167
32096068
575303372
497385906
61314803
22014621
333930013
37711416
67969297
315481321
591949752
26095244
301949125
383467101
575303372
41051792
329169921
383467101
344376608
31361043
31361043
436883838
34955217
392421362
25907944
31361043
448853065
433553167
59275156
546654736
324472990
67969297
291353242
363201570
316962043
506072006
330584144
558101075
506072006
31513860
36121669
22332149
515151319
575303372
21160764
291353242
26346647
32096068
324472990
22332149
575303372
28104484
326790769
318172657
326790769
542169521
25529998
558101075
27500214
26095244
421701935
558101075
21030200
429952266
478887594
433553167
31361043
25529998
297496419
325431729
269984522
542169521
31361043
21030200
337272497
67969297
327991318
316315117
51567112
27500214
454434866
25529998
40663796
360195692
22014621
31126229
46906345
323140860
363201570
22332149
323140860
515151319
27500214
29675076
326790769
26543449
297496419
478887594
25907944
487256992
583991137
26349004
26095244
26720469
21160764
67969297
34829893
31361043
324567385
293169145
267137818
558101075
31126229
36539863
318519634
325431729
318172657
21030200
31361043
22332149
274682410
360195692
37921454
35976761
329169921
447737856
61940336
506072006
23607442
34829893
478887594
515151319
22332149
403490426
329169921
318519634
369881858
329169921
41139145
31361043
29042648
369239249
394724888
26346647
360536551
38216199
40108353
369025507
318519634
29675076
34955217
57570985
542169521
525104276
344376608
32096068
25529998
22014621
542169521
66052131
384098552
23550020
40390300
26095244
422175654
370728833
291353242
26095244
432200252
390218005
327358193
546654736
56741260
452937076
376516586
29329354
