21130622
439013354
31298686
38481223
31571139
29255022
21303014
395881166
28193509
19957581
19957581
589741401
395881166
31571139
20802550
22932016
31571139
22882423
26821145
19609749
26961257
22932016
38481223
19957581
395881166
265740460
335623696
19609749
439013354
29255022
22932016
19609749
21343786
19609749
439013354
302968371
19957581
19957581
31571139
395881166
19609749
19957581
19957581
19609749
19609749
19609749
395881166
19609749
19609749
439013354
29255022
395881166
56902092
21292131
24936239
20419024
31571139
26961257
58603654
34638548
26961257
23120745
21303014
21238481
22932016
265740460
290175639
395881166
439013354
268224516
442247304
23958205
19643285
439013354
23958205
20802550
395881166
29255022
32206627
280455382
395881166
439013354
38481223
20802550
395881166
439013354
395881166
29255022
439013354
59749520
395881166
439013354
21292131
30215839
439013354
22932016
439013354
395881166
265740460
439013354
395881166
439013354
327463974
23120745
19609749
354935330
439013354
523513444
395881166
439013354
27899303
439013354
439013354
19957581
388775013
24244674
395881166
318378650
395881166
439013354
395881166
439013354
21343786
586840920
439013354
439013354
439013354
269272515
439013354
21130622
367847474
439013354
395881166
439013354
395881166
439013354
19609749
19957581
395881166
19957581
439013354
395881166
19643285
439013354
439013354
19609749
302968371
395881166
20073410
439013354
19609749
395881166
439013354
19609749
589741401
439013354
19957581
439013354
19609749
26542051
439013354
19609749
310104613
439013354
19609749
28600578
439013354
19609749
395881166
21750925
31571139
21303014
38481223
21421440
19957581
29255022
31571139
22420904
439013354
365503698
439013354
27899303
395881166
19609749
439013354
19609749
282471120
395881166
19643285
395881166
20419024
19957581
337277168
19957581
589741401
23822034
19609749
19609749
19957581
21343786
19609749
19957581
19609749
19957581
19957581
19609749
