458269693
577093179
534813817
560582841
368189943
586130336
587038953
393529275
374437955
374437955
429490997
586002702
391282215
587038953
393325170
586002702
592060500
393529275
592060500
582560163
393529275
583913672
577093010
393325170
366011859
559058322
582560163
587038953
460004492
368189943
583913672
578316292
560582841
393325170
587038953
587038953
460004492
577093179
372314914
577093179
592060500
367558750
587038953
386155555
586002702
597396490
586002702
582560163
583913672
577093010
583913672
590898795
586130336
583913672
587038953
531313114
583913672
577093010
577093010
530813114
586130336
429600512
560582841
587855436
586130336
583913672
531313114
586130336
351598130
590898795
375607695
