507280740
516840945
508170039
590673166
550286073
581956274
516840945
508170039
591713913
512509267
518001872
516840945
591713913
512509267
516840945
591713913
591713913
516840945
581956274
508170039
508170039
581956274
610144402
591309352
610144402
591713913
508170039
581956274
591713913
585783442
581956274
591713913
585783442
507280740
508170039
582818517
591713913
507280740
572696476
516840945
581956274
591713913
554770649
591713913
512509267
516840945
507280740
591713913
591309352
516840945
591713913
516840945
581956274
591713913
516840945
516840945
508170039
516840945
507280740
508170039
508170039
591713913
587235329
581956274
587235329
516840945
591713913
508170039
516840945
516840945
591713913
516840945
581956274
591713913
554770649
590673166
581308798
585783442
567389602
585783442
585783442
