459409226
471923702
471923702
529548927
462219851
463888775
487291544
514735708
450199134
446310299
459409226
464719927
458455135
451560955
459409226
458740672
456707642
450503342
451959476
463341100
490199156
459409226
463341100
450199134
559274599
466380382
462783297
511789600
490199156
486444291
450846096
456707642
447094003
496245533
445618890
453843859
465571917
450503342
450888997
450199134
461679203
459409226
458459520
463347731
453982795
463347731
461679203
453843859
483396473
483396473
467427339
471923702
451959476
453916200
483396473
483396473
450503342
463341100
458459520
463341100
453843859
467427339
462783297
450503342
463347731
463341100
483396473
453843859
462783297
463347731
483396473
451560955
483396473
450888997
458459520
483396473
462783297
450888997
457830128
453843859
462783297
457830128
462783297
457830128
449124462
450888997
457830128
462783297
450888997
458459520
457830128
462783297
467427339
457830128
462783297
450888997
457830128
462783297
450888997
462783297
457830128
462783297
462783297
471923702
447608010
471923702
451560955
448800961
452151524
463888775
471923702
456796462
509661505
462219851
460647112
446310299
461895081
459409226
481835181
458455135
464719927
491662337
458455135
509661505
466380382
456707642
450503342
509661505
458740672
494654358
463341100
488067345
458455135
461520317
488067345
471882995
465571917
496245533
493952864
471882995
514735708
450503342
471882995
458459520
462219851
451099340
488067345
458455135
464719927
461679203
453843859
465571917
450888997
463341100
491662337
464719927
483396473
461679203
486444291
458459520
449124462
490199156
496245533
493952864
471882995
490199156
460062983
450888997
498032811
458459520
496245533
488067345
471882995
458459520
461679203
450199134
458386539
449124462
483396473
471923702
463347731
514735708
488067345
461679203
458459520
464505767
486444291
459409226
514735708
462783297
450888997
486444291
450373194
514735708
463341100
493952864
450846096
450199134
514735708
453982795
488067345
514735708
450846096
483396473
514735708
458459520
453982795
493952864
514735708
457830128
462783297
490199156
514735708
493952864
471882995
453843859
458459520
514735708
473054420
514735708
462783297
450888997
457830128
486444291
462783297
450888997
483396473
457830128
514735708
450888997
461679203
493952864
483396473
488067345
450888997
486444291
514735708
453843859
458459520
450888997
483396473
514735708
463341100
450888997
483396473
498032811
453843859
464505767
450888997
457830128
483396473
453843859
450888997
457830128
483396473
453843859
463347731
450888997
486444291
462783297
493952864
471923702
509661505
451957254
473054420
462219851
445618890
519599092
469070283
509661505
494654358
487291544
511789600
496658708
451957254
471923702
459409226
450199134
471882995
499201267
494654358
514287213
499201267
509661505
445435756
450846096
499201267
451099340
465571917
491662337
463345881
462219851
458740672
463341100
451957254
459409226
496245533
450199134
465571917
447984934
459409226
490683292
487291544
496245533
466350986
461679203
466380382
496245533
459610054
493952864
458459520
463341100
458740672
450199134
466380382
459409226
450737683
486444291
450846096
456796462
488067345
458455135
461562496
486444291
456707642
453982795
490199156
458459520
459409226
463347731
466380382
458740672
496245533
446310299
456548737
458459520
496245533
486444291
461679203
463341100
466380382
453013442
509661505
461679203
458455135
462219851
453916200
446310299
453843859
463345881
483396473
463341100
450888997
498032811
529652763
447094003
458459520
496245533
453916200
486444291
458459520
496245533
467427339
451959476
463347731
499637983
450503342
451560955
486444291
451959476
450199134
483396473
453843859
486444291
453982795
493952864
455259042
486444291
462219851
458459520
493952864
490683292
486444291
483396473
450199134
493952864
486444291
450503342
450199134
462219851
486444291
458459520
471923702
453843859
486444291
458459520
483396473
465519861
461679203
453843859
498032811
446310299
463341100
457830128
498032811
453843859
483396473
473476950
450888997
453843859
449124462
483396473
457830128
462783297
493952864
559274599
488067345
499201267
514735708
487291544
496245533
447608010
559274599
473054420
519174018
447608010
463341100
487291544
461520317
531101645
466380382
529652763
464719927
509661505
465571917
529652763
476206209
459409226
463888775
511789600
463341100
449124462
509661505
458150937
519599092
464719927
452151524
490199156
496658708
462219851
490199156
464719927
538451658
458740672
450846096
463888775
462219851
456707642
458459520
481835181
467427339
490199156
454960029
451099340
465571917
463347731
464719927
463341100
450846096
451099340
458459520
463341100
486444291
465571917
458386539
458459520
463341100
456796462
465571917
462219851
458459520
489920863
453013442
463347731
490199156
466380382
491662337
494654358
469269355
453982795
491662337
489920863
483396473
458459520
496245533
487291544
449124462
493952864
464505767
453916200
463341100
450846096
531101645
490199156
463341100
514287213
483396473
466380382
462783297
471923702
461520317
465571917
494773664
458459520
462219851
498032811
463345881
496245533
463341100
483396473
450888997
457830128
463341100
498032811
462783297
486444291
450888997
458459520
463347731
483396473
511789600
450503342
458459520
483396473
463341100
462219851
465519861
453843859
450888997
451560955
486444291
463347731
498032811
450888997
473476950
459058329
450888997
498032811
463341100
457830128
453843859
473476950
462783297
457830128
493952864
473476950
490683292
493952864
458459520
483396473
450888997
493952864
462783297
450888997
466350986
462783297
490199156
483396473
450888997
453843859
458459520
498032811
462783297
483396473
457830128
493952864
453982795
450888997
462783297
467427339
457830128
450888997
462783297
538451658
529001917
471923702
462219851
538451658
473054420
447608010
499201267
538451658
548850966
450092551
456548737
465337363
459409226
483396473
499201267
473476950
531101645
463341100
499201267
464719927
471923702
509661505
514287213
451959476
510087207
463888775
450737683
514287213
465571917
536206898
494773664
471923702
461520317
466380382
463341100
471923702
456707642
456707642
463345881
514769858
463341100
458459520
456707642
450503342
463341100
463347731
449124462
496245533
529001917
463341100
445618890
450199134
450503342
458740672
461520317
488067345
450199134
461679203
466818495
461895081
464603106
458459520
486444291
464719927
514735708
453013442
496245533
450503342
450373194
451560955
458459520
462219851
