324999613
319611725
329605253
327764740
319611725
329605253
327764740
328591707
328451313
319611725
329605253
327764740
324999613
535206659
319611725
329605253
327764740
319611725
329605253
324999613
327681663
319611725
329605253
324999613
327681663
319611725
329605253
328591707
328451313
327681663
319611725
329605253
327681663
319611725
329605253
395464587
327681663
319611725
329605253
395464587
324999613
327681663
319611725
329605253
328451313
324999613
328591707
329605253
327681663
319611725
329605253
319611725
329605253
319611725
329605253
319611725
319611725
319611725
329605253
319611725
329605253
329605253
