439012242
450148050
444067690
386957980
446376813
402676425
561269224
343287498
58616759
271460717
318026745
339968513
419626915
356956631
264542209
67649182
356956631
474125567
267116569
500394273
368044277
376726862
58616759
331402083
275828759
284452080
376726862
524533576
492144040
394900075
340381253
387844382
474136202
583568910
419626915
376726862
492144040
586614340
474125567
376726862
284492671
591398038
356956631
394900075
474125567
313233880
343287498
356956631
402053279
500394273
284492671
531609935
356956631
266767425
318026745
561641422
284492671
356956631
339968513
388734617
541150100
394900075
423889192
430671120
513023851
368086607
394900075
264542209
395945438
561269224
591770696
53640706
419626915
328175644
301077851
561269224
341256824
286509771
264542209
356956631
339968513
333089046
432227688
264542209
356956631
275828759
447662670
610872003
29318160
58082914
270002889
492144040
474136202
267116569
444067690
331897584
339968513
492144040
386957980
447913508
376528141
301566041
276076374
266767425
376726862
376528141
406377253
68348632
561269224
551224823
370729120
67987120
298216511
449645821
423889192
370729120
439068052
67649182
364448143
541150100
267116569
592106281
339968513
547282677
586179042
399685282
339968513
339968513
266397292
474125567
284492671
544760384
29638552
356956631
561269224
591601237
447913508
497876184
443641319
407957156
370729120
492144040
368044277
561269224
284492671
611016902
331402083
561269224
392735718
579986630
284492671
394900075
580888925
31267501
480916366
331402083
492144040
47097583
339968513
434393497
513593960
565806674
267116569
356956631
264542209
611016902
385476706
339968513
382130360
591556660
454144157
610872003
442599860
419626915
561269224
406238898
407752759
370729120
443641319
532419348
479272454
376528141
563938543
479272454
434393497
407957156
510308892
412233316
24643121
266767425
388734617
408719087
402676425
586614340
464458338
583568910
20537731
67649182
20613499
368571796
370729120
331402083
26077352
20068701
589210686
39971158
443641319
60894367
25920552
264542209
356956631
561205714
368044277
510308892
383139453
342217137
284492671
328175644
498203966
419102426
310390167
586614340
39945247
423889192
434262654
286509771
395445542
381769344
318026745
274082738
276076374
388209285
532419348
311006499
29318160
304340311
430467756
398038792
343287498
36277943
266673901
380963882
450222235
341256824
443641414
308182181
368595395
284492671
561205714
278682856
327025636
270002889
284492671
524533576
453278101
447913508
267116569
36222936
376528141
331897584
450957825
444067690
406377253
