529075750
34673804
410906173
32169505
453649533
36583985
35168036
434705318
395410929
63484632
362950577
356301925
521811749
366429966
386991422
360579542
61033015
323186342
63484632
479088614
395236758
592060358
310026878
484737541
263574974
297130573
509267270
34673804
397019102
61484572
34673804
54897369
34673804
457269686
454731103
318544051
67746700
353340431
52394583
382885093
529075750
338823237
31950852
589431980
359872234
34673804
521811749
586972724
19567059
294783933
473149069
297130573
19567059
447459377
484737541
65775083
19567059
585514272
34673804
51885065
553900397
267386963
592060358
366429966
34673804
584211184
34673804
501283478
24820863
34673804
584211184
452588470
34673804
590689919
31193320
590562526
453307527
63564805
584211184
19567059
61484572
340409698
590562526
274960271
34673804
529075750
34673804
592060452
420301986
34673804
498748504
267688143
32169505
610943770
352899241
529075750
34673804
30185088
401877647
451342100
31950852
36583985
452588470
368189943
52394583
63484632
28723851
271070691
63484632
399985910
30185088
61484572
340290627
47234981
457930606
429934776
34673804
465007349
374942226
484737541
61484572
433730716
310026878
34673804
49444525
310026878
363035435
437772110
452292350
403382066
403783401
452588470
403730788
399251410
36583985
34673804
267386963
460213436
269917349
34673804
310026878
407881070
368189943
64035714
405881487
369079171
447459377
34673804
66033256
371277102
374942226
423205597
472797316
374942226
34673804
34673804
366429966
340290627
32169505
484737541
63484632
452292350
403382066
64035714
477564867
47234981
371404904
34673804
61484572
30333021
67746700
267386963
356522216
64035714
24820863
34673804
435588176
31950852
41580575
34594930
265914012
31193320
389060270
29461715
401877647
345813069
54897369
318148243
451342100
31950852
335867264
54897369
297130573
49444525
34673804
358743437
29738180
314067262
405372189
451342100
351559085
24820863
29597507
457269686
29405333
24820863
321853770
405881487
340290627
434551413
37430155
438122576
445653000
340302762
384023811
263574974
428992976
360606591
402842393
431589997
318148243
297130573
56358255
34673804
305759921
444825802
268583529
356056540
324880405
271070691
350579844
31950852
365618048
63158556
377323073
371404904
36583985
267159063
339007955
376079248
387891113
366429966
379959758
339424464
297130573
371404904
366429966
428571602
452588470
360606591
384828320
462316971
297130573
428153487
423205597
352463470
470323172
461427485
424639625
29597507
34673804
324880405
529075750
366429966
23073442
412540106
34673804
297130573
407306019
34673804
297130573
368817774
368919158
401877647
451669426
34673804
430835745
461427485
476428226
35080781
370920478
371404904
379959758
431589997
407220293
483405479
339007955
368919158
34673804
376729971
61484572
372309224
29405333
385773327
444985179
388866895
345006159
324880405
553900397
347284534
430758099
423205597
34673804
323186342
34673804
267386963
34673804
473993995
435347668
426789871
34673804
376082519
306330283
350365165
318544051
271070691
34673804
452588470
453307527
423205597
34673804
373618575
567080038
370046903
51885065
30175637
371404904
24820863
423205597
31950852
492151139
360878285
458307607
61484572
297130573
363035435
356301925
312901036
448847460
297130573
358145660
423205597
386991422
360606591
476782415
58358682
61033015
384577399
24820863
401877647
373984943
272473119
443534286
365416740
29405333
355894147
338823237
263574974
29405333
410845383
34673804
458048378
58358682
318148243
269140192
390958552
297130573
439967761
268583529
379959758
332289462
54897369
310026878
321084686
65860078
19567059
380089738
397485691
360142792
63564805
471980903
347284534
370999801
49444525
553900397
451669426
360168342
442917218
411993605
34673804
61484572
399251410
411993605
318148243
58358682
438595967
367503231
357404059
61484572
393773963
353338299
523812524
456233930
440418292
371957118
355756993
31193320
36615508
382885093
265456615
345006159
435688026
267386963
438019056
384023811
34673804
395295620
371404904
32169505
400390268
381317952
335867264
532156478
68382300
409506754
313625028
378848525
435588176
34673804
371404904
318148243
34673804
405645213
377561926
407226587
390448366
426769562
359118748
411679660
352344760
543518981
405372189
399185824
373131310
381331935
423765308
436474600
365618048
385773327
267386963
294783933
34673804
360326270
34673804
420459878
431589997
377794209
383436228
384075216
267386963
34673804
374238071
365618048
267386963
34673804
385944749
408837245
461427485
267386963
373450737
529075750
297703080
371719546
34673804
529075750
51885065
423205597
267386963
345006159
375002883
28515402
421399238
339938798
19567059
435689424
405372189
334018723
452588470
350365165
411993605
361505368
297130573
19567059
368817774
357723987
353540473
34673804
439384726
361299536
569421344
274212177
24820863
52394583
297130573
335867264
63484632
269036332
451342100
58358682
49444525
336994276
384023811
30185088
63484632
361505368
324880405
297130573
34673804
370112641
36583985
461427485
267159063
431589997
266522107
343702535
573845610
431589997
589618774
461427485
357474990
35050148
52394583
592002133
462659603
585514272
473512120
297130573
357723987
451669426
34492969
584211184
58358682
297130573
484737541
411679660
343702535
585514272
591325580
