432646327
339894522
330235916
27376137
384913125
432646327
20502275
22740037
591434431
281497265
21368796
19721303
367777861
449191671
440194399
429629023
37226809
356301925
29318127
368189943
311640198
48797952
360579542
432646327
541442483
367777861
532411431
397056226
37226809
432646327
440194399
20502275
589437725
48111420
33411162
449191671
27376137
33411162
19721303
310026878
340290627
363287006
330235916
440194399
348344821
373507706
311886818
20502275
434640779
387288946
66085558
20502275
345267525
357232471
396216582
310026878
376445657
432646327
20502275
401792089
330235916
373507706
20502275
353340431
591434431
348344821
382885093
63490208
415841464
440194399
581476174
33307074
440194399
31950852
590369510
20502275
39785073
591855387
396216582
374230664
432646327
407881070
396216582
381906542
368189943
591434431
32200558
429629023
280492346
20502275
393325170
397844847
375696126
20502275
432841277
348344821
371277102
36463611
434640779
591325663
433389797
33411162
398670294
37226809
432646327
558700488
348344821
441189210
53581212
20502275
19721303
434126254
340290627
19721303
591434431
33307074
20502275
465308528
31193320
63564805
20502275
20502275
61868165
340409698
436591105
448747888
33411162
19721303
420301986
590499197
20502275
20502275
20502275
36615610
32169505
20502275
36615610
52552898
432646327
29318127
365821333
316767690
330235916
397844847
32169505
37226809
20502275
31193320
390756317
367817133
20502275
66085558
265535603
60846621
31950852
55293058
440194399
21368796
378931553
435743107
377798675
401878488
317671659
62308451
408454239
55293058
20502275
267213752
408454239
432646327
367777861
319878837
335908136
30942586
52965671
311640198
382858335
340290627
470578454
51743605
320566773
440194399
311640198
381877060
28686698
27376137
20502275
331673041
31728731
356969478
20502275
457930606
440194399
287478432
386618286
400883054
376445657
287478432
391282215
355405316
373507706
51999356
49444525
310026878
20502275
348344821
66085558
37226809
33411162
408454239
440194399
382885093
403783401
31728731
311886818
393325170
333669186
367777861
31950852
366663227
392634821
43432636
330235916
287478432
440194399
20502275
21368796
448745995
357402054
381906542
406410653
429629023
368707290
407306019
271980751
62308451
391723998
367777861
29318127
588742214
310026878
36463611
392198505
368919158
375049545
408454239
19721303
369424850
367817133
434126254
324841201
21368796
37226809
368919158
368707290
434126254
436591105
423205597
319878837
397056226
392198505
423205597
20502275
348344821
397844847
20502275
19721303
376082519
306158188
406410653
32169505
306158188
36423344
477564867
61868165
20502275
20502275
60846621
29318127
27376137
396216582
379216752
31950852
36463611
389060270
29318127
423205597
31728731
36463611
373713369
311886818
363287006
20502275
367777861
447809395
49444525
373713369
373047702
358743437
20502275
36615610
37226809
311886818
20502275
391413297
357564124
367631742
314922102
441189210
32200558
311640198
60846621
20502275
36463611
37226809
340281262
33411162
357402054
410845383
20502275
374437955
36615610
60846621
20502275
374437955
37226809
335908136
30942586
367516378
397748448
367777861
310026878
374453878
355823399
381872773
36463611
319878837
387490644
36615610
266251546
63564805
367777861
27376137
385696910
19721303
49444525
355823399
374230664
350579844
60846621
31950852
19721303
373507706
27376137
310026878
311875592
391997599
58358682
29318127
374230664
49444525
36615610
456233930
390917262
37226809
319878837
392198505
441189210
355756993
64872573
20502275
43689490
423205597
369424850
429629023
20502275
401361131
26014972
429629023
20502275
400883054
319878837
455774855
367311742
435688026
323248803
357402054
438019056
440194399
377641968
60846621
32169505
357232471
68543252
21368796
311640198
68382300
415596788
396154197
51743605
287478432
381877060
37226809
418809857
345267525
357617315
20502275
447809395
266349140
395596856
440194399
461378302
339894522
356969478
395596856
267213752
367817133
335908136
357402054
21368796
381339846
40485286
32200558
408710310
393703962
63335765
280667157
361962701
35080781
379900628
441189210
396154197
386056676
306158188
57991306
408837245
20502275
335908136
432646327
356053959
28515402
435689424
429629023
440714531
405062557
441189210
419981526
355254269
20502275
37226809
458132401
398670294
448513091
19721303
401107894
380634046
437606190
20502275
376255939
457547212
397747506
27376137
281497265
31950852
444512372
440194399
364337887
392358097
401792089
423205597
408454239
58358682
319878837
397056226
30942586
37226809
443534286
390756317
376964590
424859527
27376137
58358682
36463611
27376137
66085558
357402054
348344821
27376137
311886818
37226809
397485691
64577788
589437725
415596788
350672876
266235773
373566320
284007229
391997599
386618286
382885093
558700488
440194399
394295306
357474990
31728731
66085558
45489864
36463611
366011859
313625028
378213901
403096156
390756317
429629023
335908136
37226809
27376137
558700488
461378302
434057595
377798675
20502275
32200558
33411162
66085558
558700488
408457850
21368796
393325170
37226809
21368796
397844847
380634046
63490208
321289737
37226809
591434431
411569324
20502275
372314914
263913810
423205597
429629023
34835022
468112461
20502275
352622564
311640198
19721303
429629023
348344821
53581212
367516378
345267525
20502275
558700488
399157960
573913702
423205597
452590785
37226809
431976257
380634046
20502275
429629023
20502275
590369510
20502275
393703962
20502275
591434431
590499197
52965671
558700488
20502275
590369510
20502275
36615610
590499197
590369510
266235773
22740037
31950852
55293058
356301925
29318127
48797952
62308451
58358682
66085558
31728731
363287006
41025312
64577788
376445657
66085558
373507706
66085558
357402054
306158188
408454239
19721303
36615610
20502275
19721303
37226809
20502275
19721303
