458961740
459319886
355021308
402530917
430835398
459319886
388642402
402530917
355021308
318103333
459319886
451654605
477687461
431595764
425525574
458480494
421803386
455874292
402530917
355021308
459319886
408916663
431595764
355021308
459319886
408916663
451654605
402530917
459319886
478842774
471348523
459319886
405445851
317227871
471348523
439187759
402530917
447756553
434826535
585538484
430835398
402530917
514319826
408916663
451654605
421803386
402530917
459319886
421803386
402530917
488026591
459319886
434573710
462867893
318103333
316462717
459319886
355021308
430835398
408916663
459319886
430835398
459319886
451654605
421803386
318103333
430835398
459319886
391647200
430835398
459319886
355021308
431595764
342944143
480826687
465021069
355021308
419095540
318103333
402530917
346293932
585538484
402530917
430835398
318103333
402530917
451332984
441516913
318103333
402530917
410930839
454715155
421803386
338274999
323322968
459319886
466782185
469183913
459319886
430835398
479527212
370785456
477711474
456876829
459319886
402530917
316462717
459319886
482499350
488952621
416911459
391647200
482448503
318103333
430835398
318103333
459319886
410501021
448779070
459319886
477687461
457737216
316462717
430835398
440877410
402530917
404518835
431595764
318103333
402530917
459319886
467530402
318103333
355021308
430835398
426107795
456444575
342944143
468417209
466782185
318907863
459319886
430835398
402530917
477687461
458480494
455874292
462867893
402530917
414240951
451654605
433585709
471348523
430835398
342944143
408916663
459319886
462867893
318103333
360031730
459319886
488952621
355021308
451654605
474196427
459319886
404518835
355021308
480826687
459319886
318103333
475363082
430835398
471348523
402530917
421803386
459319886
338274999
355021308
430835398
370785456
477711474
474282868
404731713
472244786
426107795
316393824
430835398
318907863
371405718
