442397053
414676308
442000334
549671981
356455596
442000334
56746161
549671981
442000334
551791563
549832658
414676308
588106176
442000334
548935730
396561172
443298178
396561172
442000334
443967615
356455596
442000334
549832658
550804857
442000334
461129009
549138492
442000334
549671981
41970993
408026455
442000334
442397053
442000334
549832658
442397053
548935730
443967615
442000334
356455596
549832658
23755005
549832658
442000334
442945324
443967615
298716350
442000334
442397053
442562376
442000334
551425835
356455596
34498896
34498896
442000334
550804857
443298178
442000334
551791563
442000334
548935730
396561172
443967615
34498896
442000334
551425835
442000334
442397053
443967615
442397053
442000334
442397053
442000334
443298178
442000334
443298178
442397053
442000334
443298178
442000334
569813895
442000334
442000334
45055496
442397053
442000334
45055496
442397053
548935730
549671981
443298178
442397053
549832658
442000334
34498896
442397053
45055496
442000334
442397053
45055496
442397053
45055496
442000334
548935730
559978413
45055496
442000334
442397053
442000334
442000334
442397053
559978413
442397053
442000334
442397053
443298178
442000334
442397053
45055496
549832658
442000334
442397053
442000334
442397053
442000334
442397053
45055496
442000334
442397053
414676308
442397053
549671981
548935730
443298178
549832658
442438847
549671981
442562376
442438847
549832658
549671981
356455596
443298178
549671981
442000334
45055496
443298178
39535514
442000334
396561172
443298178
549832658
548935730
549832658
396561172
442000334
551425835
443967615
549832658
45055496
551791563
443967615
530002287
549832658
443298178
443967615
52277405
551791563
549832658
45055496
549671981
39535514
442397053
34498896
45055496
442438847
396561172
549832658
356455596
443298178
548935730
549671981
443298178
551425835
527240404
548935730
443298178
443298178
45055496
45055496
414676308
442397053
442438847
45055496
549832658
45055496
549832658
443298178
45055496
442397053
548935730
45055496
442438847
548935730
569813895
442945324
442438847
498587638
442397053
287491096
549832658
45055496
551791563
442000334
442397053
549671981
45055496
549832658
551425835
442397053
45055496
549832658
442000334
443298178
45055496
442438847
549832658
548935730
45055496
548935730
442397053
442945324
45055496
551791563
442000334
442397053
551791563
442397053
443298178
45055496
442397053
443298178
45055496
551425835
442397053
45055496
551425835
559978413
442438847
45055496
443967615
549832658
45055496
442397053
442397053
45055496
442438847
549671981
589229107
45055496
442397053
442438847
45055496
442397053
559978413
549832658
442000334
549832658
56746161
370292298
442438847
442000334
414676308
549832658
396561172
442438847
443967615
550130385
39535514
27482362
548935730
551425835
443967615
27482362
549832658
396561172
443967615
443620711
27482362
396561172
443298178
443967615
442562376
39535514
396561172
442000334
283597860
549832658
442562376
442397053
443298178
549832658
396561172
443967615
45055496
443298178
396561172
549832658
27482362
551425835
549671981
549832658
549138492
551425835
45055496
549832658
549138492
551425835
442945324
396561172
550804857
443967615
408026455
442000334
396561172
23755005
550804857
445308538
442562376
443298178
551425835
550804857
287491096
443967615
551791563
550804857
396561172
550795808
550804857
442562376
443967615
551791563
443298178
39535514
443967615
549832658
443298178
39535514
445308538
549832658
443298178
549671981
39535514
443967615
443298178
45055496
442000334
549671981
442438847
443298178
551791563
443967615
442438847
550078730
45055496
580263068
551791563
39535514
442390356
549832658
52277405
569813895
549832658
45055496
443298178
549832658
551425835
548935730
39535514
549832658
551791563
548935730
442397053
549832658
548935730
549671981
287491096
45055496
549832658
443298178
551791563
549832658
442000334
551425835
549832658
45055496
443298178
551791563
549671981
551425835
443298178
442000334
551425835
443298178
549832658
442397053
442945324
551425835
443298178
549671981
45055496
551425835
559978413
548935730
442945324
551425835
442438847
549671981
443298178
442438847
559978413
549832658
548935730
442438847
45055496
551791563
442438847
442000334
549832658
442438847
45055496
296223438
549671981
442438847
530002287
549671981
396561172
551791563
548935730
551425835
443967615
549832658
550804857
549942957
585899512
549671981
443298178
548935730
443967615
442000334
550225267
589229107
442000334
548935730
589229107
396561172
548935730
589266196
549671981
442397053
549138492
589229107
443298178
442562376
548935730
569813895
442562376
549671981
551791563
549832658
551425835
548935730
45055496
45055496
442438847
559978413
442397053
45055496
442397053
559978413
442397053
589480256
45055496
442397053
533420273
589229107
588630087
442562376
442397053
442397053
442397053
