28796160
25911461
29442629
22993675
62323623
533541015
19557810
26043534
37170519
25550115
29442629
447515444
21706153
525964282
533541015
29442629
48688548
379402748
29442629
386068784
379402748
487278439
434534710
35868105
48688548
29279190
29442629
528307441
29442629
24328767
23561359
62678235
547237068
23447811
66917431
394247805
377315127
25911461
528307441
48688548
525429041
471284997
527579952
487278439
24858723
22993675
19557810
32293363
29279190
441038431
48688548
25550115
19557810
20182245
39449047
394247805
441038431
19557810
48688548
527579952
28796160
527579952
28796160
29442629
455958652
29442629
28130570
527579952
20810737
19557810
24924211
20019373
25577960
525964282
394247805
527579952
487278439
525429041
429578493
525429041
28583551
19557810
23447811
62323623
29442629
527579952
302633328
19930938
55866371
62323623
22993675
62678235
19557810
62323623
21706153
24328767
23447811
447515444
21706153
62323623
19557810
36671817
377315127
525429041
372440180
19557810
29442629
62323623
360004436
28173980
471284997
359798116
29442629
28173980
441038431
35632965
20733404
20827771
24328767
471284997
49188021
302633328
28796160
29279190
64639635
24924211
380088043
29442629
22539051
29872227
24924211
24328767
23447811
28583551
20887051
527579952
528307441
394247805
28796160
269911799
525429041
22993675
28173980
527579952
20358204
52701136
24328767
20887051
21706153
19557810
60217042
450068495
35632965
21706153
20827771
379402748
20019373
23447811
34728632
35632965
19557810
41015138
35632965
62951349
23561359
24201324
29442629
514003153
298580912
264022634
23858535
41015138
24858723
29279190
29442629
377315127
39449047
24008176
41015138
58892803
528307441
377315127
35632965
398398220
29442629
19557810
487278439
24328767
264022634
304164425
27351199
20323108
39449047
55688337
380088043
547237068
20182245
59578059
55688337
435394585
527579952
41015138
527579952
24690496
22993675
19557810
24858723
452673009
19871683
23168165
380088043
23465412
26043534
533541015
38190871
379402748
33950383
26043534
62951349
24906282
24858723
21706153
28173980
35632965
528307441
36671817
62951349
527579952
517217495
29442629
547237068
62323623
27351199
62951349
433314063
547237068
450068495
21146721
48688548
35632965
21706153
47502594
27545323
589724803
388457407
39449047
447515444
38190871
25577960
398286832
25911461
527579952
34728632
388457407
528307441
527579952
331563715
434534710
447515444
28173980
24924211
398398220
62951349
398398220
62323623
29442629
20206575
23867353
434534710
447515444
62323623
447515444
49188021
377315127
589724803
53580056
62323623
525429041
471284997
380088043
32293363
398286832
527579952
435394585
62323623
398398220
55688337
28583551
20810737
28173980
394247805
39449047
487278439
25577960
23447811
527579952
398398220
24690496
398398220
20827771
19557810
471284997
398398220
411232156
285944634
58378683
29442629
480713142
524417866
585981399
24858723
527579952
527579952
24858723
62323623
24328767
19557810
21706153
22993675
19557810
266111042
360004436
394247805
24858723
19557810
547237068
527579952
20980298
331563715
19557810
24924211
41015138
269911799
20810737
55688337
38190871
302633328
24102055
35632965
23572647
