29546605
28448539
528006889
294357295
31555757
22309965
528006889
477438738
31555757
398803110
24891067
390244541
25052248
447422200
488505925
29371571
447422200
33316081
447422200
488505925
477438738
488505925
477438738
447422200
488505925
477438738
483702385
447422200
447422200
447422200
447422200
447422200
447422200
295560121
447422200
398803110
26451446
447422200
395297681
447422200
296104143
447422200
447422200
447422200
25753984
447422200
29250950
25578132
447422200
25145170
29250950
447422200
24598414
26688357
25407108
447422200
25088460
25434510
25086072
447422200
25087570
25107606
25145170
25753984
25088460
25876660
25084577
25145170
24891067
24439560
25145170
24598414
25145170
25407108
