512913044
524222419
339682703
313844344
443381366
524222419
428642265
307048815
443381366
424944846
340196227
524222419
282113481
415608016
524222419
346151768
442863426
309532375
328867000
524222419
307048815
272389322
459575950
28049369
512913044
524222419
421922784
512913044
352802446
308889790
449816594
473499221
22828723
592153783
317227981
54193371
64518843
394907410
524222419
362686976
512913044
524222419
428642265
292210957
377951375
523998284
64518843
282113481
377138089
64518843
381495954
407972192
21484759
380805176
400108290
404736413
421073981
422154692
340196227
332409002
360153135
406267351
372710387
512913044
362686976
378765920
590677297
410257993
524222419
524222419
406798912
21484759
524222419
442863426
459575950
377138089
524222419
405864113
20084483
360153135
459575950
524222419
443381366
524222419
415608016
309532375
524222419
381495954
471561243
28049369
328867000
20972401
272389322
28049369
340540333
440332652
448113404
512913044
524222419
67735721
64518843
304983336
64518843
362957433
317227981
54193371
425399731
64518843
425399731
374473926
60954886
428642265
455410574
28049369
524222419
407197017
393959867
379498064
516712592
347864737
420682510
289614839
334813391
377138089
279803912
421922784
450679559
300778495
524222419
512913044
319587896
471288238
378765920
292210957
409876404
512913044
406267351
390998356
524222419
484721890
362686976
400238009
342171319
512913044
290180741
340540333
68644242
450780787
400108290
524222419
340196227
24194366
459575950
48132042
369347399
450135063
443381366
524222419
424944846
368819697
340196227
282113481
352802192
381495954
437184470
54193371
442863426
272389322
389526754
64518843
349773104
309803543
321773313
386402324
418945619
459575950
524222419
361874114
359916797
524222419
356298446
524222419
353839314
406171018
539130704
381495954
583329939
306630653
429696277
371464589
382855853
480592987
466883150
459575950
420682510
346802327
456272265
282113481
524222419
423292959
407974731
272389322
362686976
385890439
590067825
372345611
589896370
282113481
343518424
587395298
361855859
359916797
272389322
455598692
381495954
355429125
524222419
446958488
356298446
302050679
306996311
306630653
471548427
589896370
424944846
370093411
424685605
395828995
572104700
340196227
332409002
360153135
340196227
420682510
445240573
340196227
572104700
396477723
294759168
512913044
407972192
524222419
314502439
272389322
492786392
21272597
589461281
339349071
290180741
512913044
512913044
526950906
589536682
64518843
524222419
589909941
524222419
512587489
589909941
524222419
572104700
22240269
391839015
292210957
441617700
360153135
339682703
428642265
28049369
64287036
340196227
524222419
28049369
394907410
341964496
304983336
394907410
374473926
377951375
400108290
513130185
47613023
409876404
272389322
484721890
342171319
294759168
378765920
314502439
272389322
21272597
31945498
