29271561
394965302
36076467
570470084
396671461
361159263
29271561
373903509
398697848
29271561
29271561
393936207
392533048
361159263
356301533
361159263
29271561
549762662
366346467
505127755
361159263
337835433
383050041
314383323
366681019
361159263
337835433
393936207
361159263
367429522
388294081
337835433
330290985
573181800
361159263
398697848
367429522
579025005
361159263
337835433
361159263
337835433
524988175
524988175
549762662
353061821
393229543
327706102
361159263
394965302
337835433
361159263
582049584
361159263
582049584
371450755
361159263
431361310
463581296
361159263
466858910
505127755
375740008
361159263
337835433
361159263
337835433
463581296
356737551
361159263
392533048
375740008
393936207
361159263
375740008
361159263
398697848
569355195
361159263
398697848
28744267
361159263
403246937
45659556
361159263
573181800
388294081
361159263
388294081
293634361
361159263
337835433
388294081
361159263
361159263
373903509
513456115
361159263
361159263
361159263
29271561
29271561
361159263
403815677
393229543
361159263
395681092
337835433
361159263
361159263
371450755
361159263
361159263
45659556
361159263
573181800
361159263
29323733
337835433
403246937
361159263
361159263
