22586211
272032398
508916414
474920545
386359622
22586211
338456354
389957504
22586211
338456354
382488468
273762685
360581290
338456354
272032398
64215861
35701819
55082539
272032398
338456354
403632851
339577754
34122163
21858131
338456354
64215861
22586211
43560094
508916414
338456354
22015577
375999350
55082539
443179148
55864553
338456354
587827160
272032398
268527705
338456354
22586211
309857615
457059895
55082539
338456354
35701819
360581290
27433017
587827160
22586211
363045727
338456354
443179148
333921758
338456354
382228699
338456354
35701819
55082539
338456354
348687211
272032398
338456354
325103345
389957504
63193188
555488014
338456354
26679401
389957504
455282550
22586211
436004525
389957504
55082539
309857615
402350139
338456354
55082539
443179148
317453104
338456354
471993853
524725850
273762685
338456354
55864553
55082539
442709204
485148383
338456354
337549930
338456354
22586211
389957504
21858131
485148383
47054345
338456354
35701819
375999350
457059895
39305498
346801209
22586211
338456354
387924818
338456354
34122163
336604914
338456354
47054345
587827160
47780201
369812993
334784977
338456354
587827160
47780201
338456354
34957611
485148383
338456354
46889757
442709204
338456354
24150008
336604914
265998912
479516309
591202126
389957504
63193188
22586211
338456354
37032881
22586211
47054345
47780201
368982764
338456354
22586211
47780201
587827160
63193188
338456354
442709204
47054345
338456354
63193188
338456354
264221948
36859655
21858131
508916414
474920545
357052141
443179148
34122163
21538423
23028848
21858131
47368660
341434414
401614786
425723606
57956867
24150008
34122163
425723606
471993853
273762685
22188245
384485830
317130114
47368660
268527705
55082539
443179148
387652677
403632851
442709204
341434414
371891607
37032881
337549930
402733227
55864553
55082539
272032398
389957504
378117657
55082539
327094226
364125533
272032398
414151495
55082539
43560094
373321525
378319533
389957504
47368660
366257494
368472291
334784977
22586211
35701819
46531931
62514799
21294917
20791039
55082539
386359622
351052558
373921438
64401521
442709204
389810966
63193188
60168579
329734369
35701819
366257494
55082539
34122163
365818116
64005135
389957504
358704232
373321525
327094226
338456354
385005265
434600792
338456354
389957504
53112584
36859655
386485124
55864553
47603524
389957504
23951780
373921438
442709204
389957504
338456354
334784977
389957504
359081529
334784977
370157745
322850548
443140891
389957504
47054345
380860859
378117657
368982764
22586211
31288727
47054345
475478207
338456354
334784977
442709204
47780201
39305498
368982764
443179148
55082539
389957504
341434414
47780201
487744469
338456354
442709204
46889757
338456354
35701819
63193188
334784977
442709204
338456354
442709204
22586211
442709204
21489644
21583909
22586211
24150008
23379269
22015577
348687211
360317403
34957611
317730083
340729794
65775744
36859655
267647842
387652677
393994417
34957611
317453104
20835179
339076311
333747950
55864553
346801209
23356709
434600792
63699954
35701819
64215861
439526229
363045727
364125533
31752229
22586211
364125533
334784977
47603524
371773222
27433017
351052558
373321525
272032398
55082539
442794665
443179148
57956867
351052558
287938702
471993853
24300410
34122163
380860859
505873890
373921438
442794665
442709204
63193188
327094226
346568527
35701819
365818116
389957504
38145776
491392881
339577754
359341625
276653221
403632851
334784977
55082539
376623281
22015577
359341625
443179148
380860859
51023057
339577754
386051964
384485830
64576532
47368660
55082539
369812993
369264277
384485830
47368660
443179148
57996387
338456354
47603524
428410169
55864553
338456354
264920373
341434414
272032398
485148383
365607934
47368660
341434414
482890616
428410169
456802330
341434414
368982764
22586211
373913751
47054345
442709204
331785799
55082539
369812993
35701819
22586211
309857615
47706461
373950006
334784977
486312239
391926086
369812993
334784977
368982764
66251389
369812993
47054345
485148383
334784977
442709204
485148383
35701819
47780201
334784977
331785799
35701819
334784977
22586211
364125533
54493728
374001555
479516309
47780201
485839365
334784977
442709204
22586211
334298813
333104401
46889757
443179148
55082539
22586211
442709204
60168579
337547195
508916414
27433017
348687211
371410703
471993853
442709204
334784977
22015577
346568527
55864553
471993853
359519859
316150715
471993853
55082539
43560094
443179148
341434414
324611918
443179148
368472291
41287575
331785799
327094226
417979678
322935166
348687211
22586211
322935166
310090674
47603524
309857615
35701819
372739123
47368660
55082539
381790521
331785799
22015577
508916414
374091553
421505772
331785799
63193188
443179148
22586211
387475327
370123873
320984809
366003295
370907484
31288727
334784977
327094226
341434414
439526229
491098947
385066921
36859655
371884625
329734369
333921758
62514799
65862402
55082539
363635733
486771186
55864553
55082539
365818116
329734369
55082539
364718407
443179148
334784977
341434414
521701615
491392881
334784977
380790444
322850548
366257494
386359622
382488468
24606340
47054345
485839365
68071042
23951780
487636510
439526229
41287575
590909553
318562330
334784977
327094226
455565044
491098947
364125533
412723330
267647842
487759041
389957504
34122163
487636510
55082539
47054345
349710832
20677362
386359622
338456354
334784977
35701819
47780201
360317403
485148383
334784977
47780201
485148383
34957611
402833497
489125817
488134596
20055175
46889757
365818116
442709204
485148383
485829119
334784977
442709204
485828341
63193188
334784977
22586211
334784977
368982764
334784977
21858131
20691521
36859655
334784977
21538423
37032881
55082539
341434414
36859655
31288727
53001985
64215861
469895221
264221948
360317403
341434414
55864553
55082539
47603524
364125533
41287575
269073371
334784977
55082539
368472291
47603524
488976902
329734369
64647323
488976902
348687211
379717631
24303866
332311817
265966776
373321525
63193188
389810966
403632851
384485830
488976902
276653221
384485830
489035085
47368660
365818116
486931800
327094226
360317403
55864553
485148383
446005730
379508555
22586211
508916414
487647960
483375724
