56614818
385507085
65340683
56614818
388738597
56614818
320458337
400586227
36251621
320458337
56614818
393036708
366180968
56614818
25524280
327629496
37501662
34400211
451165164
385507085
480624142
425980421
366180968
388738597
21902323
56614818
473371096
388738597
327629496
369810541
388738597
315261586
56614818
480624142
320458337
385507085
56614818
424532424
366180968
320458337
411853334
56614818
369666567
320458337
56614818
366215526
320458337
515585328
56614818
473371096
315248312
56614818
388738597
496810836
471866620
411853334
366180968
388738597
385507085
366180968
388738597
388738597
385507085
388738597
366180968
369810541
388738597
366180968
30428050
369666567
56614818
56614818
366215526
339596372
327629496
320458337
56614818
327629496
320458337
56614818
327629496
320458337
327629496
320458337
56614818
320458337
56614818
320458337
56614818
36251621
37501662
56614818
34400211
30428050
20753451
56614818
56614818
56614818
