309194898
408090782
558447900
360770461
309194898
309194898
333716391
470975669
551409623
309194898
461433177
588756274
309194898
576523084
550631362
408090782
309194898
548349645
362014348
577131286
309194898
347148991
579793818
309194898
591952382
346293932
472357187
309194898
485795710
309194898
570393577
570373196
584845584
570393577
453892110
309194898
456116868
520657351
309194898
578872895
577131286
309194898
588756274
584584193
309194898
485795710
309194898
576523084
495312519
576523084
570393577
485795710
470975669
485795710
578872895
591567892
485795710
508089225
584584193
309194898
584584193
588756274
576523084
590793196
586430305
309194898
579793818
485795710
463255783
