591689346
491444992
552630570
591966965
536211509
347424469
591658905
294434027
405519103
36035746
546297917
394535795
587776100
328458184
435544043
591047748
592104148
394535795
589022823
592104148
584366441
340230362
445523775
347424469
591470014
359051039
592104148
591658905
589422607
476751897
586343206
396152793
359051039
473981288
542079430
396152793
591658905
591689346
590599276
592104148
590599276
592104148
591658905
466342008
586470961
591689346
433850683
575952005
587441290
586842504
587776100
590889476
431875249
394535795
581139408
589626220
465950798
591689346
394535795
347586255
591689346
265640577
583867635
394535795
591470014
561355289
590736045
590803639
549331664
333111387
553408970
591689346
583867635
553408970
591689346
583867635
466342008
591047748
394535795
333111387
423430242
587776100
435544043
583867635
513387306
553408970
441810911
591658905
461164848
461164848
587776100
591689346
591658905
475449634
346048468
553408970
592104148
450562895
396152793
389005632
591658905
405519103
460105478
578652368
600936753
591658905
591658905
578652368
600936753
359051039
550652027
591658905
435544043
396152793
590803639
591047748
590599276
591689346
396152793
394535795
591658905
485252334
591813780
347586255
494405081
299758752
450562895
359051039
591159945
488187033
440727080
465950798
347586255
591658905
494405081
507131306
526112110
466342008
591005080
605312907
540920457
274765997
504204066
491444992
610524383
575952005
493046325
591658905
540920457
549331664
347424469
58760834
332563602
386258652
451288588
279343098
435544043
591047748
359051039
561355289
473981288
491444992
435544043
590803639
551432036
274765997
347586255
590232675
552630508
386258652
347586255
461164848
581694581
609509212
274765997
274765997
557375877
610105182
394535795
592104148
607305394
347586255
347586255
274765997
591784601
546297917
445745794
377012903
491444992
592104148
405519103
394535795
394535795
450034544
591159945
476751897
394535795
588091433
549178652
552630570
359051039
420662263
587286784
588855744
486933203
396152793
509263545
549331664
359051039
579929351
549331664
359051039
579929351
591318731
509501998
461657405
493046325
396152793
489298779
591769859
509455846
476751897
576151171
347424469
491444992
591658905
494405081
549331664
566812188
478411490
586195723
394535795
62171719
445523775
440022719
588967935
394535795
522046354
577935113
495857843
343475589
562408111
347586255
577935113
386258652
577935113
592104148
526553812
394535795
590803639
343475589
422535323
440022719
348681304
542079430
433204646
549183509
491444992
585010026
62171719
586330501
491444992
556137968
431253642
394535795
549331664
461657405
565159509
549767583
377012903
514108514
578652368
540002969
445523775
513590988
485387179
590333194
62171719
501849606
501849606
385138637
549331664
591318731
570967160
410208067
274765997
466342008
417393889
396152793
587729629
441810911
466342008
591658905
549331664
493046325
591047748
494405081
589500266
359051039
490377030
421637124
396152793
581645635
488187033
581987003
552630508
396152793
507131306
394535795
490377030
347586255
556137968
540002969
513590988
488333571
450562895
359051039
491444992
429909315
340492714
561729712
549331664
517113072
552630508
526553812
299758752
347586255
441810911
579929351
442886651
512012744
274765997
504204066
575952005
591047748
476824655
473981288
449194855
581987003
534964517
359051039
566684900
591689346
591689346
461164848
563422824
482657762
347586255
540920457
490377030
585010026
417393889
347586255
490377030
590599276
459883346
514108514
60066063
528536415
494405081
274765997
347586255
542079430
267511702
490377030
591363743
347586255
431875249
491444992
314500394
482657762
377012903
68778763
570332575
354273277
345729372
394535795
443912097
585900396
546313221
333111387
394535795
377012903
405519103
359051039
478411490
583258913
471152379
478411490
396152793
62171719
552630570
441810911
552630570
441810911
359051039
396152793
509263545
591221008
548696073
384240761
591048402
466342008
487677232
417902268
590599276
490377030
478411490
394535795
552630508
394535795
552630508
475377769
590599276
563422824
394535795
465950798
584926938
430169421
478411490
447394402
347586255
500774415
421637124
564509503
480234502
588052861
59902130
425103336
590736045
466342008
565570036
490597794
507726973
299758752
581987003
581987003
591047748
394535795
490377030
526553812
343475589
587729629
333111387
491444992
583867635
581694581
586187456
519095309
509557885
441810911
466342008
529367134
474496666
492084056
475462010
461657405
591689346
353509322
311241471
426768952
410208067
347586255
422857015
564377395
466342008
528536415
65312364
396152793
514699809
389005632
556137968
321337007
426317879
507131306
340308492
413242395
274765997
488333571
285187396
561287880
550652027
359051039
314473462
429909315
591658905
396152793
591784601
433850683
591047748
396152793
565570036
547369988
422667862
565570036
547369988
422667862
394535795
347586255
562894197
393892997
443912097
451288588
359051039
489882783
483555968
494405081
517113072
347586255
494405081
455638196
433850683
540920457
517113072
374853594
591048402
445523775
504204066
575015798
457383564
384240761
553443537
485387179
509263545
547369988
359051039
509263545
547369988
359051039
514108514
553408970
575015798
591689346
466342008
517113072
583867635
416869578
451288588
540920457
461164848
581134383
274765997
347586255
583752846
441810911
422696678
465950798
591221008
347586255
586552973
561729712
274765997
478411490
394535795
490377030
509557885
591658905
314500394
346902716
440022719
471773976
68778763
394535795
590803639
587634756
368555944
495286815
564377395
584366441
490377030
359051039
589500266
43619313
513131316
445519175
62171719
396152793
435379371
578151940
578151940
359051039
581134383
558163836
435576704
551432036
396152793
591440463
559691047
591966965
552418148
31228617
435544043
546230732
470197138
476824655
574845802
476413473
498879275
591435398
587128178
55695392
490377030
435544043
394535795
491444992
445519175
394535795
490296851
553408970
347586255
426768952
536818853
544822753
426768952
536818853
544822753
526553812
494543588
487677232
393892997
422535323
443912097
440022719
591813780
519723011
481959945
440022719
340492714
463722355
542724955
447394402
507726973
426768952
394535795
452460657
572936693
566891379
549183509
581904075
478411490
591658905
413019722
526553812
454605722
534315520
414064765
592104148
514701732
583139259
586160670
528922375
505594586
429909315
581987003
495857843
466342008
478781299
435544043
410208067
52749037
447394402
385138637
396152793
445523775
394535795
586330501
546230732
579601493
359051039
490377030
451288588
553408970
587442338
490377030
451288588
553408970
587442338
279343098
591046345
396152793
451288588
572936693
396152793
394535795
450034544
557264590
347586255
543680518
359051039
466342008
480234502
586294287
347586255
591966965
588555461
578302822
425293827
450562895
483556099
23541368
542079430
587776100
504204066
587776100
504204066
475462010
396152793
347586255
494405081
516584274
421543224
460131449
535722656
299758752
592104148
449640545
478411490
347586255
591658905
561193476
571850971
584708754
347586255
274765997
390775418
592104148
422696678
480234502
514108514
575015798
592104148
485252334
394535795
565159509
347586255
274765997
583935186
445523775
450562895
553408970
435544043
445745794
377012903
322374317
507366949
447480402
354273277
36035746
394535795
587101283
531492632
328458184
445374332
575015798
422857015
562217650
359051039
514500082
396152793
591658905
339034319
489730265
359051039
571542966
39658075
396152793
475462010
346048468
591813780
591658905
510498414
544118825
486824226
591658905
510498414
544118825
433850683
421637124
501849606
522449006
394535795
522994671
554390195
388584921
405519103
394535795
548760852
329585721
473146873
329585721
473146873
347586255
448790948
546297917
483554401
590599276
422696678
440022719
490377030
588555461
578652368
268293282
440022719
470166057
394535795
440022719
394535795
561729712
436493509
496775445
581694581
