375239234
27037537
549853792
500545055
27037537
511386158
48438225
437506140
500545055
21434255
50129660
511386158
27037537
429505656
21434255
50129660
373744669
27037537
450219998
511386158
587827936
27037537
565845098
27037537
404615101
50129660
581580337
27037537
312577366
447551986
27037537
33271133
385167083
511386158
27037537
266808178
430925995
565845098
511386158
50761693
429782703
327900983
511386158
565845098
27037537
305937689
511386158
360789697
301497464
27037537
384284528
21434255
511386158
50129660
27037537
430925995
305937689
465291417
441125253
466861424
27037537
50129660
565845098
33271133
40958730
500545055
27037537
500545055
511386158
360789697
475512200
511386158
565845098
424802051
21434255
542772009
50129660
27037537
511386158
408293664
565845098
429782703
492314535
373744669
445630378
565845098
511386158
454962931
36128048
323344385
511386158
590319454
511386158
542772009
511386158
591700061
27037537
511386158
501916920
426817072
542772009
511386158
589772391
40958730
327559977
408410016
305937689
511386158
591734289
511386158
327559977
586653795
39384355
511386158
305937689
600457310
21434255
511386158
305937689
511386158
542772009
266808178
305937689
21434255
511386158
407975192
305937689
379397962
27037537
36078065
373744669
50129660
360789697
21434255
36128048
373744669
291935169
54675177
27037537
24194332
355408960
48787591
27037537
279999466
40958730
587827936
306008472
447551986
63496323
50129660
373744669
370540011
21434255
315632441
511386158
360789697
461867420
21434255
37231941
305937689
50129660
403351408
494260101
50761693
360789697
531422148
21434255
431952148
50129660
376983239
445617541
511386158
319732899
511386158
428760379
266808178
542772009
34596012
327559977
424802051
360789697
21434255
448753333
312577366
361579247
445630378
305937689
445617541
301312584
462815773
445617541
