20713528
19911793
21630068
19586911
269749338
50447249
266040347
29059941
59613947
29059941
378774729
266040347
380965258
20713528
269749338
29158957
25958340
449547274
266560064
26799275
20182033
269749338
268228469
24106948
329941601
23194025
29158957
291131320
30593542
21630068
266040347
330004150
378774729
375105465
59285923
31852008
582594519
451850209
25842198
27195688
31852008
21630068
59613947
582747971
273636613
33190226
586166260
30593542
266268899
30593542
30041027
27195688
58901514
28769837
434729057
580111266
585534672
59099256
434729057
59613947
21630068
360610731
59613947
30593542
20209821
434729057
30041027
63244850
20209821
378774729
30729156
511178606
582747971
30593542
267943839
59613947
398381297
581891405
451850209
63244850
57742252
60558044
30593542
21043891
419224800
33190226
59613947
277918531
378774729
