28063998
308466220
384122058
369055216
25695834
453991830
384122058
25695834
369055216
270348147
26431662
28063998
384603193
270348147
28063998
509598575
407358132
391359208
369055216
28063998
356887274
20732616
442443799
573723596
20732616
21483187
369055216
20732616
52771423
330003251
36620780
20618146
308466220
589843916
327339379
330354776
40687249
358251046
270141023
26654379
24020559
453991830
509598575
25695834
362845539
588063151
412431092
384122058
563988667
412324486
442443799
21683039
26431662
383007573
327339379
411156172
356887274
590407189
327339379
461483395
51852439
557144820
381892035
327339379
481485183
381892035
577545131
273780309
379161507
270348147
330003251
323169662
568200646
577545131
270348147
384122058
557144820
590407189
490227234
488993455
23862721
26431662
494318241
