45355859
335725987
22002381
332268314
271134193
45355859
363200899
22002381
442611302
45355859
22002381
265937422
496958314
45355859
22002381
518565467
363200899
45355859
271134193
356082282
45355859
22002381
335725987
45355859
22002381
335725987
332268314
324985604
335725987
332268314
45355859
438757426
439778079
45355859
26479542
591959390
45355859
325995751
335725987
22002381
335725987
45355859
22002381
496958314
439778079
45355859
307697392
439778079
45355859
392774496
399866779
392774496
45355859
442611302
356082282
392788106
399866779
45355859
513928548
45355859
511545464
335725987
45355859
393565523
56450408
335725987
38286252
591959390
392774496
271134193
368844912
45355859
372107820
45355859
22002381
56450408
439778079
460641579
357969903
335725987
496958314
45355859
335725987
496958314
460641579
265937422
439016614
479441137
307697392
479441137
307697392
362432091
45355859
584899060
45355859
50017192
64882905
560947166
399866779
45355859
335725987
22002381
26479542
363200899
45355859
23798306
363200899
45355859
332268314
324985604
307697392
45355859
27722018
325995751
22002381
439778079
265937422
442611302
356082282
399866779
332268314
45355859
343972407
368844912
372107820
335725987
