282115235
288264265
61041290
37222569
288264265
43519235
39572433
432344178
288264265
37222569
35835240
39572433
28079232
288264265
395675566
267290084
580483386
289176899
288264265
39572433
37222569
433788526
288264265
43519235
290194626
357818286
433788526
288264265
267290084
39572433
357818286
288264265
395675566
35835240
43519235
357818286
290194626
395675566
288264265
267290084
39572433
28079232
288264265
267290084
39572433
290194626
395675566
267290084
433788526
37222569
288264265
357818286
433788526
267290084
50475497
290194626
433788526
267290084
288264265
23679582
433788526
288264265
282115235
357818286
433788526
28079232
288264265
290194626
39572433
37222569
267290084
39572433
35835240
357818286
61041290
290194626
433788526
357818286
288264265
290194626
21577150
433788526
357818286
39572433
37222569
290194626
267290084
37222569
381740398
430131692
267290084
37222569
357818286
290194626
267290084
288264265
39572433
37222569
267290084
433788526
431904563
267290084
39572433
432344178
357818286
37222569
267290084
433788526
420377320
288264265
267290084
37222569
267290084
433788526
288264265
61041290
357818286
267290084
433788526
288264265
279622056
267290084
433788526
431904563
39572433
267290084
267290084
433788526
24040545
267290084
433788526
430131692
267290084
39572433
433788526
267290084
37222569
267290084
430131692
288264265
267290084
37222569
431904563
267290084
433788526
288264265
267290084
431904563
433788526
39572433
288264265
267290084
37222569
267290084
290194626
288264265
37222569
43519235
288264265
35835240
37222569
43519235
288264265
267290084
290194626
43519235
288264265
395675566
433788526
37222569
29850999
37222569
433788526
288264265
39572433
290194626
357818286
39572433
433788526
290194626
61041290
38854351
290194626
433788526
288264265
267290084
288264265
267290084
61041290
580483386
267290084
431904563
39572433
43519235
267290084
580483386
433788526
430131692
433788526
267290084
288264265
267290084
37222569
433788526
357818286
433788526
433788526
43519235
267290084
