342877701
23496118
436567995
67359146
585548763
436567995
458656718
301673012
556124960
458656718
561854109
458656718
430929201
555465143
48361334
36309648
522277488
434768054
342877701
559548979
522277488
400627925
517012511
36309648
305247744
522277488
295152089
558926747
585548763
522277488
338458519
522277488
351052558
585548763
559242319
522277488
560453766
337210071
351052558
522277488
36309648
522277488
467290758
556205358
522277488
557771222
351052558
338458519
585548763
522277488
417110057
555498179
585548763
548751829
555498179
479181404
574550576
558968802
559548979
556548536
441557276
453007881
353754645
556548536
338458519
458656718
522277488
559143218
559242319
522277488
479181404
522277488
295152089
559548979
338458519
338702780
548751829
522277488
555498179
463744819
559548979
522277488
559548979
338702780
417110057
556548536
522277488
67359146
559188782
559143218
338458519
522277488
338458519
559184763
585548763
585548763
559184763
522277488
338458519
585548763
522277488
353754645
338458519
271555297
560133846
559188782
555436214
557796236
559188782
556548536
338458519
558812828
564515932
555498179
585548763
522277488
338458519
559328380
559862148
522277488
555436214
33306165
585548763
557904216
565054511
338458519
559862150
562935192
67359146
338458519
559862150
342877701
561854109
436567995
561854109
51472505
36309648
522277488
585548763
558926747
338458519
36309648
522277488
279897387
522277488
301673012
270776459
557771222
581281312
586809863
479181404
286223133
574550576
558968802
556548536
338458519
458656718
522277488
559143218
559242319
522277488
338458519
338702780
522277488
555498179
338702780
67359146
559188782
559143218
559184763
279511219
584080909
559184763
587236853
587236853
588165503
560133846
559188782
587236853
559188782
556548536
558812828
533917483
564515932
555498179
444341542
581281312
522277488
590238821
585548763
559328380
588165503
581358134
585548763
581358134
557904216
565054511
338458519
559862150
581358134
562935192
67359146
581358134
338458519
590238821
559862150
342877701
581358134
561854109
585548763
581358134
559794735
581358134
564515932
581358134
581358134
581358134
581358134
581358134
581358134
581358134
581358134
581358134
581358134
581358134
581358134
