493260595
501905511
499506323
550491842
28800739
501905511
537772384
524567233
469833663
270325733
385176634
542483237
501905511
588156733
537772384
560671543
28800739
501905511
28800739
501905511
550491842
575237072
28800739
588156733
501905511
28800739
523706226
588156733
521383219
501905511
56322335
28800739
501905511
35294284
28800739
519679026
501905511
28800739
501905511
523706226
28800739
501905511
28800739
587739939
521677481
385176634
504091590
521677481
537772384
501905511
53873859
587636889
521677481
560671543
588156733
519679026
587636889
501905511
523706226
385176634
542483237
270325733
529650629
519679026
28800739
28800739
560671543
