36623197
28478033
586572337
27907526
443374520
21444786
60320044
522556751
558242595
274220285
35695724
586572337
32133930
297581841
333010893
378790573
522556751
68516344
568447051
444379153
522556751
32133930
450757961
23896059
68516344
36623197
444379153
434660585
19851449
558242595
407568202
403161923
589456621
475797836
481819093
565852380
558242595
431109587
265817449
475797836
444379153
550592020
431109587
544082007
573008649
378790573
51485152
558242595
475797836
423399072
20854993
558242595
340485421
407568202
558242595
522556751
333542672
42136398
558242595
60320044
309028719
40741046
469572981
558242595
333542672
35477659
448182657
558242595
444379153
19746506
570253444
267360454
558242595
481819093
600172606
19851449
60320044
327623115
558242595
522556751
23503643
522230994
451311228
558242595
30697735
450757961
350752853
431109587
281344118
297581841
475797836
444379153
19851449
481819093
475797836
30697735
19851449
396439609
475797836
60320044
558242595
586388072
337107839
350807058
450757961
558242595
580648906
586388072
450757961
580648906
565852380
450757961
544082007
376261041
450757961
475797836
19851449
558242595
19851449
337896697
19851449
558242595
586388072
558242595
589456621
580648906
450757961
475797836
576106034
450757961
580648906
23061542
580648906
409930377
450757961
558242595
580648906
444379153
60320044
444379153
558242595
28478033
543504392
522556751
39389793
36623197
28478033
456802147
558242595
416157324
522556751
28478033
493594158
607169206
32133930
354451114
54475919
475797836
600172606
558242595
297581841
68516344
380677959
522556751
396299455
19851449
297581841
558242595
355094169
368856981
407568202
558242595
28478033
450757961
30656269
558242595
358617474
28478033
551179472
491726192
558242595
450757961
475797836
56129525
558242595
450757961
481819093
451311228
558242595
450757961
485518943
68516344
404552000
281344118
481819093
450757961
297581841
450757961
60320044
431109587
333874656
43503998
407568202
522556751
481819093
482507094
586572337
60320044
558242595
481660750
297581841
580648906
363190825
558242595
481660750
481819093
588086694
558242595
513216689
431109587
297581841
483748744
450757961
481819093
36623197
472194172
265817449
558242595
388901212
532391775
20300427
340485421
337896697
450757961
475797836
576106034
450757961
309028719
590709802
431559581
558242595
450757961
431109587
588086694
434660585
388901212
20300427
580648906
431109587
267360454
450757961
36623197
522230994
584153846
580818019
450757961
589456621
431109587
558242595
576106034
450757961
522230994
444379153
450757961
558242595
522556751
412402228
25346108
580648906
431109587
516200666
558242595
21764055
20854993
586388072
20300427
558242595
450757961
588624388
431109587
20300427
36623197
443374520
21444786
32133930
25042856
36623197
600172606
407568202
481819093
544082007
56129525
386992134
39389793
51930922
558242595
350752853
481819093
558242595
475797836
297581841
558242595
558242595
580648906
450757961
450757961
20775049
580648906
63170661
