565575341
341046974
557600073
585008573
574000116
21525225
590747376
302960927
497786277
602211667
587988324
583671261
29059043
497786277
565119295
569042768
28213441
558759956
497786277
553419818
564298064
553419818
564298064
558312476
557600073
362397132
497946019
585693708
586112749
335770391
553140411
565575341
497786277
573022237
573030447
577932230
551611155
565119295
455015619
569408745
565119295
460676379
558312476
588390021
569408745
565119295
341046974
565119295
341046974
565575341
265171145
565119295
585693708
433008684
345730439
578349953
345730439
578349953
569186674
558154770
412475913
29563832
273919371
569408745
565575341
341046974
411858200
331325085
553140411
497786277
341046974
344233918
569408745
569589180
557600073
461039839
573022237
553140411
448354173
588390021
575899618
575899618
497786277
575899618
611027361
587988324
378514609
497786277
565119295
471372631
448354173
553140411
472960059
591080611
565119295
610974404
586112749
586112749
288931094
584825278
569589180
573022237
565574264
610974404
341046974
497786277
350255171
273800097
552970276
565119295
591958822
397231782
397231782
478077326
265171145
565575341
411858200
574000116
575899618
553140411
341046974
66364901
589085519
610957799
341046974
587988324
47638581
341046974
47638581
341046974
486419766
335770391
610871610
497786277
461556338
565119295
588264870
571478532
314289703
590747376
24128777
333586114
265171145
575899618
341046974
565119295
448354173
591080611
585120068
565119295
460339045
460339045
585006983
341046974
324436819
391435938
299205851
47638581
25990025
557600073
341046974
497946019
484654968
21525225
587271955
571824626
497786277
273800097
21525225
434911062
587988324
548357695
573138338
329174073
534374914
559447952
565575341
558398027
478484825
579793873
453186965
38406407
331325085
584601129
506260400
591080611
565575341
564298064
571436879
569042768
266725873
314754694
273800097
477724190
497786277
460676379
553140411
266725873
565575341
497786277
588867315
558171499
26105195
565575341
461556338
430034611
497786277
586107176
38406407
497786277
434911062
503959910
38406407
341046974
321080330
577932230
444045759
497786277
341046974
497946019
576481901
265171145
497786277
433311114
584768206
448354173
497786277
28213441
474712257
586567714
575899618
497786277
558312476
298422066
547851517
497786277
558398027
329742878
536433163
497786277
341046974
552970276
565119295
307401026
497786277
307511431
569042768
301460591
314289703
588264870
579568402
591080611
553141366
434911062
478484825
370377858
553419818
452236978
534374914
573022237
280091512
461039839
307511431
565119295
47638581
569408745
569042768
558019952
309605989
326701924
558312476
341046974
565119295
565575341
559023859
461574705
26105195
307511431
302960927
558398027
376743873
265171145
455015619
565119295
577932230
482821624
562283226
448354173
497786277
401658248
306915527
565119295
497786277
569408745
552970276
565119295
497786277
558312476
586079714
344233918
341046974
459262013
586567714
585693708
364022878
569408745
497786277
462339643
47638581
547755439
341046974
565119295
386653659
307511431
559447952
586567714
558312476
545894557
577533047
565119295
526176805
307401026
423458090
386653659
580974490
47638581
559484509
460339045
452236978
341046974
569589180
324436819
497786277
498270666
405776732
558019952
428165619
452236978
590747376
38497833
558398027
397364663
565119295
564781450
589470213
273800097
586107176
322637309
344233918
460676379
319118330
549641945
575899618
307414014
585320943
559484509
564298064
476024529
421043474
584970826
397364663
314289703
550997249
476842335
298422066
550255307
461556338
565119295
500333945
587988324
337850902
557853408
573022237
591520560
266004310
265171145
573022237
567600376
19667267
569042768
32423404
497786277
282345576
558019952
585006983
492005252
497786277
29059043
442988303
461039839
514061398
497786277
392104683
585548885
585693708
471564669
497786277
478077326
571478532
265171145
576481901
497786277
585006983
571394480
314289703
52934820
307511431
434911062
438905694
340177310
585693708
586107176
588812951
414204685
577932230
341046974
483508750
374572293
558154770
265483128
565119295
457842085
341046974
588390021
538213941
559484509
569408745
265171145
566010000
569042768
586567714
448354173
307511431
573022237
448929275
448929275
586567714
417992779
557600073
569408745
466168531
558398027
307511431
568400325
553140411
360389915
559285560
497786277
434268114
455813696
565119295
307401026
558398027
480586474
565119295
567600376
579568402
524680090
455015619
460676379
386653659
471828261
557600073
497786277
484963191
558312476
564781450
497786277
66364901
47638581
558312476
433311114
461039839
549274103
489760395
565119295
566010000
452066798
448354173
565119295
29563832
585006983
578349953
265171145
265483128
341046974
504371119
273919371
579760773
438905694
334440573
569408745
565119295
526124888
572856402
572856402
440527901
492779519
300674997
526516822
438901557
467967273
300674997
486419766
544829110
550568302
341046974
584970826
589085519
316666469
405615530
434911062
581006599
413564281
344233918
565119295
40543729
