52489879
20208727
48874004
21003620
382988052
20208727
22956384
21003620
20208727
382988052
47981987
52489879
52489879
21003620
382988052
20208727
52489879
537775025
22956384
48874004
19718644
52489879
382988052
22956384
19718644
464815424
21003620
34640874
64077422
382988052
52489879
22956384
38016829
64077422
382988052
22956384
40314959
20208727
382988052
52489879
21003620
382988052
48874004
22956384
382988052
40314959
22956384
382988052
541508187
19718644
570056848
464815424
541508187
460666886
52489879
382988052
502730267
517949611
63435015
419137212
20208727
382988052
22956384
20208727
382988052
22956384
541508187
19718644
382988052
453666796
22956384
570056848
20208727
541508187
52489879
19718644
31687153
55542578
20208727
382988052
48874004
382988052
361608472
541508187
382988052
22956384
464815424
382988052
382988052
22956384
382988052
20208727
