531132871
68642172
27331348
507226650
23058861
522080358
525873869
512691571
525873869
592717403
573371615
592717403
547237764
531132871
604564230
517267197
527314367
525873869
561912864
592717403
437312520
547237764
27331348
525709633
531132871
55562105
561912864
549484299
502449556
566428845
561912864
561912864
502449556
512322252
561912864
561912864
567818444
512580864
561912864
531132871
502449556
524023411
502449556
524023411
489779504
507226650
525873869
36363989
531132871
512580864
52673458
531132871
