590170562
591565200
590170562
591156126
590170562
591156126
591396799
591565200
590170562
588512033
581957771
590170562
564316015
590170562
466447191
590614368
544918939
581724590
592242321
544918939
466447191
591565200
590170562
544918939
591369344
591565200
590169843
582936945
590170562
591565200
588512033
591565200
590170562
513172045
544918939
591565200
580576694
588512033
544918939
528520538
590170562
588512033
591565200
591156126
590169843
588512033
544918939
528520538
591772199
548027857
564088621
528520538
544918939
513172045
544918939
561169970
558605297
544918939
588512033
528520538
544918939
556380180
547329228
544918939
534604811
528520538
544918939
401103122
547198627
536998062
544918939
534604811
538475181
544918939
536484357
534604811
543102720
544918939
528520538
531873723
534604811
547198627
544918939
519672751
544918939
512470852
513172045
495173228
291437564
513172045
513172045
513172045
488482258
447692129
455862561
461537315
447692129
466447191
466447191
460424609
447692129
367188552
429582347
447692129
439205057
447692129
429582347
447692129
428689672
447692129
382984162
431949255
428689672
447692129
411787784
420103665
447692129
411787784
430970311
401103122
447692129
401488992
411787784
559404841
573615084
561299361
534450994
562900735
544918939
536998062
544918939
539952387
528520538
544918939
548027857
544918939
548027857
539952387
544918939
548027857
538147889
534850660
539952387
534393704
534604811
539952387
528520538
536998062
534604811
531873723
534620512
452711786
517028531
504350631
513172045
534604811
504350631
511755360
513172045
492300425
513172045
456457770
367188552
471235939
460424609
447692129
455862561
451328388
460424609
447692129
459956630
455862561
447692129
447269498
446149010
446374905
455862561
447692129
439205057
446359943
447692129
439205057
446368357
446374905
447692129
428689672
429852610
446374905
447692129
432153407
430970311
447692129
446374905
424767189
431949255
447692129
446374905
432165122
429582347
447692129
446374905
427277401
429582347
447692129
446374905
429852610
414844282
447692129
420103665
428689672
430970311
420103665
428689672
431949255
382984162
430882627
427277401
420103665
406781840
429582347
382984162
427277401
430970311
431949255
430180647
428689672
411787784
413629349
420103665
418352095
420005114
411787784
427277401
406342881
420005114
399113368
411787784
420103665
410009852
405020186
372410199
406781840
397606899
411787784
401103122
382984162
430970311
374710523
372410199
401103122
382078341
382984162
401103122
378448446
380628460
374710523
360323741
380628460
466447191
580576694
581837957
401103122
562933376
562900600
559350338
547615053
539952387
539881108
543439735
559411287
544918939
548000390
367188552
536484357
517028531
513172045
531873723
508659664
501456919
495198005
447269498
513172045
468816228
496668269
495198005
495147046
513172045
513172045
495681506
504350631
495156388
498229765
513172045
492300425
492300425
473093330
492300425
460424609
462790223
461573125
461599576
461654905
460424609
446368357
447269498
460424609
463513515
461573125
455862561
446368357
460350547
461503607
446374905
492300425
460424609
453166312
456457770
447692129
455862561
458513125
452711786
446368357
447692129
447269498
454167623
443231659
436537610
447692129
447269498
416919087
439205057
427277401
447692129
446374905
428689672
446368357
432152273
447692129
431949255
367188552
446374905
446378003
447692129
451328388
440030387
446374905
447692129
451328388
461593451
430970311
447692129
432165122
427277401
446368357
420103665
447692129
446374905
427622421
429852610
430970311
447692129
432257696
460424609
429852610
429582347
447692129
430970311
406342881
429852610
428689672
430970311
460424609
432257696
420005114
432165122
427277401
431949255
429582347
430970311
440398896
427277401
426473502
413651364
382984162
428689672
427277401
429582347
446374905
431949255
406781840
427277401
429582347
430970311
416919087
430180647
429582347
406781840
430970311
420005114
428689672
429582347
406781840
430970311
382984162
418169416
416616400
382410857
420103665
420005114
384422514
401103122
404347211
420005114
428689672
401103122
406781840
407249966
420005114
411787784
382078341
382984162
392398257
349274866
528520538
563476604
542659415
543293250
534388652
520877853
528520538
508659664
519353417
495604811
516963552
505891006
468816228
496357539
497354520
494481927
495173228
495381126
495605942
495156388
492300425
496668269
488482258
495182453
495184877
496668269
496534597
492300425
519612085
495156388
492300425
468816228
461537315
462177118
460424609
467227812
504350631
455862561
455034785
460424609
468816228
458093811
471235939
461503607
441505953
436537610
447269498
461654905
461503607
460424609
461599576
446456350
461528579
447692129
446368357
446149010
432152273
460424609
447692129
446368357
446149010
432257696
455862561
447692129
432145533
446359943
446362321
446368357
411472034
440030387
447692129
458455937
446374905
447692129
424767189
443231659
431949255
451328388
447692129
436234504
432232693
446374905
451328388
447692129
424302866
432205523
443231659
430970311
447692129
431949255
446374905
432231791
430970311
447692129
432205523
415951535
447692129
428742402
432292760
432152273
447692129
436537610
430970311
424767189
409069325
447692129
418033578
429582347
413028004
447692129
412110138
432152273
420568347
433857976
430882627
427596866
428689672
343484381
409913508
430882627
420103665
429582347
429662062
420568347
406342881
429582347
430970311
431949255
418686815
413651364
429582347
413621872
413662237
411787784
414737119
429582347
413629349
406781840
420103665
414737119
413662237
409069325
413373465
410009852
413621872
382984162
427277401
420005114
406781840
413621872
418760085
411787784
427277401
411928268
416919087
372410199
411787784
420005114
418033578
397606899
406781840
401103122
403458127
430970311
402761941
349274866
397606899
397256137
382078341
544918939
580502177
544918939
561240715
577167351
518153711
528520538
540492369
367188552
519353417
534604811
534433001
538060015
534388652
531873723
522656021
522051458
529341784
517028531
516963552
508659664
512470852
496668269
516963552
520877853
501562717
495604811
494703427
495198005
495150012
492300425
495184877
367188552
488788246
495156388
495198005
492300425
367188552
