53046391
66666349
42235828
35949930
40327748
54328239
42235828
35933270
46646268
48365014
35908134
35987345
66666349
35930220
35937612
40327748
66666349
48365014
512767005
35908134
35987345
36001320
349595232
66666349
40327748
35949930
48365014
539713904
35987345
349595232
40327748
35930220
40607066
64162728
40327748
66666349
35949930
40327748
35908134
35949930
48365014
40327748
35987345
424104096
48365014
349595232
61937349
424104096
64921684
35949930
48314525
48365014
36115285
56287169
424104096
38054869
35908134
67275883
47166510
36816941
