459880284
395457987
353209135
466579828
471683829
370924260
410451333
57569577
517272956
410451333
365929787
591585799
336597351
341112453
28335314
358933212
554019460
542805919
43608198
410749601
554019460
28335314
410451333
28335314
394612490
591585799
57569577
57569577
428651652
410451333
471683829
591585799
541311246
590436889
588993891
38358989
57569577
43951518
505623047
554019460
64980120
490114238
57569577
457530517
28335314
443796987
481200710
57459626
57569577
28335314
338920358
404611922
331439631
39433295
20987320
517272956
28335314
410430224
28335314
591465586
64980120
381337997
28335314
591591078
465450224
28335314
53846653
27858687
590382721
28335314
410111080
469601592
347945111
584986162
370924260
475653741
338011627
429347879
495036699
471683829
413140322
266466466
429900069
365929787
336597351
57569577
472448323
458830937
358209014
291397382
473145128
43951518
417494574
395457987
459009887
488832816
43951518
28335314
410172084
24912919
517272956
381217256
28335314
340090421
363350544
43951518
410450928
310029483
47159194
381217256
553451043
536076624
43608198
391109927
384325364
57569577
411324785
28335314
316731723
20518240
350115904
39433295
28335314
465450224
351038462
274425301
523563143
410111080
363933894
466579828
62155188
350386598
488055592
338011627
495036699
457381514
57569577
326655227
47159194
467528132
291397382
376752742
57569577
473145128
20518240
319339799
340733177
347293201
404611922
336597351
336597351
410451333
410304241
338011627
410172688
574153447
395044159
291397382
381217256
57569577
365642850
410450928
64980120
517272956
349635239
494092894
290683368
57569577
446504040
20643697
338920358
64980120
404611922
292329013
28335314
485600006
64980120
517272956
503697224
381217256
466727815
57569577
381337997
410172084
517272956
28335314
447356714
467528132
459880284
443304430
453004176
322458251
429347879
57569577
413140322
490286658
410244318
410451333
62235963
372880799
517272956
442422526
57889224
388552189
37203853
398748053
27316475
387745302
24912919
43951518
385383053
268059189
376787535
340090421
454190379
469694213
466727815
326655227
458830937
472701053
492179623
381040641
338570152
345006442
279597492
358183839
57569577
335368911
479300458
20987320
57569577
550887274
46828962
467528132
373753542
319339799
395044159
381217256
347945111
341112453
318574547
27316475
313279599
547335897
336597351
474437882
342634248
488832816
336597351
523042835
57459626
417269290
410172084
410304241
430468612
338011627
342114435
510875397
410172688
477515064
404659518
517907557
381217256
503697224
428508348
56939831
395044159
319882750
410451333
316731723
384325364
57569577
429573665
410749601
535503876
336597351
374205229
335221620
443291771
430952594
57889224
490114238
360572717
28335314
57569577
382925829
457530517
347945111
47159194
413036838
396704044
351038462
321899001
28335314
503697224
471683829
443491047
334292554
410451333
534543390
64980120
336597351
384325364
268668208
514923468
292329013
347227804
588993891
450364922
301657452
353209135
342749128
64980120
293190421
386450872
402356081
64980120
359375028
410172084
316328597
363933894
372930692
374205229
272221977
62155188
386248706
426340750
466017519
393635303
372880799
415942733
57889224
56073287
459433124
416278918
387745302
425315532
340090421
335221620
345006442
410172084
376752742
414278515
450364922
400383243
43951518
336597351
373753542
332044966
340733177
324671380
268668208
400158545
352319318
446088248
24552660
57569577
362342090
65366393
477515064
304464186
517907557
411447429
590399425
452890751
506539377
335221620
268668208
381804491
316731723
471683829
432382135
590382724
517272956
541311246
57569577
310029483
517272956
588670212
582291724
268668208
347945111
337683243
490114238
47310951
382925829
