305217803
331691331
305217803
545315466
532411431
429490997
305217803
331691331
305217803
33446413
379959758
393325170
416189410
429490997
493607263
545315466
416189410
582891389
331691331
393325170
379959758
582560163
305217803
581980750
424639625
567092175
393325170
581980750
424639625
305217803
582560163
582891389
585393384
582891389
545315466
393325170
379959758
493607263
305217803
385521803
584540709
571020401
584540709
377748007
305217803
558332397
381833926
545315466
582560163
473024551
545315466
532411431
545315466
560210842
416189410
424639625
484453419
305217803
560210842
545315466
569656846
429600512
416189410
582891389
571275467
305217803
566907786
428718520
545315466
582891389
558332397
584540709
581980750
581980750
429490997
385521803
545315466
