534303540
292177690
501797997
20799970
483834681
580645141
309500720
49373822
29635624
56972105
320584729
26864430
49646401
20120870
575303372
320584729
37264206
350153839
552875967
591232540
546113811
580645141
320584729
356805480
36125528
478052554
575303372
591232540
359663464
575303372
350153839
346601150
350153839
483834681
54220731
394842578
37264206
350153839
478052554
575303372
351167600
379424731
396269113
575303372
591232540
31653252
418806177
23463259
483834681
487224005
580645141
591232540
350153839
352038825
350153839
52484188
68049644
49373822
26348364
51568901
54220731
575303372
403026595
58646279
591232540
587238751
306926929
464804506
591232540
346601150
36125528
575303372
494688121
45627172
494688121
462279339
494688121
591232540
418806177
54220731
52071941
462279339
494688121
554660913
494688121
49839738
58646279
478052554
494688121
403026595
591232540
494688121
591232540
379424731
39883348
379424731
591232540
591232540
56599929
26689667
31416076
591232540
19692129
361766311
20540675
575303372
36125528
27501210
36125528
56599929
494688121
575303372
23463259
56599929
21995595
342513935
290604207
491233993
403105517
52071941
418806177
463043002
19692129
40967870
63580181
350153839
52792760
21842583
26348364
40800397
322442655
463043002
350153839
23463259
349331299
40800397
23463259
37403796
462279339
464804506
468711516
308529564
62125338
23463259
557284796
56599929
356805480
342513935
356805480
55710277
31653252
394301548
356805480
37403796
386767740
356805480
557284796
20078386
36125528
52071941
313861843
351167600
386767740
346601150
315142587
26559493
546113811
36125528
590933710
350153839
494688121
441598646
383747159
350153839
19692129
21995595
59035956
529337028
494688121
56599929
462279339
435533259
375888226
511918528
23463259
575303372
494688121
386767740
36125528
27107451
494688121
36125528
52420576
591232540
26689667
386767740
24078660
494688121
339502351
370602141
20431628
379424731
22809479
349331299
19692129
62529683
29527912
40800397
20341220
40800397
35023847
29635624
575303372
386767740
552875967
20431628
329990566
29635624
41829717
349331299
40027149
575303372
19692129
346601150
280146763
313861843
361766311
19692129
23463259
346601150
36125528
20431628
484852264
346601150
441598646
386767740
441598646
441598646
349331299
49839738
39231798
290604207
23529219
464804506
31653252
346601150
36125528
365638913
346601150
353525653
20947155
349331299
349331299
35023847
465384478
35023847
464804506
40967870
320584729
68571042
490426694
464804506
31905464
386767740
37264206
29635624
414245805
50767166
23463259
36125528
313500133
19692129
54220731
68294299
361766311
386767740
413772253
492855114
337142648
346601150
484852264
36125528
359663464
346601150
45627172
41859451
52071941
26029496
346601150
401437764
464804506
36125528
52071941
346601150
346601150
63110616
36125528
290604207
351167600
306926929
19692129
359663464
447300163
30281871
346601150
20431628
52581312
361766311
349331299
434115540
35023847
26689667
352038825
39120989
29635624
308529564
19692129
29495491
471098900
330517238
313861843
306926929
352038825
363498860
19692129
60453416
22541714
20431628
500290290
29635624
52071941
51568901
447300163
398890894
68360464
313861843
464804506
483834681
552875967
52071941
386767740
349331299
385602517
336041142
355347331
346601150
299415727
464804506
351972324
353525653
349331299
299415727
359663464
478308984
