23864002
32216465
35942046
403754879
32216465
35942046
23864002
35942046
23864002
32216465
403754879
32216465
35942046
23864002
35942046
419387344
35942046
23864002
419387344
32216465
280099877
23864002
419387344
35942046
419387344
32216465
23864002
403754879
61827690
23864002
403754879
32216465
23864002
403754879
419387344
23864002
32216465
589039626
419387344
419387344
419387344
543640931
419387344
403754879
419387344
419387344
419387344
403754879
419387344
403754879
419387344
403754879
419387344
403754879
266489922
419387344
403754879
533276629
524524982
