22529922
25421118
20332930
24782696
20770505
467437863
20481668
20332930
21675286
434102608
291608888
536042626
23692169
21675286
20481668
20332930
21675286
363530446
20481668
22529922
291608888
56168021
20332930
370959851
427401464
21675286
298795673
63531678
21675286
536042626
415432230
65141140
20481668
268789258
300899462
557610577
336801796
370959851
287205547
427557633
22529922
357675124
458584631
567630831
20481668
414479981
21675286
303857464
357675124
21675286
458584631
31089116
368486727
20332930
402363807
21675286
31089116
567630831
585942415
65141140
576100043
443220900
21675286
359182656
582622357
552952829
277002919
439008409
368486727
20481668
338805931
434693645
370959851
300899462
355852108
21675286
387276861
22529922
577897294
22529922
26707822
576100043
20332930
567630831
20332930
572471916
387276861
582622357
420058581
20332930
358906323
20332930
576100043
20332930
292501148
375091269
576100043
383191099
582622357
21359193
40676650
300899462
582622357
463564500
585942415
558318215
582622357
576100043
20481668
576100043
587762257
536042626
370959851
582622357
22529922
464966687
20332930
582622357
576100043
20332930
20332930
28618684
21675286
23692169
20481668
25421118
23692169
287205547
22529922
357675124
20481668
298795673
368486727
22529922
20481668
19631579
263412961
434693645
300899462
22529922
22017081
20332930
26804608
20332930
20481668
298795673
20332930
