564024358
570746698
564024358
511399847
564024358
517054381
550489154
434092642
536727642
564024358
521846738
517054381
529417582
508714804
529417582
508714804
517054381
529417582
523385994
517054381
519369833
517758421
523078193
507190088
519369833
523385994
502619790
517054381
519369833
512011586
521846738
511984266
502619790
507190088
511717705
526747697
507190088
502619790
529417582
523385994
512011586
518047547
507190088
516825838
490675969
502373613
493607383
520739715
497760033
507190088
517924255
329555329
309785756
309785756
268297508
309785756
291606160
268297508
309785756
291606160
309785756
291606160
309785756
291606160
309785756
309785756
291606160
309785756
309785756
309785756
291606160
291606160
291606160
291606160
291606160
291606160
