546294427
522408766
550445278
543936326
547639457
546294427
524752169
541499870
522408766
541999006
536865601
554270834
541500879
538775028
536865601
531792259
610061483
550136634
550552505
541999006
542196410
522408766
541999006
546296283
548537743
536865601
541999006
538775028
546294427
532419902
517506038
538775028
541500879
536865601
546294427
538775028
536865601
538775028
541999006
536865601
546294427
541999006
536865601
547796064
545249950
541999006
538775028
546426719
536863828
546294427
541999006
536863828
538775028
546294427
541999006
538775028
546294427
541999006
529599033
541999006
