30914502
43424880
550886933
62743971
550886933
30914502
31540062
550886933
30914502
65026427
30914502
550886933
549852601
30914502
448080806
30914502
544853023
546243078
30914502
20138975
30914502
30914502
406553532
544254519
30914502
20138975
549852601
30914502
30914502
66704134
19557420
36488284
30914502
549852601
546243078
551249386
30914502
549852601
30914502
30914502
574390577
20268341
30914502
546243078
551249386
30914502
36488284
448080806
30914502
547173364
30914502
544254519
535331566
30914502
20138975
30914502
429742034
19557420
30914502
20138975
36488284
30914502
30914502
544254519
30914502
30914502
549852601
36488284
30914502
36488284
30914502
406553532
546243078
30914502
20268341
544254519
30914502
429742034
30914502
19577872
30914502
36488284
