53020529
590021528
33648295
426652700
61304922
520339845
395794959
397342792
543557670
61304922
546086086
318505417
404483515
265785920
425407956
34916081
316591736
35643590
546086086
426652700
321632618
398187608
20701483
588095742
420581646
433720255
426652700
303539940
318505417
410292494
420581646
39858048
267064734
264384038
39858048
592046187
547348088
20701483
333759372
34916081
20701483
58140936
398101260
375594427
57601148
33648295
57006293
49570354
588095742
335475189
34916081
403748741
520339845
378251607
510478959
588095742
588095742
426652700
378251607
398187608
426652700
55691664
395794959
357125949
34916081
303539940
62912285
266515538
447676005
294364306
59253787
55962717
53020529
314015369
64293142
588095742
19935708
53020529
314015369
19935708
33537295
34916081
590021528
57006293
454185480
449232409
441232055
24446077
318505417
34916081
61304922
39858048
449232409
380374004
318505417
398187608
35066173
437784020
443178856
546086086
426652700
375187202
20701483
388688439
319064011
48751894
506442249
428829952
510478959
398187608
294364306
318505417
375594427
396215355
338483527
553571154
409353829
510478959
59253787
426652700
266268378
357126006
301946364
449232409
426652700
301946364
449232409
335475189
388688439
582467641
357469741
60318499
588095742
33648295
348256262
53020529
33648295
455274574
264274203
381689014
427946271
319122425
426327474
592046187
20701483
34916081
347676811
397833774
592037396
266515538
588095742
357185230
389153085
370733735
588095742
404483515
320359029
378251607
57601148
266268378
449232409
338483527
318633357
39858048
411240135
592056511
388688439
318505417
426652700
427946271
34916081
54101317
442269658
588095742
53020529
398187608
53020529
414391647
437225106
53020529
444876959
426652700
55691664
404483515
288075186
427750247
357125949
62912285
592046187
361399636
266515538
547866759
286411701
587609226
592046187
427946271
59253787
588095742
282839416
444876959
319192997
33537295
581700429
312750975
588095742
590021528
53020529
57006293
449232409
441232055
24446077
308948751
265785920
321632618
19935708
55962717
410292494
39858048
547348088
449232409
57703356
53020529
37935908
403748741
24446077
266268378
278864090
53020529
284604766
59253787
59749616
19935708
19935708
49570354
600568308
