20961981
422814899
523879864
411920544
427899956
46937743
424820893
454904768
35496221
411920544
344018805
585174289
457976364
49391655
411920544
46937743
421354989
591432902
443831955
561135903
427899956
54940261
390444369
427899956
34425077
411920544
383012517
334258884
411920544
20961981
589225491
411920544
473365812
455973003
555189164
344018805
58396990
487437865
427899956
528936576
344018805
424820893
423008406
58396990
47299991
301033889
592126753
523314254
455973003
382287004
423008406
426645823
488957334
411920544
371054832
424820893
498384057
423008406
422536653
383012517
370200799
295724575
497129110
418073969
527430315
443831955
523879864
454904768
431940300
344018805
503756118
44671474
34425077
554841063
443831955
427899956
503756118
390444369
47092504
49391655
46937743
38423956
47299991
411920544
363477530
415965199
352111003
488043774
431940300
564043806
358176383
422536653
344018805
523461071
344018805
427899956
378333630
58396990
344018805
493113292
422220775
378545483
422536653
352032133
424910698
438182337
488091222
431994672
591432902
407153891
429335245
451877018
423008406
384787064
456421565
60909585
465110875
51863887
452334062
433075537
421354989
422814899
286210821
423008406
468512115
34425077
430087650
352111003
344018805
359318988
418073969
561135903
387741077
352111003
427899956
49391655
20961981
427899956
46937743
411920544
411920544
515772125
37786768
466336966
358176383
372229402
407153891
421354989
344018805
370315474
301033889
487437865
378545483
424853844
47091975
430087650
49391655
515259179
352032133
421354989
525041240
390514728
454904768
423008406
434087568
451877018
423008406
411920544
58396990
60909585
488957334
420017247
344018805
295724575
48024868
451704289
383012517
423008406
421144402
423008406
486090877
352111003
355273431
411920544
35496221
352111003
46937743
41307606
457976364
49391655
344018805
301033889
352111003
390514728
377964347
424713800
489116383
352111003
328109921
359318988
20961981
344018805
46937743
395424369
337749652
58396990
454605729
383012517
46937743
35496221
20961981
425257071
425874778
58396990
328109921
34724089
67287631
52600424
371054832
515259179
456724022
390514728
344018805
411920544
351326823
352111003
448040421
47299991
424713800
344018805
419150140
451316527
454030191
378545483
48025233
28046563
390514728
427899956
424820893
328109921
20961981
422536653
352111003
411920544
421825748
427899956
455973003
453779459
427899956
455973003
411920544
344018805
411920544
427899956
456081260
407153891
390514728
390444369
422220775
344018805
491749104
430087650
51863887
523838369
344018805
372229402
351959944
488091222
489116383
424853844
336631783
423008406
422814899
352111003
37229306
454962565
455383313
434087568
58396990
423008406
449642717
422814899
371054832
423167553
449642717
423008406
49382162
424820893
425338449
58396990
384787064
423008406
456421565
498384057
423008406
434087568
453528664
51863887
344018805
423008406
390444369
450951827
390444369
423008406
453341952
491950129
423008406
423008406
51895392
554839780
421354989
560616734
430087650
454578813
344018805
47299991
518468971
424887426
382887585
34425077
527245559
489116383
453314308
34425077
328109921
425924420
496158896
54940261
46937743
395424369
560797052
34425077
337749652
456199718
58396990
561135903
357562956
515259179
454221474
589693087
534095171
452334062
454756374
34724089
425874778
455383313
454516973
316589227
526321612
454177890
455973003
503552944
451316527
456468871
454030191
427899956
454516973
482158664
344018805
427899956
528936576
493640027
344018805
390514728
534116924
491876366
428709826
455383313
492119603
423008406
579462377
