398799392
575221214
433397980
547676631
358018309
387443111
381118295
528729772
405793707
387443111
433397980
405793707
433397980
381118295
354453571
433397980
381118295
362349988
433397980
514588312
381118295
433397980
367898167
520041877
433397980
433397980
570599795
433397980
537822832
433397980
372693336
581065159
433397980
389197566
443608378
433397980
547620400
433397980
387443111
433397980
387299004
19746684
19568022
19597143
433397980
361904120
433397980
362349988
433397980
547620400
433397980
433397980
431483974
433397980
361904120
433397980
402171099
380369020
