373720522
421715318
360900896
517248521
505816428
550315107
541462082
406174794
368647905
60195567
478993515
303163695
405922545
406174794
478993515
306040740
537067759
406174794
548914545
23351665
478993515
334590500
541462082
406174794
541462082
323454475
293542911
541462082
323454475
478993515
406174794
569367407
522635113
341662960
503137364
541462082
313717778
541462082
541462082
280414356
434463391
280414356
541462082
541462082
263751195
591862518
291461335
541462082
341662960
591587727
536870628
541462082
303163695
541462082
541462082
344969598
419857981
549917097
23351665
541462082
464494246
20187542
460961599
541462082
20187542
550315107
280414356
21133755
373720522
373788933
429038018
434463391
329379389
550315107
541238350
303163695
541462082
370941840
23351665
510123216
304850188
506953994
379563129
263751195
323454475
446280245
506624566
541462082
510123216
541462082
541462082
280414356
263751195
434463391
441217003
591587727
360050898
446442553
541462082
304850188
341662960
541462082
434463391
263751195
541462082
28019011
541462082
430008925
541462082
429038018
541462082
414477834
541462082
482554439
28019011
513928861
541462082
541462082
510123216
541462082
344969598
313717778
280414356
23351665
280414356
541462082
431066115
541462082
313717778
588961420
371443750
451578292
541462082
428847268
289669263
372400922
421715318
505816428
463752104
464627996
517248521
298498811
458561844
302150881
60195567
37371031
329379389
498910490
291461335
448970192
550315107
465042044
303163695
329379389
378237423
517248521
281033609
422953901
447390712
315178669
323454475
446468084
434463391
353650609
445938726
280414356
422953901
289669263
434520166
406308871
541462082
344969598
482554439
434463391
291461335
541462082
446280245
421715318
421848479
541462082
541462082
505228538
541462082
448970192
404745332
482846836
541462082
313717778
446280245
428712739
482846836
483488678
429038018
541462082
19975887
60195567
20187542
37371031
423131609
411087625
454844921
28019011
304850188
344969598
37371031
434521903
379563129
293542911
421715318
271612856
60195567
434520166
298649335
303163695
401764672
406174794
422953901
413922867
422953901
541462082
415628883
541462082
324861543
434463391
267875142
503012818
373118795
280414356
291461335
28019011
590884689
434520166
413663570
421715318
291406027
541462082
300879087
281726962
541462082
464651124
528167069
421715318
421715318
268235450
52678688
448977564
341662960
518503783
506953994
448970192
434180854
482558018
406174794
334590500
434180854
303163695
298649335
285178748
550315107
315178669
446280245
361061644
541462082
518430583
270900194
291461335
541462082
482554439
421715318
19975887
522253125
269142726
315178669
271612856
522635113
541462082
304850188
589142708
464806294
541462082
373710529
342178205
541462082
446764230
329379389
291461335
