365211638
303892733
367112765
271961783
303892733
288551069
324785509
271961783
499091815
303892733
55907962
360458721
581615961
373333857
548512419
58577875
267956761
303892733
26901764
55309949
318108420
548512419
303892733
523575371
26901764
27966744
365211638
303892733
451610632
47440579
318108420
365211638
591348942
499091815
305610052
485718353
365211638
318108420
441036885
336390700
485718353
489372618
47440579
499091815
273552949
346394062
549594255
539187249
556776928
503238757
365211638
539187249
420187234
357370012
548512419
507000772
303892733
539187249
303892733
517254044
581615961
444165158
365211638
441036885
499091815
271961783
303892733
365211638
516287871
318108420
523575371
437925696
545060829
444165158
518055086
34494942
305610052
548512419
473114715
420187234
444165158
383552884
460604210
444165158
523575371
499091815
586915199
23285844
373333857
474866424
489484385
507000772
586998839
495836456
271961783
318108420
367112765
458698584
454962418
590049160
507000772
295030015
474695084
541110429
295030015
35230953
357370012
318108420
47596523
538056241
469118008
365211638
556992897
525977562
427563758
455478599
427563758
55309949
394038113
420187234
490175545
591465191
427563758
451610632
349358620
548512419
444165158
540505310
585295019
437925696
427563758
508655557
534694030
318108420
288115381
610721834
591465191
263538152
373333857
517254044
305610052
495836456
58577875
271961783
47440579
600548303
507000772
56489098
271961783
303892733
499091815
28334522
271961783
500181413
499091815
366041175
460921560
436358542
26901764
499091815
346394062
303567126
365211638
499091815
444165158
344623550
365211638
318108420
507000772
267788937
346394062
275522937
303892733
441036885
373333857
365211638
303892733
540505310
411442080
47440579
28334522
448722405
517254044
346394062
411442080
539187249
489372618
517254044
47440579
324785509
507000772
271961783
47440579
531040957
365211638
55907962
305610052
444165158
427563758
545060829
271961783
444165158
427563758
47440579
55907962
415361096
275522937
380604253
367112765
376348207
444165158
385946589
288122127
344481293
318108420
324785509
357370012
495836456
318108420
451610632
360458721
436358542
460921560
365211638
344623550
473114715
448722405
318108420
367112765
385698146
316467301
499091815
324785509
373333857
538369334
492043537
63252577
365211638
458777608
427563758
286034143
373333857
58577875
441036885
427563758
503238757
365194813
494908058
373333857
357370012
507000772
451610632
373333857
451610632
318108420
318108420
450025710
451610632
349358620
367112765
385946589
365211638
373333857
376333641
441036885
479920066
485718353
443273339
469118008
373333857
451610632
318108420
520520777
451610632
453634339
407103071
507000772
495836456
364778757
56489098
443273339
367112765
344623550
324785509
395726054
373333857
303892733
357370012
305222408
421036317
365211638
406632522
312430567
441036885
346394062
521469797
347842747
318108420
271961783
443273339
373333857
355398299
318108420
391534520
367765002
441966152
267956761
441036885
336390700
317269062
318108420
324785509
31568510
448722405
364778757
499091815
367112765
58577875
470247190
267297867
531040957
416817444
343222316
23285844
346394062
35230953
465357987
390017738
377057086
324785509
435700759
318108420
460921560
23485082
365211638
55907962
318108420
357370012
343038296
324785509
507000772
357370012
434986525
318108420
416817444
441036885
427563758
318108420
30940097
47440579
367112765
318108420
407103071
343038296
344861392
371255889
531040957
445011264
271961783
465357987
427563758
365211638
521469797
318108420
58577875
367112765
424062135
406632522
318108420
373333857
26901764
507000772
441036885
540505310
373333857
458698584
367112765
288551069
434986525
556776928
267297867
367112765
357370012
318108420
489372618
365211638
420187234
318108420
367112765
538369334
373333857
318108420
357370012
436499329
275522937
58577875
318108420
305610052
347958881
365211638
458777608
288122127
418256970
365211638
349358620
458777608
344623550
35230953
499091815
421027413
485126769
324785509
451971368
465357987
373333857
47440579
421027413
365211638
377057086
365211638
318108420
481299764
507000772
499091815
508732239
317269062
365211638
318108420
507000772
365211638
330588307
268428913
365211638
465357987
383552884
309933585
364778757
531040957
441957344
471982432
271961783
383552884
367112765
444165158
441036885
267956761
288551069
507000772
373333857
441036885
367112765
288551069
507000772
441036885
317269062
507000772
373333857
383552884
373333857
360458721
285668270
346394062
367112765
267956761
344861392
318108420
417304832
420187234
365211638
318108420
485718353
344861392
273552949
548012616
373333857
365211638
317561029
305610052
365211638
303892733
373333857
411442080
324785509
507000772
28778321
324785509
455752550
364778757
523575371
34494942
324785509
441036885
545060829
444165158
303892733
420187234
52651544
371347231
56489098
469118008
386785611
373333857
349358620
344861392
271961783
373333857
451610632
30614702
318108420
317269062
288551069
460921560
359432988
592126193
318108420
373333857
359432988
472866656
556776928
318108420
316467301
359432988
445011264
47440579
318108420
485718353
365211638
47440579
355457573
344623550
318108420
383552884
489372618
286101417
373333857
517254044
465357987
311853164
346394062
318108420
355398299
590732107
365211638
383552884
271961783
318108420
441036885
383552884
355398299
472866656
531040957
441036885
507000772
373333857
318108420
347842747
507000772
373333857
441036885
47440579
507000772
373333857
263538152
591465191
365211638
266053267
592141825
365211638
517254044
591399674
588108321
591465191
592135225
591465191
371349594
591465191
23485082
591465191
271961783
303892733
499091815
548512419
443273339
523575371
318108420
499091815
267788937
420187234
24276960
35230953
444165158
441036885
303892733
437925696
518055086
427563758
30940097
373333857
600348954
441036885
383552884
443273339
298335739
507000772
517254044
