23659070
60033068
417999888
23659070
439713135
417999888
34728545
67491706
570382145
481284059
389476713
19903851
380510832
277792113
439713135
462196905
20190395
401667617
393373693
402972951
425353180
34728545
393373693
423757269
19686917
439713135
435174983
460704450
19686917
439713135
401667617
19677187
19686917
418195810
403650971
457881998
570382145
19677187
439713135
452353315
418884603
460704450
439713135
20080102
19686917
402972951
452353315
402972951
423757269
401667617
418195810
418195810
423757269
20442533
432185839
418195810
438390882
19677187
57770353
20442533
37600719
