307298908
576776123
357437832
320105557
485739670
355205543
283991634
460665879
390678148
487745540
279255032
308308788
485985051
390678148
374113031
334257940
374113031
378389226
485985051
307298908
576776123
50156415
536634226
355433789
378389226
485985051
319714436
545686775
500678435
360437733
268268892
529525374
319714436
313562705
442605616
357437832
430328747
307298908
333817230
268268892
357437832
537005068
360437733
485985051
285713728
365367503
513144101
283991634
355433789
451182538
460665879
526760978
313562705
589273163
545686775
313562705
485985051
545686775
307298908
390186321
461555085
279255032
484820474
427950395
545686775
334257940
536634226
307298908
374113031
460665879
374113031
545686775
530790028
516053212
365367503
427198090
347275247
334257940
343539422
485985051
357437832
442182569
485985051
288860108
307298908
485985051
574951569
485985051
374113031
378389226
460665879
347275247
384934444
374113031
485985051
344306970
452367773
585022914
574951569
374113031
545686775
503834596
304696967
447488806
374113031
537005068
381150560
589273163
516053212
537005068
449417423
334257940
334257940
304696967
536634226
374113031
371476171
485985051
386477141
545686775
355433789
307298908
357437832
460665879
390678148
485985051
427198090
294145797
374113031
460665879
334257940
485985051
50156415
485985051
360437733
50156415
313562705
526760978
430328747
526760978
449417423
427198090
385874616
545128501
365367503
427198090
526760978
323439136
313562705
384934444
516053212
390186321
371476171
384934444
347275247
323439136
485985051
437121837
534811524
374113031
307594373
374113031
360437733
427198090
374113031
334257940
576776123
485985051
334257940
442605616
365367503
313562705
452367773
384934444
384934444
390186321
374113031
334257940
423349503
44509306
334832396
371476171
454695165
484820474
386477141
355433789
378389226
357437832
430561816
313562705
313562705
319714436
438986830
313562705
267644807
307298908
485985051
283991634
307298908
449417423
545686775
485985051
304696967
365367503
390186321
427198090
397125937
545686775
534811524
307594373
485985051
464834137
307298908
371476171
68476569
485985051
449417423
457648085
447586027
437121837
288860108
452367773
454695165
442605616
390186321
447488806
381150560
385373552
454695165
431614262
430328747
545686775
355433789
371476171
374113031
307298908
360932296
365550493
390186321
384934444
307298908
449417423
285713728
384934444
451182538
427198090
449417423
545686775
485985051
384934444
365367503
371476171
484820474
50156415
334257940
307298908
460665879
357437832
487745540
50156415
526760978
430541258
374113031
485985051
374113031
464834137
307298908
371476171
442605616
365367503
357437832
313562705
449417423
338226074
589273163
313562705
442605616
485985051
452367773
319714436
365367503
430328747
449417423
365367503
305333173
374113031
334257940
427198090
342177009
307594373
503834596
30039970
390186321
430561816
294145797
360932296
289992028
360437733
313562705
526760978
300916233
449417423
307298908
334257940
449417423
545128501
268268892
544957463
324421992
313562705
371476171
390186321
365367503
487745540
384934444
427198090
397125937
347275247
385373552
390186321
315473049
374113031
437121837
536634226
374113031
357481048
371476171
307594373
328434341
