27746959
30166583
21694775
466361400
22309965
30166583
30166583
390244541
25026437
299393724
30166583
488505925
30166583
25026437
412608574
21585232
487153772
30166583
462194455
488505925
462194455
488505925
462194455
488505925
30166583
485992142
462194455
485992142
462194455
25219211
462194455
462194455
453848029
462194455
299393724
462194455
30166583
462194455
30166583
296104143
462194455
30166583
462194455
30166583
462194455
23482172
30166583
23515801
23476309
462194455
24323472
30166583
23515801
21818545
462194455
22414140
30166583
21585232
21602802
462194455
22414140
30166583
21586495
21581726
462194455
22232499
30166583
22146874
21847534
462194455
22232499
30166583
22047206
21602802
462194455
22232499
30166583
30166583
30166583
22232499
22232499
22232499
