439465158
342777880
402569209
407394962
439465158
390332273
402569209
439465158
542361760
380587024
589768543
439465158
367981794
374035136
439465158
589768543
356014078
439465158
460872790
390332273
439465158
582386282
378347892
410152193
530485170
581744280
439465158
372889871
390803797
439465158
429214998
372889871
429347794
439465158
439465158
542361760
374035136
439465158
581744280
478771585
439465158
582386282
425129554
460872790
439465158
581744280
439465158
581744280
581744280
438298536
542361760
439465158
387510836
439465158
374035136
439465158
581744280
464723833
439465158
581744280
439465158
391205910
581744280
581247759
542361760
439465158
581744280
439465158
542361760
582386282
