20011144
434266907
19904418
19933020
21390646
433400554
449773259
435630531
376904984
370331293
441821381
436669694
50408698
370331293
434328152
405568592
441658839
50408698
434266907
30151013
435630531
50408698
449773259
431853729
30151013
50408698
19904418
460053383
293749547
22602299
384208551
324307761
50408698
423874451
22602299
24238772
20963695
431853729
360697012
22919352
28940695
405568592
453455233
436669694
20815040
458317950
50408698
428463037
50408698
64850539
20963695
433400554
23758636
449773259
33570225
433400554
349602174
480023198
435630531
433400554
438565182
436669694
458317950
20860747
438565182
23917739
20078386
438565182
27167563
379896669
428744883
433400554
407982623
28032544
50408698
335920183
50408698
20873177
485431408
446958721
388981090
469217504
446484725
468525625
19933020
376904984
449773259
446484725
23571471
50408698
460376235
293749547
50408698
431568304
420887721
591957210
433400554
19624646
485431408
20281221
428744883
482677401
304668230
363273137
22132925
370331293
428910673
590829815
481022799
460379467
445425690
50408698
27468926
434266907
50408698
434328152
446484725
50408698
433400554
50408698
323495302
36676939
50408698
22986814
20188099
50408698
453455233
33570225
19897722
19904418
50408698
27888554
400771045
20391322
50408698
480650648
455233563
436669694
391335109
36165899
19624646
429588202
335953975
21775428
458317950
19933020
50408698
323495765
19933020
33570225
19933020
397766875
19720991
50408698
20570027
19593179
504143664
433400554
20860747
449773259
19593179
31119545
20860747
20803698
370331293
20963695
453796718
269020744
444929594
19593179
20873177
28497207
451316663
449773259
21390646
24601235
52272125
385227868
23408765
436669694
491415297
42199001
341878536
19904418
22602299
486251084
29000627
274047070
455233563
30767882
349602174
370331293
24761337
576880236
24761337
47906033
28816845
53138347
19904418
264673707
491415297
454060201
28940695
47906033
438565182
42199001
438565182
433400554
50408698
472888459
28032544
491415297
19593179
468525625
491219351
30151013
19683810
23463945
333474078
428744883
33570225
20391322
353383357
427480724
19933020
351448962
426179781
19933020
361292624
456606774
50408698
19723487
376904984
428744883
332280031
428910673
19951018
437100776
370331293
23408765
420485656
26568837
412671552
50408698
36165899
458317950
363933042
407615155
21005556
450083281
20022454
24913987
30151013
491415297
431568304
50408698
438565182
434328652
19904418
438565182
20281221
22169561
361591674
64850539
50408698
421771084
407982623
353383357
437367543
22602299
355301815
376904984
19593179
316772427
50408698
19933020
454122221
19943669
435630531
19904418
449773259
50408698
491415297
19636542
364016679
23086112
427480724
458317950
19579793
477883270
370331293
433400554
24601235
438565182
21652186
27444881
430980291
45169528
22132925
20963695
19593179
26025527
432926273
504143664
491219557
50408698
25007372
20022454
50408698
370331293
19624646
491219557
22132925
21356481
22281093
50408698
22750376
454060201
453795272
504143664
19901196
475007555
68345108
31105768
50408698
456549499
25345377
367136353
417983002
438565182
353383357
23408765
491219386
47756409
406903165
20022454
420777701
376904984
22919352
447571844
22132925
28700639
376904984
68345108
426354739
504143664
320756186
31280162
293749547
370331293
28032544
363933042
332387099
471063612
26427761
351236946
504143664
324307761
353051624
28803154
350686492
478752329
438565182
50408698
493679794
23463945
441821381
452024052
22351559
414166345
20281221
332225528
22602299
432581216
491219351
431568304
19720991
28816845
22169561
21117565
491219351
448880903
438565182
434328652
431568304
462874427
345780366
21390646
50408698
27700572
453942471
293749547
22169561
51916160
453596133
50408698
452024052
448555675
444929594
491415297
19951018
23408765
448037428
332225528
491415297
440839187
381833358
21191839
50408698
19933020
50408698
33570225
19951018
504143664
21593131
358587853
480023198
22132925
417984351
19933020
438565182
50408698
434266907
50408698
446958721
50408698
47014519
19683810
431568304
362476218
431568304
27167563
49513466
50408698
370331293
323494617
20873177
19862468
453796718
458317950
19593179
370331293
27167563
24913987
50408698
21191839
27261961
20815040
68345108
432959407
436669694
27167563
433400554
19951018
20852787
20022454
26427761
433400554
22602299
50408698
458317950
22604803
50408698
438565182
344876416
36165899
19904418
19933020
50408698
19904418
19933020
50408698
20091032
50408698
23086112
582689763
449773259
