590784480
590353561
316531339
591969053
551298445
590784480
357678200
373621699
58683681
571898632
609399423
560253311
590784480
553849188
576202628
265451154
585002043
357678200
346709712
589160880
542997090
357678200
37259597
591969053
575247440
330241158
523205710
572262587
523205710
572262587
532998765
580133905
330241158
552288732
572262587
590536995
490165611
516659125
554394209
569332753
564833094
50292575
357678200
590170955
532998765
572492273
587274115
551298445
554394209
357678200
516107321
591458585
65279619
554394209
357678200
572468272
37259597
357678200
609399423
316531339
37259597
588042231
50292575
50292575
571898632
533718261
579956899
586620393
40486942
319986727
585637268
591225660
280973979
564795301
586731265
28581399
479689399
37259597
278139455
590979078
58683681
590979078
58683681
326487228
58683681
507165903
325648700
325648700
589160880
58683681
554394209
461727854
37259597
588042231
569332753
542580677
442386858
585974484
589160880
591412110
591596920
590353561
579956899
486796016
501174180
554394209
585578071
325648700
595838114
58683681
557053828
570786208
585986236
58683681
557053828
570786208
585986236
569332753
553415994
454232769
321893207
506434153
66657970
58683681
595838114
28581399
28306141
313732168
66657970
588042231
560977891
588042231
560977891
569363308
58683681
330241158
555526175
37259597
65569281
588042231
58683681
571148652
552288732
271551679
264119488
579778692
265451154
330241158
579956899
271551679
572281294
357678200
330241158
346709712
557053828
493240244
610269078
557053828
493240244
375412575
552288732
280973979
516659125
68258205
346709712
579604653
575855877
590353561
592088432
430542610
404550354
404550354
479689399
357678200
58683681
582035648
610989460
579956899
579956899
610828873
528859146
579604653
575750761
325536112
588042231
610620212
588042231
581700756
58683681
361903088
528859146
533718261
322982876
478630976
479689399
35519508
312849874
580816785
588042231
576105546
28911509
554394209
554246122
490165611
37259597
278139455
554394209
584565893
589327453
570583804
590353561
576743656
273078829
554394209
585974484
581338613
588042231
554394209
313685552
580868935
575247440
534578562
57660272
581377048
570157750
542997090
58683681
37259597
554310150
540645243
285010357
448640443
570583804
368969415
37259597
66657970
542997090
570583804
534578562
581377048
554394209
518273787
579604653
528520538
37259597
532998765
591299295
589978016
590353561
581716779
581338613
571788627
66657970
383454699
37259597
576233905
554394209
438156560
572743422
582580020
586181633
586793449
442386858
589160880
589356279
460487304
58683681
579604653
588031954
33979781
579201055
582881424
554394209
568368549
590276599
577526721
532998765
571884647
581148508
344795641
283655558
581923977
582952254
37259597
571788627
360114498
585974484
590536995
570786208
570157750
591766953
312849874
574092251
37259597
589160880
344795641
589327453
590276599
68258205
583369995
564085953
571788627
554394209
577092259
579336229
493240244
590784480
552288732
572262587
325648700
525046366
491683120
590116786
360114498
526839029
268864926
538888518
552288732
591969053
418599571
265451154
528024414
395837409
569363308
570583804
569332753
574025664
280973979
447620352
560253311
325536112
536521069
553505390
28306141
523205710
571841331
601544859
499128597
582881424
448640443
448640443
57258088
560253311
590170955
588042231
58683681
590536995
533718261
533885341
591202949
507165903
545524974
58683681
265959034
588042231
457784343
438156560
404550354
575855877
533718261
587361602
563619032
312849874
313732168
66657970
533718261
590536995
313732168
375412575
590170955
586793449
561240445
588042231
573119893
393336052
468295056
313732168
590784480
271479608
581619631
580203478
552276130
551471510
581619631
591225660
265451154
357678200
554394209
570583804
590784480
507165903
37259597
590170955
572262587
473083198
50292575
576883917
576348013
572967631
572492273
442650451
313732168
554394209
590784480
330241158
554394209
521498342
507165903
591202949
528520538
461727854
37259597
503723818
541854121
27699000
325536112
493240244
404934847
554394209
569332753
590170955
470213279
28581399
58683681
586731265
325709756
574025664
412058679
523205710
66657970
65569281
546737338
585528979
35020877
568402120
568944172
345247864
518273787
577901199
568944172
582035648
580205380
586620393
528024414
588040861
516107321
542580677
554394209
511016519
37259597
479689399
569675338
590276599
442650451
581338613
58683681
541630775
442650451
574025664
58683681
580205380
589160880
590276599
484493373
576322851
521852392
312849874
468529436
582035648
570583804
553505390
37259597
68258205
570583804
521498342
554394209
587361602
538021357
493240244
501174180
554394209
574025664
568951834
554394209
589911703
581338613
570583804
523205710
461727854
468529436
507165903
601544859
586907172
447620352
585578071
591766953
585974484
564833094
389960423
389960423
581338613
554394209
519008663
52060765
266077535
554394209
568944172
589160880
264158118
571841331
572967631
560094036
569363308
591250120
312890650
533718261
580133905
35519508
571148652
383454699
493240244
522193118
575855877
265959034
438156560
560977891
571788627
581338613
265451154
522193118
66657970
493240244
554610842
491683120
346260925
357678200
375412575
588441960
330241158
330241158
519008663
270490632
533718261
287282417
361903088
575057314
576348013
553849188
313732168
267174060
380416975
575750761
581338613
554394209
591596920
438156560
33979781
486796016
590784480
578450069
413547094
58683681
547454469
37474345
517727242
461727854
325536112
53797283
590993442
527088204
325536112
548066047
585986236
588042231
590433364
591202949
316531339
560253311
575071386
37259597
563619032
28581399
438156560
590126612
535844625
518323993
516659125
375412575
585578071
405682317
551298445
425534959
591156126
582616568
533885341
545849617
579956899
301460691
521600333
286175135
586620393
580075350
591024265
585986236
585974484
591132223
521600333
553849188
28581399
585728548
577901199
522670411
590353561
516659125
554394209
280973979
589160880
372669860
348166977
348166977
581377048
357678200
503723818
551478581
565819613
557397625
410933804
358080537
302521199
267673973
460487304
58683681
542997090
357678200
544266205
542997090
588472162
491369695
589160880
577735381
525848349
507165903
591132223
570583804
579604653
283655558
586731265
582975144
589977095
585986236
468529436
569363308
575855877
525046366
28581399
313732168
570157750
557053828
525046366
501174180
313732168
58683681
572257149
50292575
265451154
435781220
425292574
552193009
555936878
27699000
553131882
473083198
587058285
503683040
528520538
269475173
535432045
554246122
552288732
318051785
585035712
601544859
267172931
454232769
591202949
330241158
313732168
590993442
568366643
454232769
266091758
282112860
350706759
58683681
557928854
522193118
312890650
581338613
265451154
566596832
58683681
325648700
503723818
511660277
572468272
552288732
571231839
554310150
375412575
414163299
346260925
579604653
595542698
590993442
37259597
579004259
591202949
590276599
590993442
346260925
531064914
522807112
522807112
313732168
479689399
37259597
325648700
564795301
586596853
443323924
491683120
568225103
533314081
518323993
589756629
518273787
323885450
576348013
324409370
552038839
501187852
58683681
435047797
588040861
587987847
580376273
563619032
581338613
576775790
313685552
374512986
579336229
446134790
317211542
585637268
588239544
401450751
50292575
66657970
460487304
557053828
448640443
559212496
563619032
590784480
488341641
531064914
572257149
571841331
357678200
546432086
571835071
346260925
493240244
65569281
309955624
374652595
330241158
344795641
590170955
601544859
58683681
592211195
576886277
280434701
58683681
287243349
586758466
312979547
520059486
58683681
591404844
582468555
27576688
