335717574
23694759
335717574
20722223
38300204
38335108
335717574
368826046
368356830
337220009
38335108
32044961
20812015
49628428
292290246
30145281
38335108
49237625
34611488
386614378
57537770
326716741
22437266
57532048
38335108
337220009
57532048
292290246
296121011
57532048
335717574
38300204
337220009
410413388
407212804
38300204
32044961
22437266
352624476
592166977
38335108
315911051
352624476
342923125
22436320
23896915
335717574
48228427
38335108
580170406
549918803
57532048
38335108
27244352
38335108
22436320
38335108
337220009
57532048
23694759
324670685
292290246
22437266
38335108
316548332
22437266
335717574
580170406
38335108
32044961
316548332
352624476
337220009
23896915
337220009
28679215
38335108
590826610
352624476
22199189
23404014
22436320
354960107
316548332
22436320
22437266
337220009
38335108
20364185
22436320
57532048
421253031
571347728
22436320
335717574
20721233
30145281
335717574
22214267
307318233
22437266
20379007
335717574
57464534
30145281
38300204
22436320
22437266
32044961
31797031
58430865
22436320
307318233
20816397
326716741
366468417
358167945
335717574
20840262
57464534
57532048
279626788
32044961
38300204
57532048
41269357
22214267
363524992
38300204
20364185
38300204
337220009
396436404
58430865
580170406
38335108
549918803
38335108
23603959
327900999
