28195787
48956213
264511481
586672177
28195787
269849793
339765537
582768958
28195787
306055292
298627001
28195787
28195787
586156376
298627001
28195787
522350052
522350052
28195787
589442936
548054926
579085215
586672177
298627001
344792066
586316562
49564755
580052999
63532867
28195787
589911449
264511481
580078998
28195787
20825185
26349766
522350052
28195787
518682828
577020766
522350052
55227172
566653274
522350052
575428986
280444444
298113704
522350052
579085215
589732819
522350052
381003581
28195787
394000326
590729775
381003581
589442936
28195787
589442936
28195787
28195787
578729829
576198116
589911449
394000326
576198116
575309287
28195787
28195787
580052999
500641897
579085215
264511481
588958598
522350052
532192504
588958598
579085215
560469522
500641897
55227172
20825185
20774267
57187826
586156376
55227172
522350052
349903994
28195787
55227172
48956213
520717384
268721694
28195787
48956213
608568913
570766886
339765537
28195787
297006790
28195787
28195787
298627001
55227172
49564755
28195787
518682828
522350052
55227172
280444444
381003581
394000326
55227172
28195787
28195787
522350052
566653274
55227172
28195787
55227172
57187826
