587101321
587502682
587101321
582780933
587101321
587101321
587502682
582780933
587101321
587101321
582773909
583387497
587101321
588027421
589361595
587101321
582780933
582780933
582773909
527250850
437960299
437960299
527250850
437960299
527250850
433328711
437960299
527250850
437960299
437960299
413212024
437960299
386400008
413212024
437960299
387478810
387501340
387354992
397884268
387478810
387354992
389187700
387501340
397884268
387478810
387501340
397884268
387478810
387354992
386400008
389187700
397884268
386400008
397884268
387478810
387501340
386400008
387354992
397884268
387478810
390423842
387501340
387354992
397884268
387478810
387354992
397884268
387478810
386400008
387501340
390423842
397884268
387478810
387354992
385813177
397884268
387478810
389187700
387501340
387354992
385813177
387478810
386400008
387501340
387354992
385813177
387478810
386400008
387501340
387354992
397884268
387478810
386400008
387354992
397884268
387478810
387501340
387354992
385813177
387478810
389187700
387501340
387354992
390423842
387478810
389187700
385813177
387354992
387478810
387354992
386400008
387478810
385813177
387354992
386400008
387478810
385813177
387478810
387478810
387501340
587101321
587101321
587101321
587101321
527250850
437960299
437960299
433328711
437960299
437960299
387501340
387478810
387354992
387501340
387478810
386400008
387354992
387478810
387354992
386400008
387478810
387501340
387478810
387478810
387478810
