590620903
303977965
19852731
590620903
303977965
19682017
590620903
19629920
590620903
43604986
590620903
266219839
19852731
303977965
590620903
590620903
590620903
20191991
590620903
379772725
590620903
19852731
590620903
379772725
20539488
303977965
20901048
19852731
590620903
20787392
379772725
590620903
19852731
20539488
19852731
590620903
31787038
19814048
590620903
20902121
303977965
590620903
19555678
19852731
590620903
379772725
47030166
590620903
266219839
590620903
266219839
590620903
303977965
590620903
303977965
19888631
590620903
303977965
303977965
590620903
31693540
590620903
294945576
303977965
590620903
590620903
590620903
559387966
590620903
303977965
590620903
590620903
37304919
303977965
590620903
303977965
19885759
590620903
559387966
303977965
365779112
590620903
19852731
590620903
303977965
590620903
303977965
590620903
379772725
19852731
20902121
590620903
19563168
303977965
590620903
365779112
590620903
590620903
590620903
590620903
19557957
19852731
28770408
590620903
20902121
19885759
19852731
20539488
19769811
303977965
20539488
303977965
303977965
31787038
303977965
20902121
19580033
19563168
19578922
20413614
21608329
19852731
20902121
