291653745
41380829
296913734
21391952
545705972
37630698
291653745
544522691
545705972
495679015
291653745
545705972
544522691
544522691
360338798
38281214
544522691
524199323
443262514
544522691
495679015
544522691
524199323
495679015
46859722
47595454
67377706
544522691
548056480
524199323
524199323
503544059
527926677
495679015
544522691
524199323
564305700
544522691
360338798
524199323
37630698
490393483
360338798
499693640
545705972
529266568
524199323
37630698
524199323
49342736
360338798
21391952
360338798
21391952
538959309
