542850609
304856624
542850609
22807580
21172353
304856624
22807580
304856624
542850609
566184881
309995534
304856624
542850609
583740214
304856624
542850609
275986559
22807580
304856624
583054126
309995534
53941341
304856624
21064470
304856624
400663747
569406841
304856624
585711321
559877243
309995534
304856624
574272042
304856624
309995534
542850609
304856624
585711321
542850609
304856624
304856624
304856624
542850609
304856624
372771083
583740214
542850609
277951955
304856624
585711321
542850609
583740214
304856624
304856624
542850609
304856624
585711321
542850609
304856624
585711321
588455335
304856624
585711321
304856624
310160325
542850609
542850609
47799951
304856624
538006223
588455335
585711321
304856624
585711321
285423265
304856624
309995534
49810814
304856624
542850609
304856624
585711321
542850609
44457202
585711321
572121081
585711321
583221725
585711321
542850609
583740214
542850609
583740214
31469958
23348329
583740214
495530830
542850609
542850609
