29597104
588205714
59891115
29597104
588205714
29597104
588205714
29597104
588205714
589420479
584312373
29597104
589420479
356683721
29597104
588205714
552454466
29597104
588205714
29597104
588205714
29597104
588205714
589420479
588205714
29597104
552454466
588205714
29597104
588205714
588205714
588205714
588205714
588205714
588205714
588205714
588205714
387952428
29597104
588205714
588205714
588205714
283391730
588205714
29597104
588205714
588205714
588205714
588205714
588205714
588205714
588205714
588205714
588205714
588205714
588205714
588205714
588205714
588205714
588205714
588205714
588205714
387952428
588205714
475536722
588205714
588205714
588205714
29597104
588205714
29597104
588205714
356683721
23660698
29597104
588205714
29597104
588205714
29597104
588205714
29597104
588205714
29597104
588205714
29597104
588205714
29597104
588205714
387952428
588205714
588205714
29597104
490102072
588205714
29597104
589420479
588205714
29597104
588205714
588205714
29597104
588205714
588205714
589420479
588205714
490102072
588205714
588205714
358906172
59891115
29597104
589420479
588205714
387952428
40633734
29597104
27380548
589420479
588205714
495802698
29597104
588205714
23660698
29597104
552454466
588205714
387952428
588205714
29597104
588205714
29597104
588205714
59891115
29597104
588205714
490102072
29597104
588205714
588205714
588205714
588205714
588205714
495802698
588205714
55254467
588205714
588205714
