377966238
22982460
28581399
436601079
509277375
417834024
397963653
28581399
377966238
413776815
28581399
399203517
28581399
35999297
406644031
580923113
460245141
28581399
23736184
308829665
312053062
28581399
22982460
480649281
460245141
28581399
357486069
430167644
413776815
28581399
334594386
460245141
24379452
359631748
28581399
297973685
487519760
28581399
322725801
434940960
46100637
28581399
377966238
517499886
28581399
334594386
486376339
57806576
28581399
312053062
494388296
288687664
37830446
23736184
26597391
28581399
288687664
346708386
509277375
28581399
440975547
28581399
62909307
37830446
28581399
357486069
509277375
23736184
28581399
590679149
383196430
28581399
521696905
440254524
22982460
430167644
28581399
22982460
312053062
503276667
450098773
359631748
442178392
297973685
355129883
460245141
23736184
303450675
28581399
460245141
334594386
28581399
553561841
28581399
37830446
23736184
28581399
486376339
28581399
445865951
28536749
26597391
587214525
359631748
26597391
22982460
389058090
349875599
319613064
297973685
499039646
349875599
377508972
28581399
499039646
531403335
22982460
449390284
22982460
565613093
524726124
349875599
388782951
37830446
377966238
297973685
610933541
359631748
36180403
22982460
589755070
355129883
457723807
28581399
436601079
417834024
23736184
46100637
28581399
521696905
427649657
377966238
26597391
28536749
440081795
28581399
440975547
56613655
377966238
298712584
56613655
28581399
46100637
460245141
308829665
430167644
28389511
334594386
297973685
372061132
486379210
323556040
494148895
411067820
342148063
28581399
460245141
412430774
441920046
440081795
28581399
509277375
359631748
28581399
521696905
377966238
454415855
460245141
388481319
22982460
396396419
360731630
375811481
22982460
58709604
28581399
359631748
331081518
482986568
46100637
37830446
351044781
297973685
288660025
22982460
361322874
365837169
378296713
303450675
497427178
359631748
500388455
22982460
24379452
288852072
533211023
417834024
297973685
389535489
306031461
412430774
359631748
22982460
300535809
412430774
297973685
531403335
297973685
37830446
321062062
297973685
565613093
22982460
359631748
412430774
361322874
297973685
288852072
359631748
364572230
403421226
312053062
28581399
334321986
357468156
509277375
406644031
323404564
28536749
323358967
427649657
28581399
375811481
28581399
440254524
37830446
430167644
334594386
427649657
24379452
370838703
554800271
509277375
436601079
521696905
328414303
31579874
28581399
334321986
41771557
411067820
270389238
46100637
488858418
37289396
334594386
425537980
46100637
509277375
471945880
62173488
375811481
426788023
50702274
28581399
378296713
300535809
452261203
430318682
293970470
397963653
509277375
300535809
296418033
357563772
436601079
297973685
384456755
412430774
415636792
384456755
364572230
291347374
28581399
509277375
286236550
442266279
435482023
376616132
364572230
46100637
470115944
357486069
369089436
312758391
308220710
430167644
486376339
437319217
337419702
297973685
436601079
412725326
287836938
521696905
339295264
300535809
371245038
448103491
440975547
322725801
412430774
46100637
383251970
412430774
337419702
406644031
334594386
554550804
300535809
37830446
57323954
318487645
372061132
456176688
361322874
487093028
412430774
267261589
28581399
46100637
412430774
396909409
359631748
396593195
498980497
427649657
297973685
349875599
303450675
377966238
297973685
300628340
500388455
334594386
429855831
392210382
422033853
438300658
312053062
297973685
291347374
468671955
28581399
377966238
316008355
303450675
23736184
372061132
378296713
360731630
297973685
383981451
428417858
22982460
412430774
359631748
289710553
486376339
493385643
23736184
22982460
388782951
412991209
413776815
361322874
22982460
36180403
486376339
440254524
377966238
28581399
488858418
346708386
26597391
297001652
458307345
436601079
509277375
265239315
297001652
486376339
319613064
308829665
312053062
521696905
430167644
286048606
24379452
440764532
296322373
448050450
63291603
383251970
325705919
355660715
445865951
517499886
41771557
334594386
430167644
37830446
308829665
377508972
270389238
62173488
445865951
487017965
351564677
297973685
312758391
447924339
286236550
296322373
529236831
447924339
286236550
24379452
433244869
322735707
342148063
49267003
357563772
323556040
328785008
384456755
325705919
23736184
383251970
320553692
265239315
319613064
22982460
371245038
389192435
440254524
519423599
428417858
440081795
318487645
28581399
487211548
430947692
298712584
434940960
424178369
425641867
443319398
433109647
267261589
23736184
353334915
357956471
362082511
22982460
297973685
412725326
322877641
37830446
430704192
389535489
56613655
412430774
289710553
303450675
297973685
327754796
377966238
353334915
386562026
296418033
403156724
300535809
315275522
346215664
372061132
389613997
364572230
46100637
23736184
413776815
326512503
458307345
272193716
267261589
22982460
314368990
319766971
372061132
454588171
26597391
297973685
436870014
335665842
355129883
297973685
38318754
361529468
297973685
319613064
411067820
436601079
499039646
387295999
310966681
351870323
364572230
294666478
440254524
428417858
37830446
440254524
361322874
355129883
297973685
451009850
37830446
38318754
297973685
322330443
22982460
440975547
436601079
297973685
388782951
297973685
24379452
377966238
509277375
500388455
297973685
565613093
412430774
422033853
487017965
22982460
377966238
24379452
359631748
413776815
358577741
412430774
427467447
447924339
308829665
430428550
317802930
488858418
482986568
308829665
303450675
406644031
28536749
35999297
322725801
359631748
445865951
488858418
60089817
56613655
348122251
488858418
457255873
56613655
369089436
31579874
56613655
270389238
315491668
286236550
308829665
336083266
335665842
365837169
427034415
28536749
440975547
298333591
297973685
23736184
412430774
394043357
440254524
439289396
23736184
328414303
352916894
68127926
303450675
359631748
427649657
451907627
425641867
359631748
446080912
440081795
355257680
482986568
521696905
413776815
337419702
297405452
364572230
462706154
