506196400
53473526
506196400
35733143
22408740
506196400
472250130
284693852
25112696
544237692
54470611
472250130
65241639
21663315
65241639
506196400
563965612
350311078
506196400
55490294
547025457
402608576
21663315
22117217
376447683
564386491
564303800
585760948
265526148
23444786
22408740
506196400
567627132
407346211
576860142
264329000
21663315
57869809
582558067
585760948
585760948
376447683
506196400
21663315
567627132
564073705
567627132
265526148
582558067
585760948
407346211
406167329
447768243
493246039
585760948
564073705
585760948
513241194
585760948
57869809
63075228
564386491
585760948
523969902
471111718
23444786
348088332
278507948
