27907526
46609142
484285675
46670619
527490523
495051030
58986213
382777232
275821876
27907526
35477659
367450798
382777232
59275247
428059771
277878078
65001270
271695154
46609142
533473243
545480734
265953038
520585535
263412288
528721726
484285675
502283542
395104706
524381623
52505315
520068529
30773443
545480734
527490523
277878078
525746499
520068529
524381623
265953038
59275247
27907526
525746499
516957186
495051030
525746499
516957186
493123968
27907526
527490523
52841255
527273627
282540252
484285675
282540252
525746499
484285675
