431041374
306790446
367356390
524168871
348889954
431041374
367356390
30573831
431041374
546386565
558372470
30573831
456185698
485067673
546386565
431041374
30573831
558372470
535596283
350181618
348889954
30573831
30573831
431041374
30573831
306790446
30573831
431041374
306790446
30573831
306790446
30573831
306790446
30573831
563047137
306790446
30573831
350181618
456185698
30573831
585262127
30573831
548467035
563163335
30573831
563163335
456185698
30573831
563356736
350181618
566426232
524168871
456185698
485067673
347927188
563163335
348889954
485067673
456185698
30573831
485067673
563163335
432242066
431041374
485067673
585262127
