394711791
418250042
385747325
480807925
418250042
479864231
361446563
408170066
385747325
449000188
418250042
284693312
334495879
466640754
454347721
387495914
448028137
418250042
422033066
416915355
362290498
479864231
387495914
421158747
44354331
416915355
428703352
407690698
438782231
416551921
394711791
482145107
424066076
362290498
447837115
418250042
424066076
457256444
416915355
393435774
443940957
387495914
427092530
407690698
402760620
456460388
394924044
428703352
53944518
407690698
408170066
428703352
38876556
416709540
407690698
408170066
394711791
407747696
387495914
416915355
407747696
294576217
441519234
447837115
482830562
416915355
358515186
428703352
448269541
419716390
416915355
447837115
418250042
422033066
447837115
389778691
407690698
419716390
407747696
380534305
416915355
407690698
418250042
447837115
416915355
358515186
485211488
387188480
407747696
407690698
385747325
394924044
428703352
447837115
466640754
481917722
416915355
422033066
447837115
419716390
291448467
416915355
394711791
419716390
447837115
399221113
416915355
428703352
422033066
379334805
407690698
422033066
362290498
416915355
394924044
416915355
394924044
419716390
416915355
394924044
422033066
416915355
365240122
422033066
416915355
425207105
284693312
430103183
394711791
390257667
485211488
422033066
394924044
390257667
407690698
422033066
416915355
394924044
385747325
387188480
422033066
416915355
394924044
423082365
416915355
394924044
485211488
416915355
394924044
479849762
26954572
416915355
394924044
358515186
479849762
416915355
394924044
416915355
394924044
470549982
406258469
394924044
53944518
488442806
485211488
294576217
480807925
479864231
38876556
418250042
284693312
387495914
448028137
479864231
394711791
482145107
325172890
443940957
304350457
428703352
396816526
407690698
394711791
407747696
478826452
387495914
385747325
407747696
416915355
428703352
434417033
394711791
388921199
416915355
418250042
448028137
418250042
563737898
455631549
407690698
416915355
446302574
423082365
501909904
418250042
394924044
416915355
385747325
376533879
470549982
41284586
309527450
442960282
458946064
394924044
38876556
420662703
