22479004
24356471
314534244
485980630
453615961
443686622
38596976
485980630
422856446
290325444
512511269
38596976
422856446
351300862
35245485
38596976
290325444
483201630
38023531
517813734
24356471
351300862
51235774
290325444
381801916
315841963
422856446
520156228
21381800
483201630
24356471
351300862
521658193
590711104
24356471
290325444
35245485
504781179
66009068
24356471
66849442
385510698
351300862
35245485
24356471
485980630
24356471
542482423
278672192
485980630
24356471
504781179
485980630
24356471
351300862
290325444
24356471
35245485
575919567
321966301
385510698
24356471
545622758
22479004
485980630
351300862
24356471
290325444
590711104
24356471
265732216
512149854
24356471
371527731
24356471
566708751
351300862
512511269
24356471
485980630
508210155
271858865
24356471
440183627
351300862
422856446
24356471
485980630
34657379
485980630
351300862
24356471
485980630
24356471
562318075
269173491
485980630
267184401
24356471
403393265
485980630
485980630
321250568
485980630
335876719
485980630
54985559
485980630
38596976
485980630
485980630
351300862
22479004
422856446
590711104
542482423
314534244
56907978
21381800
314534244
26684069
485980630
38596976
374427851
21381800
458933725
276612372
24356471
441987762
22479004
24356471
22479004
24356471
485980630
57863098
427028048
299027285
21381800
22479004
351300862
453531986
57659882
484766327
399369820
22479004
517727912
512511269
392422623
351300862
362136728
23756535
48500693
542482423
362136728
21381800
24356471
419920866
321250568
351300862
268677140
56907978
374427851
486032519
485980630
440544858
362136728
335938615
379836520
381801916
290325444
24356471
542482423
485980630
422856446
362136728
21381800
304295804
422856446
400307502
351300862
301747499
485980630
351300862
314534244
369457494
441987762
492593205
485980630
485980630
269173491
351300862
64599017
485980630
542482423
22479004
452530533
485980630
24356471
34657379
458933725
290325444
21381800
268374744
24356471
483201630
21381800
290325444
24356471
31739005
344731871
429346942
278672192
290325444
485980630
485980630
321966301
24356471
35245485
24356471
542482423
351300862
371527731
21381800
290325444
24356471
290325444
24356471
41123104
54985559
63055321
422603548
422856446
485980630
351300862
63924815
22479004
374427851
35245485
38596976
22479004
512511269
24356471
23756535
362136728
432034125
39235201
275367590
263823570
37398243
290325444
445454764
270614721
358479010
542482423
504781179
392422623
351300862
491617283
22479004
290325444
24356471
265732216
47103696
485980630
55509194
271550983
448628373
321186670
485980630
265732216
351300862
23998595
356300180
38596976
542482423
290325444
24356471
23756535
323149192
485980630
314534244
24356471
438698419
41123104
351300862
485980630
38596976
22479004
485980630
263823570
485980630
485980630
443293084
37398243
21381800
24356471
38023531
52211146
290325444
316217902
21381800
443686622
38023531
43448453
21381800
24356471
443686622
304713626
31739005
21381800
34657379
22479004
48500693
21381800
458933725
443686622
24356471
21381800
68645962
57863098
24356471
57659882
35245485
66849442
24356471
351300862
430303354
66009068
378840256
385510698
422856446
485980630
21381800
46739340
438698419
54985559
420140067
443686622
23756535
321250568
351300862
31739005
378840256
21381800
54985559
268467142
21381800
66849442
28118016
443686622
387003172
497960393
66849442
24601053
351300862
346603023
358479010
351300862
485980630
311611658
