353209545
352923103
352244668
506055059
353209545
352923103
491955840
506055059
353209545
299203094
412363544
491955840
352237798
353209545
506055059
352159926
353209545
299203094
353061821
506055059
412363544
353209545
299203094
506055059
491955840
353061821
350707555
506055059
299203094
352923103
350707555
353209545
352923103
491955840
299203094
352923103
506055059
299203094
352923103
506055059
491955840
353209545
299203094
299203094
491955840
299203094
299203094
299203094
352923103
491955840
353209545
491955840
299203094
350707555
491955840
506055059
491955840
299203094
491955840
490296043
491955840
352923103
299203094
299203094
491955840
299203094
299203094
299203094
491955840
299203094
299203094
299203094
491955840
299203094
299203094
299203094
299203094
491955840
299203094
299203094
299203094
491955840
299203094
299203094
299203094
491955840
299203094
299203094
299203094
491955840
299203094
299203094
299203094
491955840
491955840
491955840
491955840
