435373308
21282725
23678551
62353762
34368450
302999661
23678551
34368450
507843885
495421329
23678551
523770692
507843885
495421329
23678551
62353762
495421329
507843885
495421329
507843885
451491251
34368450
507843885
495421329
454377184
507843885
302999661
495421329
34368450
302999661
507843885
495421329
68615764
23678551
302999661
507843885
495421329
28072343
302999661
495421329
484965322
545981642
495421329
21967008
507843885
495421329
397195817
495421329
302999661
484965322
495421329
302999661
23678551
495421329
397195817
495421329
507843885
61006495
495421329
276440381
495421329
507843885
23678551
397195817
507843885
51469687
495421329
586291495
495421329
507843885
374031599
34368450
454377184
23678551
302896149
61006495
302999661
397195817
495421329
302999661
507843885
47307031
476744331
68615764
23778004
