68203611
483834681
577479327
469699053
22655079
577479327
23060279
20120870
38017084
484332230
45320436
349614810
60998593
23102073
484332230
518636519
25654530
52220343
420529333
23102073
62125338
25511162
60825419
591354309
483834681
582355563
23060279
52220343
518636519
483834681
23102073
333103575
577479327
577479327
20078386
60825419
577479327
35615965
68758941
369202107
23102073
591759376
23102073
60270325
23102073
60270325
609362314
358774441
29532064
60825419
24842469
23102073
484332230
484332230
346621113
589792158
492360218
577479327
60825419
31252017
31252017
539414238
31252017
60825419
60270325
23102073
60825419
24842469
591354309
60825419
574031305
52220343
570549528
68758941
589792158
60825419
60825419
20902369
60825419
484332230
484332230
60825419
577479327
60825419
349614810
60825419
484332230
68758941
60825419
484332230
394342208
60825419
484332230
305767144
30594216
422905936
305767144
484332230
31252017
21486077
23060279
45320436
577479327
305767144
391026272
330102217
60825419
450857434
22391772
484332230
31252017
353525653
23102073
493796007
60998593
35178357
