29546605
26425951
475963744
449074310
39599668
449074310
449074310
26696504
26889454
449074310
449074310
368435284
271688426
449074310
369485050
374110647
335693890
335589772
335599927
359203887
374110647
335693890
38590372
359203887
335818475
335693890
323853852
303613469
29546605
323853852
26710587
299249092
31916220
26710587
299249092
26736030
276590944
28524260
27953743
271688426
30543537
36552940
28169880
26964406
26705363
27710261
27749852
29250950
27002262
26964406
26425951
29250950
26688357
26964406
26703462
29250950
26710587
26425951
26964406
26688357
26698833
26685736
26425951
26779781
26698833
26685736
26425951
26698833
