36423304
426621021
20517093
28452384
38245988
20786722
528585588
425559780
584723369
22139744
20231188
307586368
52685561
26189839
26985484
488831267
24236609
20132861
20530651
35134500
269624783
426621021
25103677
25006716
22245546
22139744
426621021
25103677
20530651
20132861
36423304
26189839
22519542
24279604
24725081
23587165
310557400
49168981
277298374
50725358
38949229
528329939
559223214
20132861
50725358
20530651
23706740
36423304
576143888
426621021
266754859
22178868
25625399
23706740
20107180
577187952
25103677
367906664
488831267
371163597
39227959
577187952
266754859
25103677
60921684
425559780
577187952
528329939
24236609
51401753
22288725
576143888
377710943
488831267
52685561
266754859
425559780
429078984
488831267
52685561
320428497
50964494
52685561
38949229
39227959
52685561
429078984
377710943
577187952
39227959
52685561
26189839
38926109
52685561
25103677
528329939
22213812
381515636
52685561
589638000
57302994
60921684
266754859
22139744
21910327
38642399
50725358
307350716
22519542
408816792
60921684
51401753
307350716
566708751
365240822
266754859
26985484
51401753
29459904
60921684
577187952
408816792
50725358
577187952
22139744
52685561
22139744
488831267
60921684
488831267
408816792
488831267
57302994
577187952
384741472
38926109
488831267
610942739
408816792
38245988
586196300
408816792
591910673
488831267
365240822
22178868
21910327
310557400
408816792
52685561
310557400
22396644
554390998
52685561
399760758
27749627
60921684
408816792
586196300
40238038
30503751
20107180
22245546
393903103
488831267
22245546
408816792
22708376
38949229
584723369
23002433
377710943
559223214
60921684
349218568
377710943
22863168
28452384
577187952
19647344
307350716
389372666
25103677
26045527
429078984
36423304
576279236
377710943
584723369
30857110
36423304
48973822
27749627
47368985
307350716
502769327
22090848
52685561
426621021
49168981
411803825
23368457
52685561
38926109
365240822
23577537
23565465
24178285
584723369
329660892
22377019
408816792
396191048
25045529
371163597
302389535
577187952
20107180
25045529
429078984
305053098
29459904
426621021
39227959
45573040
304295804
368874550
23352653
577187952
22814199
51401753
20530651
429078984
444877780
51401753
472785744
20132861
20530651
528329939
33447210
370154751
22997684
591907988
424340508
268251160
488831267
20761228
377710943
488831267
310936789
408816792
22178868
408816792
55561381
408816792
58778096
47368985
25045529
24103874
60921684
488831267
408816792
49168981
60921684
488831267
22139744
488831267
559223214
365240822
488831267
408816792
22396644
429078984
525087346
408816792
36423304
25910661
317902496
25103677
286443425
24456294
21053242
25006716
59826070
20530651
36423304
20107180
37585987
25269378
26045527
22936351
25910661
60921684
26045527
54906389
41342945
406136531
43498509
349305330
20107180
310936789
47712802
23337339
57302994
266754859
401018529
45528078
23032330
26985484
22814199
23368457
29459904
310557400
502216349
382841481
21861729
29287822
266754859
23148078
23352653
397153582
365240822
270996103
22396644
36423304
426621021
365240822
307350716
24103874
429078984
528732909
488831267
51401753
22213812
29287822
472785744
333526114
64358016
23577537
25625399
36423304
266754859
39796965
36423304
26985484
365240822
577187952
396205032
30503751
559752946
374257318
52685561
23685870
378160733
20391203
23062174
24210330
52685561
302389535
310668712
545993091
408816792
40829141
426621021
352318129
38949229
22396644
382459433
367344842
310936789
577187952
371777996
365240822
60921684
488831267
49677813
372296000
38642399
365240822
371968581
385783851
57302994
302389535
24456294
284192528
40238038
429078984
20516614
310668712
26045527
429078984
67012636
458895521
280825100
371968581
528329939
429078984
51401753
408816792
411803825
52685561
371163597
51401753
489103597
488831267
51401753
401202780
39227959
23032330
408816792
51401753
408816792
60921684
373463097
310557400
488831267
502931347
408816792
429078984
488831267
377710943
22396644
24236609
22288725
554390998
36423304
268251160
26985484
22245546
307350716
20107180
429078984
22519542
577187952
20107180
307350716
577187952
36423304
426621021
307290535
266754859
22396644
371163597
405302097
577187952
333636281
46317430
50725358
52685561
307290535
21661288
59826070
577187952
21910327
488831267
60921684
426621021
266754859
52685561
559223214
268025570
554390998
29287822
52685561
60921684
26985484
577187952
470998417
265865088
22479004
308472139
38926109
554390998
36423304
60921684
39227959
29287822
30207505
60921684
40238038
39227959
26985484
60921684
19694368
426621021
51401753
20391203
23758233
22139744
40238038
20699264
24946899
488831267
488831267
554390998
40238038
60921684
20517093
60921684
378228422
591641781
20517093
592160866
365240822
37579917
23742463
23810641
307350716
554390998
47368985
24284073
20612605
24456294
39923057
468424446
49168981
554390998
354255445
22479004
27033382
38619887
50964494
365240822
39227959
335219990
38949229
25910661
22396644
30503751
42082320
25103677
577187952
47368985
23148078
449828606
411803825
29287822
307290535
20107180
39535514
392608496
21872918
25103677
20132861
38926109
275799218
20612605
408816792
549474812
268251160
25006716
307350716
51074978
22377019
23148078
19716157
23368457
22013885
23352653
349305330
23587165
52685561
