365412962
509097153
525407344
369191803
545331221
442884921
525407344
22743118
476919578
525407344
22743118
312373767
360528429
525407344
365412962
509097153
67008546
476919578
525407344
545331221
67008546
476919578
355020260
545331221
525407344
442884921
399510893
506771161
525407344
365412962
509097153
399510893
525407344
365412962
525407344
355020260
525407344
401329624
525407344
340716781
351198899
525407344
67008546
375091973
525407344
581984463
328632628
365412962
561274597
442884921
346159051
442638152
591616960
402255215
525407344
476919578
525407344
355020260
525407344
525407344
375091973
22743118
525407344
347480439
328632628
22743118
561274597
591322618
545331221
264912451
399510893
365440868
22743118
365412962
509097153
67008546
22743118
476919578
403091571
360528429
545331221
525407344
476919578
67008546
347480439
402255215
365412962
476919578
399510893
476919578
346368967
525407344
403767303
67008546
399510893
398692171
324276535
382918037
525407344
346231222
392665900
351198899
525407344
369153658
275602653
476919578
22743118
525407344
365412962
476919578
394805265
365412962
366938629
476919578
351198899
525407344
270569738
545331221
361597447
426668731
365412962
394805265
379072344
382918037
525407344
561274597
353756148
371013305
352850177
347480439
414493204
545331221
419072686
399510893
321064754
525407344
402255215
392665900
318156861
379072344
270569738
348976164
22743118
392665900
270569738
348713697
22743118
26493960
321064754
403767303
346453500
372841103
321064754
398964714
525407344
353756148
400466115
506771161
345567254
590692277
347480439
351198899
365412962
22743118
525407344
516723747
