505550196
394672937
506581364
505550196
394672937
382818301
382031323
371634151
355759476
394672937
322434980
382031323
380554626
382817649
394672937
376585960
382031323
380554626
356580083
394672937
355759476
382031323
340808068
394672937
355759476
382031323
340792226
332323992
355759476
339792368
332880008
322434980
332323992
355759476
340792226
332947954
332880008
339792368
355759476
340792226
329622474
339792368
355759476
340792226
311433345
355759476
340792226
355759476
340792226
355759476
