356558754
495073469
50817369
374046326
421311347
333141665
41542964
415717316
54904088
41542964
506295802
374046326
398108728
449513000
465439384
404806724
41542964
470163474
422043678
374046326
468173490
41542964
374046326
480893007
54904088
41542964
404806724
432195453
41542964
480893007
54904088
468173490
41542964
509218861
607165623
41542964
413010906
425580344
41542964
404806724
50817369
41542964
425580344
50817369
41542964
302756072
41542964
480893007
468173490
374046326
41542964
415717316
559644881
