22941296
543789039
580809490
27883345
28457881
565585694
565585694
22941296
28244255
539254670
28457881
539254670
554664038
598216372
565585694
543789039
508729959
22941296
598216372
491881952
22941296
31516696
598216372
530354608
554664038
515534316
543789039
554664038
598216372
543789039
530354608
598216372
31516696
543789039
539254670
543789039
554664038
554664038
554664038
539254670
554664038
543789039
530354608
554664038
22941296
530354608
554664038
515534316
543789039
554664038
554664038
482034857
554664038
554664038
27883345
28244255
31516696
28457881
554664038
22941296
31516696
28457881
554664038
22941296
554664038
31516696
554664038
554664038
22941296
554664038
