361601330
22088907
530344901
361601330
22088907
382684736
361601330
22088907
530344901
361601330
22088907
443397070
361601330
22088907
528920659
361601330
22088907
20121746
361601330
22088907
443397070
361601330
22088907
443397070
361601330
22088907
361601330
22088907
361601330
22088907
22088907
443397070
361601330
22088907
545355653
361601330
22088907
517292618
345569187
361601330
22088907
361601330
22088907
22088907
361601330
22088907
382684736
22088907
22088907
22088907
22088907
22088907
22088907
22088907
22088907
22088907
22088907
