409033903
22828158
304888473
505734798
38590536
322549887
357892968
409033903
322549887
26629808
570130134
323096035
311163502
38590536
54311176
311163502
370593690
322549887
29722844
432979170
38590536
54311176
432979170
38590536
22828158
570603056
29722844
38590536
357892968
22828158
445178172
326220393
38590536
366360228
322549887
66696631
500905201
38590536
323096035
574492163
500905201
529679956
322549887
305617174
574492163
322549887
409033903
421944772
304888473
581241846
322549887
267870273
26629808
304888473
322549887
38590536
409033903
432575045
304888473
421944772
409033903
26629808
61614525
421944772
375543730
26629808
54311176
304888473
322549887
409033903
567397452
562027777
323096035
322549887
296720920
421944772
304888473
432979170
297019495
304888473
432979170
61614525
432979170
421944772
574492163
336916746
392622385
570127834
570603056
304888473
29722844
54311176
567450073
322549887
529029561
269279143
409033903
322549887
384165347
380231525
421944772
570127834
426272409
574492163
441349642
415845989
567450073
500905201
574492163
308415274
367874854
54311176
583316989
574492163
574492163
310056878
26629808
415845989
556408809
28724597
409033903
22828158
409033903
29810295
323096035
311163502
38590536
54311176
283883962
52664952
38590536
296720920
21078187
574492163
52664952
38590536
322549887
409033903
38590536
304888473
26629808
409033903
54311176
304888473
322549887
304888473
304259524
304888473
56782822
308135679
304888473
