20791265
41457991
21043780
34265870
41457991
21043780
22529287
20183516
20263091
19929256
441285580
21043780
369326320
23457135
21043780
64850539
369753231
19582934
20889791
20183516
24327190
35972112
21043780
27167203
348283645
21043780
20310462
41457991
23457135
38958876
403295419
21043780
23809624
360355020
347911696
34472486
408295776
23457135
24327190
356150961
453856942
21043780
346097012
347911696
19929256
590964294
21043780
320479194
378720422
21043780
27723471
523334906
21043780
19582934
327056992
353523763
20291266
331423974
26196018
19929256
357309596
327056992
19929256
21043780
64850539
362617577
23016426
21043780
20791265
19929256
20291266
20791265
29876671
23457135
21043780
19929256
24327190
24327190
346453226
34265870
347911696
19929256
19761878
21043780
19929256
20291266
24327190
347911696
19761878
20291266
23457135
19929256
20291266
20291266
19929256
19929256
24327190
19929256
20291266
19842352
27723471
19929256
19929256
20291266
19929256
20791265
41457991
26196018
47083769
34265870
20894368
27167203
20310462
19761878
272199875
20070674
26196018
310461659
41457991
35972112
21043780
19761878
34472486
41457991
20791265
19582934
20310462
28580787
29876671
21043780
19582934
27723471
20291266
408295776
41457991
21043780
369326320
19929256
358529129
20592499
19582934
20291266
23381853
331423974
20791265
369326320
19929256
354144348
20791265
19582934
23457135
360296779
354144348
23457135
19842352
330520680
451375909
23457135
19761878
23457135
449742749
405885719
23457135
34472486
27723471
449742749
43915305
346174939
344634133
369326320
351896646
21043780
369326320
320479194
20486592
391370478
23809624
19929256
405885719
445544730
369326320
19929256
20329921
408295776
360355020
320108675
343586700
19929256
19929256
268170135
345365416
20291266
20791265
20291266
28499078
20291266
29876671
327056992
343750535
27723471
349433995
350149529
34472486
24327190
348283645
331423974
24327190
19582934
346453226
19929256
24327190
20329921
54933624
347475195
20291266
20291266
20310462
20115646
350107046
34856535
41219767
20291266
20291266
20291266
24327190
19761878
20291266
19761878
19929256
34472486
20027416
38759115
21043780
41457991
24204483
29210768
20791265
19761878
20894368
34265870
21043780
19761878
23457135
47083769
20263091
20894368
23457135
20791265
20542920
369326320
348746490
27723471
20542920
24993930
34848893
29876671
27167203
24666529
24945083
371734016
20791265
360355020
29210768
23809624
35972112
360355020
20070674
21043780
39706146
449742749
20291266
19929256
348909633
344344399
24327190
21043780
35972112
392454018
263861922
24327190
351925927
35972112
348283645
41457991
28499078
20791265
331423974
20791265
20183516
19761878
369326320
41457991
23016426
20791265
26196018
590964294
354144348
21043780
19929256
27337985
443658689
19582934
20791265
28976879
408295776
360355020
27397971
24327190
40589280
41457991
20291266
362617577
20183516
20070674
20329921
26196018
23457135
35972112
581082370
383544952
19929256
20291266
21043780
20291266
23457135
27723471
24327190
345451500
20291266
20291266
24327190
20291266
581082370
20291266
39706146
47083769
20291266
20291266
20291266
47083769
20291266
19929256
369326320
20291266
19929256
24327190
350995811
20291266
20263091
20894368
369326320
20291266
35972112
41457991
35972112
27167203
20894368
20310462
23809624
38778907
20291266
22529287
21043780
331423974
23457135
23016426
20291266
23809624
25106978
20291266
24204483
19929256
19929256
19929256
19929256
